# 79 
# SNANA-like file generated from user-provided data
# Zeropoint of the converted SNANA file: 27.5 mag
# -----------------------------------------------------------
# Data table created by: anonymous
# On date: 2023.06.14 (yyyy.mm.dd); 16.19 hrs (EDT).
# Script used: BayeSNmodel.io.write_snana_lcfile.py
# -----------------------------------------------------------
SNID: 79
MWEBV: 0
REDSHIFT_HELIO: 0.07780385724122392
REDSHIFT_CMB: 0.07780385724122392
REDSHIFT_CMB_ERR: 0.001
PEAKMJD: 0
FILTERS: g_PS1,i_PS1,r_PS1,z_PS1
# -----------------------------------------------------------
NOBS: 48
NVAR: 6
VARLIST: MJD FLT FLUXCAL FLUXCALERR MAG MAGERR
OBS: -8.62243085792979 g_PS1 1779.6254 81.9548 19.374178489874705 0.05
OBS: -4.311215428964895 g_PS1 3117.8398 143.5818 18.765365512796784 0.05
OBS: 0.0 g_PS1 3512.9728 161.7784 18.635813022130186 0.05
OBS: 4.311215428964895 g_PS1 2969.4482 136.7481 18.818310624046457 0.05
OBS: 8.62243085792979 g_PS1 2099.7157 96.6955 19.194598786719496 0.05
OBS: 12.933646286894685 g_PS1 1418.0037 65.3015 19.62080656667114 0.05
OBS: 17.24486171585958 g_PS1 862.048 39.6988 20.161171329419048 0.05
OBS: 21.556077144824478 g_PS1 486.7796 22.417 20.781669184595433 0.05
OBS: 25.86729257378937 g_PS1 368.2313 16.9577 21.084698278613974 0.05
OBS: 30.178508002754267 g_PS1 281.4665 12.962 21.376433065479272 0.05
OBS: 34.48972343171916 g_PS1 262.9106 12.1075 21.450479655654455 0.05
OBS: 38.800938860684056 g_PS1 208.1579 9.586 21.704017879925047 0.05
OBS: -8.62243085792979 r_PS1 1784.7764 82.192 19.371040481839074 0.05
OBS: -4.311215428964895 r_PS1 2918.2068 134.3884 18.837209825316158 0.05
OBS: 0.0 r_PS1 3218.9244 148.2369 18.730723065504407 0.05
OBS: 4.311215428964895 r_PS1 3432.608 158.0774 18.66093947804191 0.05
OBS: 8.62243085792979 r_PS1 3002.1309 138.2532 18.806425921784903 0.05
OBS: 12.933646286894685 r_PS1 2384.7591 109.8222 19.056388694185575 0.05
OBS: 17.24486171585958 r_PS1 1824.336 84.0138 19.34723795398049 0.05
OBS: 21.556077144824478 r_PS1 1283.178 59.0925 19.729282698146257 0.05
OBS: 25.86729257378937 r_PS1 1017.4445 46.8551 19.981223179525898 0.05
OBS: 30.178508002754267 r_PS1 688.3288 31.6987 20.405510075413797 0.05
OBS: 34.48972343171916 r_PS1 518.4294 23.8746 20.713275844685366 0.05
OBS: 38.800938860684056 r_PS1 473.8931 21.8236 20.810799084331745 0.05
OBS: -8.62243085792979 i_PS1 1451.9266 66.8637 19.59513837269139 0.05
OBS: -4.311215428964895 i_PS1 2485.9593 114.4827 19.0112649547969 0.05
OBS: 0.0 i_PS1 2902.8148 133.6796 18.842951690950184 0.05
OBS: 4.311215428964895 i_PS1 2196.3597 101.1461 19.145741341750373 0.05
OBS: 8.62243085792979 i_PS1 1634.9273 75.2912 19.466253892376866 0.05
OBS: 12.933646286894685 i_PS1 1502.1507 69.1766 19.558216262256256 0.05
OBS: 17.24486171585958 i_PS1 1603.92 73.8632 19.48704322868656 0.05
OBS: 21.556077144824478 i_PS1 1817.4491 83.6966 19.351344355680656 0.05
OBS: 25.86729257378937 i_PS1 1340.8369 61.7478 19.681560155706993 0.05
OBS: 30.178508002754267 i_PS1 776.153 35.7432 20.275131584355268 0.05
OBS: 34.48972343171916 i_PS1 584.7855 26.9304 20.58250842048965 0.05
OBS: 38.800938860684056 i_PS1 513.8992 23.6659 20.722805120891202 0.05
OBS: -8.62243085792979 z_PS1 943.1008 43.4314 20.06360472624297 0.05
OBS: -4.311215428964895 z_PS1 1704.8151 78.5096 19.420806764106473 0.05
OBS: 0.0 z_PS1 1757.9761 80.9578 19.38746757180533 0.05
OBS: 4.311215428964895 z_PS1 1420.9829 65.4387 19.61852783535336 0.05
OBS: 8.62243085792979 z_PS1 1033.056 47.574 19.964690318409485 0.05
OBS: 12.933646286894685 z_PS1 947.9358 43.6541 20.05805263498194 0.05
OBS: 17.24486171585958 z_PS1 1121.629 51.6529 19.875376926350086 0.05
OBS: 21.556077144824478 z_PS1 1310.0562 60.3303 19.7067752234316 0.05
OBS: 25.86729257378937 z_PS1 964.6799 44.4252 20.039041905530677 0.05
OBS: 30.178508002754267 z_PS1 720.0863 33.1612 20.35653859394668 0.05
OBS: 34.48972343171916 z_PS1 517.8581 23.8482 20.714473044248248 0.05
OBS: 38.800938860684056 z_PS1 430.7215 19.8355 20.91450858381579 0.05
END: