# 0 
# SNANA-like file generated from user-provided data
# Zeropoint of the converted SNANA file: 27.5 mag
# -----------------------------------------------------------
# Data table created by: anonymous
# On date: 2023.03.14 (yyyy.mm.dd); 20.49 hrs (GMT).
# Script used: BayeSNmodel.io.write_snana_lcfile.py
# -----------------------------------------------------------
SNID: 0
MWEBV: 0
REDSHIFT_HELIO: 0.0850555462571146
REDSHIFT_CMB: 0.0850555462571146
REDSHIFT_CMB_ERR: 0.001
PEAKMJD: 0
FILTERS: g_PS1,i_PS1,r_PS1,z_PS1
# -----------------------------------------------------------
NOBS: 48
NVAR: 6
VARLIST: MJD FLT FLUXCAL FLUXCALERR MAG MAGERR
OBS: -8.680444370056916 g_PS1 1366.4327 62.9266 19.661029350754543 0.05
OBS: -4.340222185028458 g_PS1 2243.3755 103.3113 19.122745068260944 0.05
OBS: 0.0 g_PS1 2433.7096 112.0765 19.03432813154846 0.05
OBS: 4.340222185028458 g_PS1 2088.4974 96.1789 19.20041513142947 0.05
OBS: 8.680444370056916 g_PS1 1556.5502 71.6818 19.519592187168325 0.05
OBS: 13.020666555085374 g_PS1 1110.0094 51.1178 19.886683356329865 0.05
OBS: 17.360888740113833 g_PS1 845.866 38.9536 20.181746073242724 0.05
OBS: 21.70111092514229 g_PS1 622.4152 28.6633 20.514799609799592 0.05
OBS: 26.041333110170747 g_PS1 427.8564 19.7035 20.921754794216984 0.05
OBS: 30.381555295199206 g_PS1 311.1503 14.329 21.267574474224414 0.05
OBS: 34.721777480227665 g_PS1 245.8847 11.3234 21.523171145837903 0.05
OBS: 39.061999665256124 g_PS1 205.7555 9.4754 21.716621612606094 0.05
OBS: -8.680444370056916 r_PS1 1546.3633 71.2127 19.52672119640671 0.05
OBS: -4.340222185028458 r_PS1 2429.0424 111.8615 19.03641224269309 0.05
OBS: 0.0 r_PS1 2720.8688 125.3006 18.91323100022553 0.05
OBS: 4.340222185028458 r_PS1 2295.5037 105.7118 19.09780503024721 0.05
OBS: 8.680444370056916 r_PS1 1754.7655 80.8099 19.389452251023165 0.05
OBS: 13.020666555085374 r_PS1 1432.5252 65.9702 19.609744349870105 0.05
OBS: 17.360888740113833 r_PS1 1323.0088 60.9268 19.69609315492611 0.05
OBS: 21.70111092514229 r_PS1 1273.1001 58.6284 19.737843655076325 0.05
OBS: 26.041333110170747 r_PS1 1084.3963 49.9383 19.912029942123667 0.05
OBS: 30.381555295199206 r_PS1 811.1686 37.3557 20.227222207527184 0.05
OBS: 34.721777480227665 r_PS1 605.0247 27.8624 20.545567281863562 0.05
OBS: 39.061999665256124 r_PS1 495.8587 22.8351 20.76160516438678 0.05
OBS: -8.680444370056916 i_PS1 1233.9041 56.8234 19.771796490937675 0.05
OBS: -4.340222185028458 i_PS1 1839.9313 84.732 19.33799598368188 0.05
OBS: 0.0 i_PS1 1889.9525 87.0355 19.30887276183509 0.05
OBS: 4.340222185028458 i_PS1 1655.1633 76.2231 19.452897902871058 0.05
OBS: 8.680444370056916 i_PS1 1249.6067 57.5465 19.758066599651464 0.05
OBS: 13.020666555085374 i_PS1 996.1717 45.8754 20.004164463126244 0.05
OBS: 17.360888740113833 i_PS1 1001.2263 46.1082 19.99866937002006 0.05
OBS: 21.70111092514229 i_PS1 1119.9522 51.5757 19.877001308301338 0.05
OBS: 26.041333110170747 i_PS1 1111.2213 51.1736 19.885498639396026 0.05
OBS: 30.381555295199206 i_PS1 965.1671 44.4476 20.038493696364483 0.05
OBS: 34.721777480227665 i_PS1 778.6671 35.8589 20.271620465680115 0.05
OBS: 39.061999665256124 i_PS1 604.2845 27.8283 20.546896353736315 0.05
OBS: -8.680444370056916 z_PS1 1048.196 48.2712 19.948893786260022 0.05
OBS: -4.340222185028458 z_PS1 1458.1577 67.1506 19.59048878521137 0.05
OBS: 0.0 z_PS1 1452.0584 66.8698 19.595039818033293 0.05
OBS: 4.340222185028458 z_PS1 1212.9055 55.8564 19.790432596925584 0.05
OBS: 8.680444370056916 z_PS1 926.8882 42.6848 20.082431620263996 0.05
OBS: 13.020666555085374 z_PS1 756.004 34.8153 20.30368978725089 0.05
OBS: 17.360888740113833 z_PS1 715.7599 32.962 20.363081648956808 0.05
OBS: 21.70111092514229 z_PS1 775.981 35.7352 20.27537226764337 0.05
OBS: 26.041333110170747 z_PS1 799.8108 36.8326 20.242531825342155 0.05
OBS: 30.381555295199206 z_PS1 748.2245 34.457 20.314920258058656 0.05
OBS: 34.721777480227665 z_PS1 658.6429 30.3316 20.453374930792485 0.05
OBS: 39.061999665256124 z_PS1 571.3084 26.3097 20.607823481090023 0.05
END: