# 10 
# SNANA-like file generated from user-provided data
# Zeropoint of the converted SNANA file: 27.5 mag
# -----------------------------------------------------------
# Data table created by: anonymous
# On date: 2023.03.14 (yyyy.mm.dd); 20.49 hrs (GMT).
# Script used: BayeSNmodel.io.write_snana_lcfile.py
# -----------------------------------------------------------
SNID: 10
MWEBV: 0
REDSHIFT_HELIO: 0.09756112821444383
REDSHIFT_CMB: 0.09756112821444383
REDSHIFT_CMB_ERR: 0.001
PEAKMJD: 0
FILTERS: g_PS1,i_PS1,r_PS1,z_PS1
# -----------------------------------------------------------
NOBS: 48
NVAR: 6
VARLIST: MJD FLT FLUXCAL FLUXCALERR MAG MAGERR
OBS: -8.78048902571555 g_PS1 1370.3018 63.1047 19.65795944843833 0.05
OBS: -4.390244512857775 g_PS1 2034.5808 93.6959 19.22881263486445 0.05
OBS: 0.0 g_PS1 2237.9278 103.0604 19.125384804088736 0.05
OBS: 4.390244512857775 g_PS1 2232.9571 102.8315 19.12779905393344 0.05
OBS: 8.78048902571555 g_PS1 1951.0287 89.8482 19.27434085974127 0.05
OBS: 13.170733538573325 g_PS1 1372.4984 63.2059 19.656220357734522 0.05
OBS: 17.5609780514311 g_PS1 871.7254 40.1444 20.149050733020655 0.05
OBS: 21.951222564288877 g_PS1 544.3456 25.068 20.660313302245083 0.05
OBS: 26.34146707714665 g_PS1 375.2095 17.279 21.06431535080016 0.05
OBS: 30.731711590004423 g_PS1 299.0008 13.7695 21.310819304730938 0.05
OBS: 35.1219561028622 g_PS1 250.7856 11.5491 21.501743480270786 0.05
OBS: 39.512200615719976 g_PS1 206.2185 9.4967 21.71418118385979 0.05
OBS: -8.78048902571555 r_PS1 1200.2817 55.275 19.801792026818553 0.05
OBS: -4.390244512857775 r_PS1 1912.8763 88.0912 19.29578278425805 0.05
OBS: 0.0 r_PS1 2302.8378 106.0496 19.094341620730304 0.05
OBS: 4.390244512857775 r_PS1 2249.3179 103.5849 19.11987290601921 0.05
OBS: 8.78048902571555 r_PS1 1955.7766 90.0668 19.271701861476323 0.05
OBS: 13.170733538573325 r_PS1 1584.7895 72.9823 19.500071053197324 0.05
OBS: 17.5609780514311 r_PS1 1277.1541 58.8151 19.734391704714312 0.05
OBS: 21.951222564288877 r_PS1 1082.0345 49.8295 19.914397189822786 0.05
OBS: 26.34146707714665 r_PS1 915.8112 42.1747 20.09548510937477 0.05
OBS: 30.731711590004423 r_PS1 732.6309 33.7389 20.337786851753656 0.05
OBS: 35.1219561028622 r_PS1 578.0099 26.6183 20.59516187395206 0.05
OBS: 39.512200615719976 r_PS1 482.6457 22.2267 20.790928861910857 0.05
OBS: -8.78048902571555 i_PS1 1242.411 57.2151 19.76433676464771 0.05
OBS: -4.390244512857775 i_PS1 1763.0438 81.1912 19.384342231863556 0.05
OBS: 0.0 i_PS1 1836.9623 84.5952 19.33974938095502 0.05
OBS: 4.390244512857775 i_PS1 1721.8433 79.2938 19.41001595343382 0.05
OBS: 8.78048902571555 i_PS1 1379.2806 63.5182 19.65086843160057 0.05
OBS: 13.170733538573325 i_PS1 1063.0429 48.9549 19.93362303686029 0.05
OBS: 17.5609780514311 i_PS1 948.3906 43.675 20.05753186235185 0.05
OBS: 21.951222564288877 i_PS1 990.6542 45.6213 20.010194838408623 0.05
OBS: 26.34146707714665 i_PS1 1061.2429 48.872 19.93546305672111 0.05
OBS: 30.731711590004423 i_PS1 1047.652 48.2462 19.9494573323583 0.05
OBS: 35.1219561028622 i_PS1 885.0445 40.7578 20.132587284672375 0.05
OBS: 39.512200615719976 i_PS1 633.0611 29.1535 20.496385985128597 0.05
OBS: -8.78048902571555 z_PS1 1177.4838 54.2251 19.822612662527114 0.05
OBS: -4.390244512857775 z_PS1 1382.2958 63.6571 19.648497525982854 0.05
OBS: 0.0 z_PS1 1243.2226 57.2525 19.763627785467165 0.05
OBS: 4.390244512857775 z_PS1 1058.1127 48.7279 19.938670229199083 0.05
OBS: 8.78048902571555 z_PS1 830.9436 38.2664 20.201071129293467 0.05
OBS: 13.170733538573325 z_PS1 664.5199 30.6023 20.443729981201365 0.05
OBS: 17.5609780514311 z_PS1 584.4837 26.9165 20.58306897354148 0.05
OBS: 21.951222564288877 z_PS1 636.6687 29.3197 20.490216271566723 0.05
OBS: 26.34146707714665 z_PS1 766.8978 35.3169 20.28815632268408 0.05
OBS: 30.731711590004423 z_PS1 865.566 39.8608 20.156749477287065 0.05
OBS: 35.1219561028622 z_PS1 806.1974 37.1268 20.23389656070139 0.05
OBS: 39.512200615719976 z_PS1 617.884 28.4546 20.522732592674593 0.05
END: