# 106 
# SNANA-like file generated from user-provided data
# Zeropoint of the converted SNANA file: 27.5 mag
# -----------------------------------------------------------
# Data table created by: anonymous
# On date: 2023.03.14 (yyyy.mm.dd); 20.49 hrs (GMT).
# Script used: BayeSNmodel.io.write_snana_lcfile.py
# -----------------------------------------------------------
SNID: 106
MWEBV: 0
REDSHIFT_HELIO: 0.08712256606392786
REDSHIFT_CMB: 0.08712256606392786
REDSHIFT_CMB_ERR: 0.001
PEAKMJD: 0
FILTERS: g_PS1,i_PS1,r_PS1,z_PS1
# -----------------------------------------------------------
NOBS: 48
NVAR: 6
VARLIST: MJD FLT FLUXCAL FLUXCALERR MAG MAGERR
OBS: -8.696980528511423 g_PS1 1436.6909 66.1621 19.60659164715675 0.05
OBS: -4.3484902642557115 g_PS1 2323.8257 107.0161 19.084491103882765 0.05
OBS: 0.0 g_PS1 2496.3905 114.963 19.006718705671847 0.05
OBS: 4.3484902642557115 g_PS1 2130.6731 98.1211 19.17870795859991 0.05
OBS: 8.696980528511423 g_PS1 1569.5064 72.2784 19.510592290201625 0.05
OBS: 13.045470792767134 g_PS1 1057.4952 48.6995 19.939304007544923 0.05
OBS: 17.393961057022846 g_PS1 725.0603 33.3903 20.349064718129082 0.05
OBS: 21.74245132127856 g_PS1 494.1347 22.7557 20.76538664391293 0.05
OBS: 26.090941585534267 g_PS1 353.389 16.2742 21.12936745884728 0.05
OBS: 30.43943184978998 g_PS1 280.734 12.9283 21.379262503645105 0.05
OBS: 34.78792211404569 g_PS1 233.0729 10.7334 21.58127050240756 0.05
OBS: 39.1364123783014 g_PS1 191.1586 8.8032 21.79651539789376 0.05
OBS: -8.696980528511423 r_PS1 1346.7398 62.0197 19.676790731415828 0.05
OBS: -4.3484902642557115 r_PS1 2108.5943 97.1044 19.190017410884522 0.05
OBS: 0.0 r_PS1 2530.6042 116.5386 18.99193942968794 0.05
OBS: 4.3484902642557115 r_PS1 2491.0214 114.7158 19.009056333541864 0.05
OBS: 8.696980528511423 r_PS1 2130.0707 98.0934 19.179014935317504 0.05
OBS: 13.045470792767134 r_PS1 1593.6421 73.3899 19.494022990270047 0.05
OBS: 17.393961057022846 r_PS1 1140.8746 52.5392 19.856905233435235 0.05
OBS: 21.74245132127856 r_PS1 893.2963 41.1378 20.122511161425955 0.05
OBS: 26.090941585534267 r_PS1 757.2052 34.8706 20.301966098997774 0.05
OBS: 30.43943184978998 r_PS1 633.3153 29.1652 20.49595003303986 0.05
OBS: 34.78792211404569 r_PS1 516.4416 23.783 20.717446928642794 0.05
OBS: 39.1364123783014 r_PS1 429.1319 19.7623 20.918522884961178 0.05
OBS: -8.696980528511423 i_PS1 1389.8836 64.0065 19.642553889302988 0.05
OBS: -4.3484902642557115 i_PS1 1894.6386 87.2513 19.306184029299125 0.05
OBS: 0.0 i_PS1 1889.573 87.0181 19.309090819800517 0.05
OBS: 4.3484902642557115 i_PS1 1725.1842 79.4477 19.40791132479353 0.05
OBS: 8.696980528511423 i_PS1 1371.2403 63.1479 19.657216117283937 0.05
OBS: 13.045470792767134 i_PS1 1087.4526 50.079 19.908974145169687 0.05
OBS: 17.393961057022846 i_PS1 1011.8453 46.5972 19.987214651851758 0.05
OBS: 21.74245132127856 i_PS1 1028.9204 47.3835 19.969045589924036 0.05
OBS: 26.090941585534267 i_PS1 940.8412 43.3273 20.06620913807975 0.05
OBS: 30.43943184978998 i_PS1 775.5588 35.7158 20.275963161513026 0.05
OBS: 34.78792211404569 i_PS1 621.4542 28.619 20.51647711058456 0.05
OBS: 39.1364123783014 i_PS1 497.8014 22.9246 20.75735971526729 0.05
OBS: -8.696980528511423 z_PS1 1151.7834 53.0416 19.846572963706862 0.05
OBS: -4.3484902642557115 z_PS1 1385.8025 63.8186 19.645746669632537 0.05
OBS: 0.0 z_PS1 1230.4285 56.6633 19.77485902936649 0.05
OBS: 4.3484902642557115 z_PS1 971.9451 44.7597 20.030895621303642 0.05
OBS: 8.696980528511423 z_PS1 743.8498 34.2555 20.32128693732036 0.05
OBS: 13.045470792767134 z_PS1 654.9789 30.1629 20.459431778010156 0.05
OBS: 17.393961057022846 z_PS1 689.9924 31.7753 20.402889200740418 0.05
OBS: 21.74245132127856 z_PS1 790.7498 36.4154 20.254902334062727 0.05
OBS: 26.090941585534267 z_PS1 771.3039 35.5199 20.281936132385866 0.05
OBS: 30.43943184978998 z_PS1 641.2885 29.5324 20.482366347738683 0.05
OBS: 34.78792211404569 z_PS1 510.1039 23.4912 20.730853297713217 0.05
OBS: 39.1364123783014 z_PS1 417.6594 19.2339 20.947944354369398 0.05
END: