# 118 
# SNANA-like file generated from user-provided data
# Zeropoint of the converted SNANA file: 27.5 mag
# -----------------------------------------------------------
# Data table created by: anonymous
# On date: 2023.03.14 (yyyy.mm.dd); 20.49 hrs (GMT).
# Script used: BayeSNmodel.io.write_snana_lcfile.py
# -----------------------------------------------------------
SNID: 118
MWEBV: 0
REDSHIFT_HELIO: 0.08144704181911006
REDSHIFT_CMB: 0.08144704181911006
REDSHIFT_CMB_ERR: 0.001
PEAKMJD: 0
FILTERS: g_PS1,i_PS1,r_PS1,z_PS1
# -----------------------------------------------------------
NOBS: 48
NVAR: 6
VARLIST: MJD FLT FLUXCAL FLUXCALERR MAG MAGERR
OBS: -8.65157633455288 g_PS1 794.9151 36.6072 20.249198087945775 0.05
OBS: -4.32578816727644 g_PS1 1512.7959 69.6668 19.550549171454893 0.05
OBS: 0.0 g_PS1 1712.9457 78.8841 19.41564099298368 0.05
OBS: 4.32578816727644 g_PS1 1342.104 61.8062 19.68053455830096 0.05
OBS: 8.65157633455288 g_PS1 874.391 40.2672 20.145735814533726 0.05
OBS: 12.97736450182932 g_PS1 577.0186 26.5727 20.59702538964852 0.05
OBS: 17.30315266910576 g_PS1 433.4569 19.9614 20.907635217063646 0.05
OBS: 21.6289408363822 g_PS1 320.6542 14.7667 21.234907553233622 0.05
OBS: 25.95472900365864 g_PS1 225.8319 10.3999 21.61553686312131 0.05
OBS: 30.28051717093508 g_PS1 168.8229 7.7746 21.931421893492843 0.05
OBS: 34.60630533821152 g_PS1 135.587 6.244 22.169454560641395 0.05
OBS: 38.93209350548796 g_PS1 113.7695 5.2393 22.3599351624196 0.05
OBS: -8.65157633455288 r_PS1 894.175 41.1783 20.121443673407455 0.05
OBS: -4.32578816727644 r_PS1 1449.9288 66.7717 19.59663332645087 0.05
OBS: 0.0 r_PS1 1767.6853 81.4049 19.381487633389227 0.05
OBS: 4.32578816727644 r_PS1 1721.3209 79.2698 19.410345391506077 0.05
OBS: 8.65157633455288 r_PS1 1456.5671 67.0774 19.59167379567603 0.05
OBS: 12.97736450182932 r_PS1 1121.2 51.6332 19.875792306030284 0.05
OBS: 17.30315266910576 r_PS1 847.4136 39.0248 20.179761404767902 0.05
OBS: 21.6289408363822 r_PS1 673.382 31.0104 20.429346165592293 0.05
OBS: 25.95472900365864 r_PS1 532.5198 24.5234 20.684160514701368 0.05
OBS: 30.28051717093508 r_PS1 410.3598 18.8978 20.967088090810684 0.05
OBS: 34.60630533821152 r_PS1 335.0882 15.4314 21.187102251146413 0.05
OBS: 38.93209350548796 r_PS1 309.4053 14.2486 21.273680629426835 0.05
OBS: -8.65157633455288 i_PS1 953.5551 43.9128 20.051635571598673 0.05
OBS: -4.32578816727644 i_PS1 1321.7352 60.8682 19.69713885424163 0.05
OBS: 0.0 i_PS1 1346.5543 62.0111 19.676940350523275 0.05
OBS: 4.32578816727644 i_PS1 1288.1854 59.3231 19.725054028823685 0.05
OBS: 8.65157633455288 i_PS1 1073.3807 49.431 19.923115560887453 0.05
OBS: 12.97736450182932 i_PS1 864.3715 39.8058 20.158248893123258 0.05
OBS: 17.30315266910576 i_PS1 788.8869 36.3296 20.257463187878784 0.05
OBS: 21.6289408363822 i_PS1 760.0441 35.0013 20.297903026685198 0.05
OBS: 25.95472900365864 i_PS1 645.4875 29.7258 20.475280432794378 0.05
OBS: 30.28051717093508 i_PS1 506.3233 23.317 20.73893031794411 0.05
OBS: 34.60630533821152 i_PS1 415.1658 19.1191 20.95444617393219 0.05
OBS: 38.93209350548796 i_PS1 367.6279 16.9299 21.086478711940984 0.05
OBS: -8.65157633455288 z_PS1 901.581 41.5193 20.112488145717144 0.05
OBS: -4.32578816727644 z_PS1 1171.4578 53.9476 19.82818335502568 0.05
OBS: 0.0 z_PS1 1103.9678 50.8396 19.8926090179906 0.05
OBS: 4.32578816727644 z_PS1 889.5536 40.9655 20.127069714119244 0.05
OBS: 8.65157633455288 z_PS1 685.1181 31.5509 20.410586455987605 0.05
OBS: 12.97736450182932 z_PS1 592.5981 27.2902 20.568099384226485 0.05
OBS: 17.30315266910576 z_PS1 605.2 27.8705 20.545252652225123 0.05
OBS: 21.6289408363822 z_PS1 659.6629 30.3786 20.45169485449889 0.05
OBS: 25.95472900365864 z_PS1 609.8865 28.0863 20.536877383203148 0.05
OBS: 30.28051717093508 z_PS1 488.5474 22.4984 20.777733292439102 0.05
OBS: 34.60630533821152 z_PS1 382.2957 17.6054 21.044001580458357 0.05
OBS: 38.93209350548796 z_PS1 314.782 14.4962 21.2549751682649 0.05
END: