# 124 
# SNANA-like file generated from user-provided data
# Zeropoint of the converted SNANA file: 27.5 mag
# -----------------------------------------------------------
# Data table created by: anonymous
# On date: 2023.03.14 (yyyy.mm.dd); 20.49 hrs (GMT).
# Script used: BayeSNmodel.io.write_snana_lcfile.py
# -----------------------------------------------------------
SNID: 124
MWEBV: 0
REDSHIFT_HELIO: 0.09314612470583969
REDSHIFT_CMB: 0.09314612470583969
REDSHIFT_CMB_ERR: 0.001
PEAKMJD: 0
FILTERS: g_PS1,i_PS1,r_PS1,z_PS1
# -----------------------------------------------------------
NOBS: 48
NVAR: 6
VARLIST: MJD FLT FLUXCAL FLUXCALERR MAG MAGERR
OBS: -8.745168997646717 g_PS1 2036.1011 93.7659 19.2280016478789 0.05
OBS: -4.372584498823358 g_PS1 3447.358 158.7567 18.656284026252987 0.05
OBS: 0.0 g_PS1 3803.6456 175.1644 18.54949988783341 0.05
OBS: 4.372584498823358 g_PS1 3227.3069 148.623 18.727899341070742 0.05
OBS: 8.745168997646717 g_PS1 2364.9955 108.9121 19.06542422526984 0.05
OBS: 13.117753496470076 g_PS1 1670.6973 76.9385 19.442755598246304 0.05
OBS: 17.490337995293434 g_PS1 1281.5577 59.0179 19.730654578267913 0.05
OBS: 21.86292249411679 g_PS1 961.452 44.2765 20.042681016819454 0.05
OBS: 26.235506992940152 g_PS1 669.5773 30.8352 20.4354981782971 0.05
OBS: 30.60809149176351 g_PS1 488.1469 22.48 20.778623600788325 0.05
OBS: 34.98067599058687 g_PS1 384.432 17.7037 21.03795110341537 0.05
OBS: 39.353260489410225 g_PS1 318.3663 14.6613 21.242682292261573 0.05
OBS: -8.745168997646717 r_PS1 1817.9897 83.7215 19.351021470849254 0.05
OBS: -4.372584498823358 r_PS1 2963.3379 136.4668 18.820547043744085 0.05
OBS: 0.0 r_PS1 3442.1327 158.5161 18.657930971057702 0.05
OBS: 4.372584498823358 r_PS1 3015.8571 138.8854 18.801473114838565 0.05
OBS: 8.745168997646717 r_PS1 2357.4562 108.5649 19.068890935768458 0.05
OBS: 13.117753496470076 r_PS1 1902.0802 87.594 19.301927948615415 0.05
OBS: 17.490337995293434 r_PS1 1693.0087 77.9659 19.428352007101672 0.05
OBS: 21.86292249411679 r_PS1 1569.8385 72.2937 19.51036256938921 0.05
OBS: 26.235506992940152 r_PS1 1330.8682 61.2887 19.68966240090731 0.05
OBS: 30.60809149176351 r_PS1 1021.1496 47.0257 19.977276549720855 0.05
OBS: 34.98067599058687 r_PS1 781.6555 35.9966 20.267461520084318 0.05
OBS: 39.353260489410225 r_PS1 651.4472 30.0003 20.46530187307029 0.05
OBS: -8.745168997646717 i_PS1 1474.874 67.9205 19.578112701419187 0.05
OBS: -4.372584498823358 i_PS1 2083.6639 95.9563 19.202930809121426 0.05
OBS: 0.0 i_PS1 2123.6877 97.7994 19.182273380075443 0.05
OBS: 4.372584498823358 i_PS1 1929.1329 88.8399 19.28659462342827 0.05
OBS: 8.745168997646717 i_PS1 1523.66 70.1671 19.54277980064311 0.05
OBS: 13.117753496470076 i_PS1 1219.7826 56.1731 19.784293958122788 0.05
OBS: 17.490337995293434 i_PS1 1165.3646 53.667 19.833845443878758 0.05
OBS: 21.86292249411679 i_PS1 1254.1366 57.7551 19.75413788180763 0.05
OBS: 26.235506992940152 i_PS1 1262.9485 58.1609 19.746535890524598 0.05
OBS: 30.60809149176351 i_PS1 1132.7393 52.1646 19.864675042698593 0.05
OBS: 34.98067599058687 i_PS1 914.9739 42.1361 20.096478202492705 0.05
OBS: 39.353260489410225 i_PS1 678.2455 31.2344 20.421532670116036 0.05
OBS: -8.745168997646717 z_PS1 1159.9522 53.4178 19.83889980631335 0.05
OBS: -4.372584498823358 z_PS1 1533.6488 70.6271 19.535685176790885 0.05
OBS: 0.0 z_PS1 1456.7644 67.0865 19.59152671757301 0.05
OBS: 4.372584498823358 z_PS1 1188.4685 54.731 19.81253076672379 0.05
OBS: 8.745168997646717 z_PS1 882.6977 40.6497 20.13546995180119 0.05
OBS: 13.117753496470076 z_PS1 712.5187 32.8127 20.368009345706447 0.05
OBS: 17.490337995293434 z_PS1 677.5433 31.202 20.422657441600442 0.05
OBS: 21.86292249411679 z_PS1 766.2584 35.2875 20.28906181214269 0.05
OBS: 26.235506992940152 z_PS1 844.8785 38.9081 20.18301430505378 0.05
OBS: 30.60809149176351 z_PS1 830.3763 38.2402 20.20181265178254 0.05
OBS: 34.98067599058687 z_PS1 725.4974 33.4104 20.348410294869346 0.05
OBS: 39.353260489410225 z_PS1 584.8302 26.9324 20.58242561311235 0.05
END: