# 131 
# SNANA-like file generated from user-provided data
# Zeropoint of the converted SNANA file: 27.5 mag
# -----------------------------------------------------------
# Data table created by: anonymous
# On date: 2023.03.14 (yyyy.mm.dd); 20.49 hrs (GMT).
# Script used: BayeSNmodel.io.write_snana_lcfile.py
# -----------------------------------------------------------
SNID: 131
MWEBV: 0
REDSHIFT_HELIO: 0.08789394831333014
REDSHIFT_CMB: 0.08789394831333014
REDSHIFT_CMB_ERR: 0.001
PEAKMJD: 0
FILTERS: g_PS1,i_PS1,r_PS1,z_PS1
# -----------------------------------------------------------
NOBS: 48
NVAR: 6
VARLIST: MJD FLT FLUXCAL FLUXCALERR MAG MAGERR
OBS: -8.70315158650664 g_PS1 1365.9835 62.9059 19.661386339274078 0.05
OBS: -4.35157579325332 g_PS1 2089.4473 96.2226 19.199921465855038 0.05
OBS: 0.0 g_PS1 2183.9097 100.5728 19.15191332788287 0.05
OBS: 4.35157579325332 g_PS1 1880.1668 86.5849 19.314509032158387 0.05
OBS: 8.70315158650664 g_PS1 1403.4758 64.6324 19.63198768579407 0.05
OBS: 13.05472737975996 g_PS1 939.3225 43.2574 20.06796318548521 0.05
OBS: 17.40630317301328 g_PS1 636.0187 29.2897 20.491325314551187 0.05
OBS: 21.757878966266603 g_PS1 444.1977 20.4561 20.88105921371731 0.05
OBS: 26.10945475951992 g_PS1 343.0736 15.7991 21.16153166873133 0.05
OBS: 30.46103055277324 g_PS1 296.2871 13.6445 21.320718018244815 0.05
OBS: 34.81260634602656 g_PS1 253.247 11.6625 21.491139158121182 0.05
OBS: 39.16418213927988 g_PS1 200.2189 9.2204 21.746237228132504 0.05
OBS: -8.70315158650664 r_PS1 1525.4864 70.2512 19.541479171443022 0.05
OBS: -4.35157579325332 r_PS1 2026.6959 93.3328 19.23302853316295 0.05
OBS: 0.0 r_PS1 2203.8373 101.4905 19.142051186321247 0.05
OBS: 4.35157579325332 r_PS1 2156.2717 99.3 19.165741295652197 0.05
OBS: 8.70315158650664 r_PS1 1936.245 89.1674 19.28259920286822 0.05
OBS: 13.05472737975996 r_PS1 1528.4829 70.3892 19.539348565278445 0.05
OBS: 17.40630317301328 r_PS1 1133.4209 52.196 19.864022000814337 0.05
OBS: 21.757878966266603 r_PS1 900.1656 41.4542 20.11419398038158 0.05
OBS: 26.10945475951992 r_PS1 761.9132 35.0874 20.295236214820868 0.05
OBS: 30.46103055277324 r_PS1 641.8277 29.5573 20.48145381498299 0.05
OBS: 34.81260634602656 r_PS1 545.1237 25.1039 20.65876237851812 0.05
OBS: 39.16418213927988 r_PS1 489.8792 22.5598 20.774777436522676 0.05
OBS: -8.70315158650664 i_PS1 1642.3843 75.6346 19.461313033351047 0.05
OBS: -4.35157579325332 i_PS1 1971.1817 90.7763 19.263183380161934 0.05
OBS: 0.0 i_PS1 1841.2723 84.7937 19.337204954946472 0.05
OBS: 4.35157579325332 i_PS1 1734.3309 79.8689 19.402170076651203 0.05
OBS: 8.70315158650664 i_PS1 1472.2669 67.8004 19.580033601413064 0.05
OBS: 13.05472737975996 i_PS1 1181.0969 54.3915 19.819286215305652 0.05
OBS: 17.40630317301328 i_PS1 1038.0645 47.8046 19.959439185841077 0.05
OBS: 21.757878966266603 i_PS1 994.6383 45.8048 20.005837091693266 0.05
OBS: 26.10945475951992 i_PS1 906.5459 41.748 20.106525497846803 0.05
OBS: 30.46103055277324 i_PS1 778.5309 35.8527 20.271810381538224 0.05
OBS: 34.81260634602656 i_PS1 661.3328 30.4555 20.448949837285006 0.05
OBS: 39.16418213927988 i_PS1 563.3741 25.9443 20.623007777677174 0.05
OBS: -8.70315158650664 z_PS1 1213.099 55.8653 19.790259406667353 0.05
OBS: -4.35157579325332 z_PS1 1428.0515 65.7642 19.613140288557332 0.05
OBS: 0.0 z_PS1 1277.3191 58.8227 19.734251460832283 0.05
OBS: 4.35157579325332 z_PS1 1058.1014 48.7274 19.938681803244002 0.05
OBS: 8.70315158650664 z_PS1 836.8686 38.5392 20.193356794135816 0.05
OBS: 13.05472737975996 z_PS1 710.8922 32.7378 20.370490639679197 0.05
OBS: 17.40630317301328 z_PS1 682.375 31.4245 20.414942173786578 0.05
OBS: 21.757878966266603 z_PS1 734.359 33.8185 20.33522891526207 0.05
OBS: 26.10945475951992 z_PS1 739.0081 34.0326 20.32837696556222 0.05
OBS: 30.46103055277324 z_PS1 669.1245 30.8143 20.436232643098187 0.05
OBS: 34.81260634602656 z_PS1 570.5105 26.273 20.609340948407635 0.05
OBS: 39.16418213927988 z_PS1 480.3574 22.1213 20.79608870293695 0.05
END: