# 133 
# SNANA-like file generated from user-provided data
# Zeropoint of the converted SNANA file: 27.5 mag
# -----------------------------------------------------------
# Data table created by: anonymous
# On date: 2023.03.14 (yyyy.mm.dd); 20.49 hrs (GMT).
# Script used: BayeSNmodel.io.write_snana_lcfile.py
# -----------------------------------------------------------
SNID: 133
MWEBV: 0
REDSHIFT_HELIO: 0.08450486194085147
REDSHIFT_CMB: 0.08450486194085147
REDSHIFT_CMB_ERR: 0.001
PEAKMJD: 0
FILTERS: g_PS1,i_PS1,r_PS1,z_PS1
# -----------------------------------------------------------
NOBS: 48
NVAR: 6
VARLIST: MJD FLT FLUXCAL FLUXCALERR MAG MAGERR
OBS: -8.676038895526812 g_PS1 1030.2602 47.4452 19.967632710819583 0.05
OBS: -4.338019447763406 g_PS1 2054.7697 94.6256 19.218092121242623 0.05
OBS: 0.0 g_PS1 2527.5099 116.3961 18.993267838262707 0.05
OBS: 4.338019447763406 g_PS1 2210.117 101.7796 19.138961836229928 0.05
OBS: 8.676038895526812 g_PS1 1583.9156 72.942 19.500669897748455 0.05
OBS: 13.014058343290218 g_PS1 1090.9527 50.2402 19.90548523065183 0.05
OBS: 17.352077791053624 g_PS1 811.9652 37.3924 20.22615639810613 0.05
OBS: 21.69009723881703 g_PS1 577.3079 26.586 20.596481156826368 0.05
OBS: 26.028116686580436 g_PS1 382.854 17.6311 21.04241705781588 0.05
OBS: 30.36613613434384 g_PS1 272.8763 12.5664 21.410085621888282 0.05
OBS: 34.70415558210725 g_PS1 221.1865 10.186 21.638103363095485 0.05
OBS: 39.042175029870656 g_PS1 199.2254 9.1747 21.751638006977256 0.05
OBS: -8.676038895526812 r_PS1 1092.1472 50.2952 19.9042970688078 0.05
OBS: -4.338019447763406 r_PS1 1942.8291 89.4706 19.27891350459724 0.05
OBS: 0.0 r_PS1 2398.7907 110.4684 19.05001910902663 0.05
OBS: 4.338019447763406 r_PS1 2137.1841 98.421 19.175395142166927 0.05
OBS: 8.676038895526812 r_PS1 1671.2215 76.9626 19.442414995208686 0.05
OBS: 13.014058343290218 r_PS1 1372.5833 63.2098 19.65615321287352 0.05
OBS: 17.352077791053624 r_PS1 1262.6998 58.1495 19.746749705309213 0.05
OBS: 21.69009723881703 r_PS1 1196.1477 55.0846 19.80553800541429 0.05
OBS: 26.028116686580436 r_PS1 980.3742 45.1479 20.021520320987484 0.05
OBS: 30.36613613434384 r_PS1 702.835 32.3667 20.382866520491284 0.05
OBS: 34.70415558210725 r_PS1 518.8385 23.8934 20.71241951590079 0.05
OBS: 39.042175029870656 r_PS1 438.2799 20.1835 20.895621124754634 0.05
OBS: -8.676038895526812 i_PS1 1091.3685 50.2594 19.90507151274285 0.05
OBS: -4.338019447763406 i_PS1 1718.6055 79.1447 19.41205948288661 0.05
OBS: 0.0 i_PS1 1803.0166 83.032 19.360000697456336 0.05
OBS: 4.338019447763406 i_PS1 1554.0797 71.568 19.521316807276733 0.05
OBS: 8.676038895526812 i_PS1 1155.0005 53.1897 19.84354457372013 0.05
OBS: 13.014058343290218 i_PS1 950.7092 43.7818 20.054880763708397 0.05
OBS: 17.352077791053624 i_PS1 1025.5104 47.2265 19.972649823958378 0.05
OBS: 21.69009723881703 i_PS1 1186.7368 54.6512 19.814113990974505 0.05
OBS: 26.028116686580436 i_PS1 1116.8721 51.4339 19.879991377443048 0.05
OBS: 30.36613613434384 i_PS1 884.9914 40.7554 20.132652399370585 0.05
OBS: 34.70415558210725 i_PS1 671.9691 30.9453 20.431626750423533 0.05
OBS: 39.042175029870656 i_PS1 516.6207 23.7913 20.717070459248177 0.05
OBS: -8.676038895526812 z_PS1 924.3517 42.568 20.08540684963507 0.05
OBS: -4.338019447763406 z_PS1 1406.7513 64.7833 19.62945666433717 0.05
OBS: 0.0 z_PS1 1491.0452 68.6652 19.566272996907237 0.05
OBS: 4.338019447763406 z_PS1 1275.0071 58.7162 19.736218450734945 0.05
OBS: 8.676038895526812 z_PS1 973.8287 44.8465 20.028793573697406 0.05
OBS: 13.014058343290218 z_PS1 788.166 36.2964 20.258455821909777 0.05
OBS: 17.352077791053624 z_PS1 742.344 34.1862 20.323486937301794 0.05
OBS: 21.69009723881703 z_PS1 797.9187 36.7455 20.24510343167662 0.05
OBS: 26.028116686580436 z_PS1 803.4865 37.0019 20.23755353201438 0.05
OBS: 30.36613613434384 z_PS1 720.2523 33.1688 20.356288301994404 0.05
OBS: 34.70415558210725 z_PS1 599.5645 27.611 20.555410198700798 0.05
OBS: 39.042175029870656 z_PS1 488.4775 22.4952 20.77788853248117 0.05
END: