# 139 
# SNANA-like file generated from user-provided data
# Zeropoint of the converted SNANA file: 27.5 mag
# -----------------------------------------------------------
# Data table created by: anonymous
# On date: 2023.03.14 (yyyy.mm.dd); 20.49 hrs (GMT).
# Script used: BayeSNmodel.io.write_snana_lcfile.py
# -----------------------------------------------------------
SNID: 139
MWEBV: 0
REDSHIFT_HELIO: 0.09006518761811688
REDSHIFT_CMB: 0.09006518761811688
REDSHIFT_CMB_ERR: 0.001
PEAKMJD: 0
FILTERS: g_PS1,i_PS1,r_PS1,z_PS1
# -----------------------------------------------------------
NOBS: 48
NVAR: 6
VARLIST: MJD FLT FLUXCAL FLUXCALERR MAG MAGERR
OBS: -8.720521500944935 g_PS1 849.4388 39.1181 20.177169778345768 0.05
OBS: -4.3602607504724675 g_PS1 1348.557 62.1033 19.675326745745384 0.05
OBS: 0.0 g_PS1 1408.7203 64.874 19.627938070224285 0.05
OBS: 4.3602607504724675 g_PS1 1162.7028 53.5444 19.836328223671597 0.05
OBS: 8.720521500944935 g_PS1 841.7627 38.7646 20.187025820288877 0.05
OBS: 13.080782251417403 g_PS1 584.2978 26.9079 20.58341432846581 0.05
OBS: 17.44104300188987 g_PS1 429.2005 19.7654 20.9183493263838 0.05
OBS: 21.801303752362337 g_PS1 305.9879 14.0913 21.28573941154008 0.05
OBS: 26.161564502834807 g_PS1 215.0857 9.9051 21.668471342356252 0.05
OBS: 30.521825253307274 g_PS1 163.8191 7.5441 21.96408882718679 0.05
OBS: 34.88208600377974 g_PS1 133.4312 6.1447 22.186856562788424 0.05
OBS: 39.24234675425221 g_PS1 111.978 5.1568 22.377168141579016 0.05
OBS: -8.720521500944935 r_PS1 895.6907 41.2481 20.119604889793187 0.05
OBS: -4.3602607504724675 r_PS1 1306.0189 60.1444 19.71012633613835 0.05
OBS: 0.0 r_PS1 1521.0854 70.0486 19.544616025367098 0.05
OBS: 4.3602607504724675 r_PS1 1543.5112 71.0813 19.52872551286439 0.05
OBS: 8.720521500944935 r_PS1 1406.9407 64.792 19.629310481403422 0.05
OBS: 13.080782251417403 r_PS1 1119.6348 51.5611 19.87730900269124 0.05
OBS: 17.44104300188987 r_PS1 834.8854 38.4479 20.195932818384044 0.05
OBS: 21.801303752362337 r_PS1 660.1254 30.3999 20.450933841325075 0.05
OBS: 26.161564502834807 r_PS1 549.1497 25.2893 20.650773132825435 0.05
OBS: 30.521825253307274 r_PS1 446.2361 20.5499 20.876088161267255 0.05
OBS: 34.88208600377974 r_PS1 356.7798 16.4303 21.11899926913113 0.05
OBS: 39.24234675425221 r_PS1 295.4935 13.608 21.32363004671312 0.05
OBS: -8.720521500944935 i_PS1 946.7948 43.6015 20.059360390203473 0.05
OBS: -4.3602607504724675 i_PS1 1322.3317 60.8956 19.696648987617813 0.05
OBS: 0.0 i_PS1 1364.2338 62.8253 19.662778025930358 0.05
OBS: 4.3602607504724675 i_PS1 1321.9261 60.8769 19.696982087214835 0.05
OBS: 8.720521500944935 i_PS1 1113.5815 51.2823 19.8831949911608 0.05
OBS: 13.080782251417403 i_PS1 894.3037 41.1842 20.121287422937293 0.05
OBS: 17.44104300188987 i_PS1 803.9937 37.0253 20.236868447721008 0.05
OBS: 21.801303752362337 i_PS1 787.564 36.2687 20.25928535577168 0.05
OBS: 26.161564502834807 i_PS1 716.3943 32.9912 20.362119701427325 0.05
OBS: 30.521825253307274 i_PS1 594.5121 27.3783 20.564598289489197 0.05
OBS: 34.88208600377974 i_PS1 471.3058 21.7044 20.816743084586477 0.05
OBS: 39.24234675425221 i_PS1 363.8902 16.7578 21.09757420873224 0.05
OBS: -8.720521500944935 z_PS1 882.2613 40.6296 20.136006956655997 0.05
OBS: -4.3602607504724675 z_PS1 1170.9956 53.9263 19.828611876651593 0.05
OBS: 0.0 z_PS1 1106.8904 50.9742 19.88973840528824 0.05
OBS: 4.3602607504724675 z_PS1 888.8349 40.9324 20.127947215832172 0.05
OBS: 8.720521500944935 z_PS1 663.1913 30.5411 20.445902959949272 0.05
OBS: 13.080782251417403 z_PS1 561.7769 25.8708 20.62609034066655 0.05
OBS: 17.44104300188987 z_PS1 569.0713 26.2067 20.612083378163767 0.05
OBS: 21.801303752362337 z_PS1 635.268 29.2552 20.49260749740936 0.05
OBS: 26.161564502834807 z_PS1 615.587 28.3488 20.52677636480444 0.05
OBS: 30.521825253307274 z_PS1 514.2534 23.6822 20.722057128006306 0.05
OBS: 34.88208600377974 z_PS1 410.4153 18.9003 20.966941204596843 0.05
OBS: 39.24234675425221 z_PS1 334.7276 15.4148 21.18827120253382 0.05
END: