# 146 
# SNANA-like file generated from user-provided data
# Zeropoint of the converted SNANA file: 27.5 mag
# -----------------------------------------------------------
# Data table created by: anonymous
# On date: 2023.03.14 (yyyy.mm.dd); 20.49 hrs (GMT).
# Script used: BayeSNmodel.io.write_snana_lcfile.py
# -----------------------------------------------------------
SNID: 146
MWEBV: 0
REDSHIFT_HELIO: 0.09332085631380715
REDSHIFT_CMB: 0.09332085631380715
REDSHIFT_CMB_ERR: 0.001
PEAKMJD: 0
FILTERS: g_PS1,i_PS1,r_PS1,z_PS1
# -----------------------------------------------------------
NOBS: 48
NVAR: 6
VARLIST: MJD FLT FLUXCAL FLUXCALERR MAG MAGERR
OBS: -8.746566850510458 g_PS1 1308.4897 60.2582 19.708074264708873 0.05
OBS: -4.373283425255229 g_PS1 2373.8904 109.3217 19.061348328637703 0.05
OBS: 0.0 g_PS1 2698.0491 124.2498 18.922375380776142 0.05
OBS: 4.373283425255229 g_PS1 2242.6742 103.279 19.123084527833985 0.05
OBS: 8.746566850510458 g_PS1 1569.7962 72.2918 19.510391829724146 0.05
OBS: 13.119850275765687 g_PS1 1044.9771 48.123 19.952233094155684 0.05
OBS: 17.493133701020916 g_PS1 739.1161 34.0376 20.328218270569568 0.05
OBS: 21.866417126276147 g_PS1 509.9208 23.4827 20.731243105719113 0.05
OBS: 26.239700551531374 g_PS1 347.7971 16.0166 21.146685052678574 0.05
OBS: 30.6129839767866 g_PS1 260.1077 11.9784 21.462116817249335 0.05
OBS: 34.98626740204183 g_PS1 215.7348 9.935 21.665199715832802 0.05
OBS: 39.35955082729706 g_PS1 190.5343 8.7744 21.800067233657746 0.05
OBS: -8.746566850510458 r_PS1 1065.3389 49.0607 19.931280572943386 0.05
OBS: -4.373283425255229 r_PS1 1815.129 83.5898 19.352731269462943 0.05
OBS: 0.0 r_PS1 2289.5745 105.4388 19.100613043107053 0.05
OBS: 4.373283425255229 r_PS1 2271.5642 104.6094 19.109187453976922 0.05
OBS: 8.746566850510458 r_PS1 1922.1928 88.5202 19.290507649186637 0.05
OBS: 13.119850275765687 r_PS1 1444.4493 66.5193 19.60074425811827 0.05
OBS: 17.493133701020916 r_PS1 1051.473 48.4221 19.945504653527244 0.05
OBS: 21.866417126276147 r_PS1 814.6574 37.5164 20.222562534816362 0.05
OBS: 26.239700551531374 r_PS1 655.7026 30.1962 20.458232747670486 0.05
OBS: 30.6129839767866 r_PS1 522.8021 24.0759 20.704156645872345 0.05
OBS: 34.98626740204183 r_PS1 430.0299 19.8036 20.916253401667852 0.05
OBS: 39.35955082729706 r_PS1 386.4196 17.7953 21.032352158910186 0.05
OBS: -8.746566850510458 i_PS1 925.0565 42.6004 20.084579331713464 0.05
OBS: -4.373283425255229 i_PS1 1441.7979 66.3972 19.602739008186738 0.05
OBS: 0.0 i_PS1 1610.6086 74.1713 19.482524962981216 0.05
OBS: 4.373283425255229 i_PS1 1586.3282 73.0531 19.499017355184122 0.05
OBS: 8.746566850510458 i_PS1 1308.0156 60.2363 19.70846767145123 0.05
OBS: 13.119850275765687 i_PS1 1020.7753 47.0084 19.977674621253982 0.05
OBS: 17.493133701020916 i_PS1 891.1885 41.0407 20.125076074042347 0.05
OBS: 21.866417126276147 i_PS1 837.9011 38.5868 20.192018055365622 0.05
OBS: 26.239700551531374 i_PS1 727.5505 33.5049 20.345342171688273 0.05
OBS: 30.6129839767866 i_PS1 590.3706 27.1876 20.572188214932766 0.05
OBS: 34.98626740204183 i_PS1 484.7893 22.3254 20.786117379386212 0.05
OBS: 39.35955082729706 i_PS1 411.7421 18.9614 20.963436941753585 0.05
OBS: -8.746566850510458 z_PS1 821.1685 37.8162 20.213919316712925 0.05
OBS: -4.373283425255229 z_PS1 1166.9973 53.7422 19.832325382647383 0.05
OBS: 0.0 z_PS1 1175.7673 54.1461 19.82419658441964 0.05
OBS: 4.373283425255229 z_PS1 1000.4669 46.0732 19.999493194900758 0.05
OBS: 8.746566850510458 z_PS1 766.228 35.2861 20.289104901628875 0.05
OBS: 13.119850275765687 z_PS1 636.6013 29.3166 20.490331135506878 0.05
OBS: 17.493133701020916 z_PS1 606.1659 27.915 20.543521212997987 0.05
OBS: 21.866417126276147 z_PS1 637.269 29.3473 20.489193064437657 0.05
OBS: 26.239700551531374 z_PS1 600.94 27.6743 20.552922295563427 0.05
OBS: 30.6129839767866 z_PS1 504.6933 23.242 20.742431219595836 0.05
OBS: 34.98626740204183 z_PS1 414.9374 19.1086 20.955043660651242 0.05
OBS: 39.35955082729706 z_PS1 353.4788 16.2783 21.12909164615015 0.05
END: