# 148 
# SNANA-like file generated from user-provided data
# Zeropoint of the converted SNANA file: 27.5 mag
# -----------------------------------------------------------
# Data table created by: anonymous
# On date: 2023.03.14 (yyyy.mm.dd); 20.49 hrs (GMT).
# Script used: BayeSNmodel.io.write_snana_lcfile.py
# -----------------------------------------------------------
SNID: 148
MWEBV: 0
REDSHIFT_HELIO: 0.07100618231643456
REDSHIFT_CMB: 0.07100618231643456
REDSHIFT_CMB_ERR: 0.001
PEAKMJD: 0
FILTERS: g_PS1,i_PS1,r_PS1,z_PS1
# -----------------------------------------------------------
NOBS: 48
NVAR: 6
VARLIST: MJD FLT FLUXCAL FLUXCALERR MAG MAGERR
OBS: -8.568049458531476 g_PS1 1026.1202 47.2546 19.972004418286023 0.05
OBS: -4.284024729265738 g_PS1 2024.8425 93.2474 19.234021874447894 0.05
OBS: 0.0 g_PS1 2510.2982 115.6035 19.00068670078252 0.05
OBS: 4.284024729265738 g_PS1 2337.8268 107.6609 19.07796917253283 0.05
OBS: 8.568049458531476 g_PS1 1790.2923 82.446 19.367690140442473 0.05
OBS: 12.852074187797214 g_PS1 1152.4905 53.0742 19.845906582438754 0.05
OBS: 17.136098917062952 g_PS1 709.022 32.6517 20.37335079002835 0.05
OBS: 21.42012364632869 g_PS1 440.6869 20.2944 20.88967471609274 0.05
OBS: 25.70414837559443 g_PS1 302.4964 13.9305 21.298199509458566 0.05
OBS: 29.988173104860167 g_PS1 242.7226 11.1778 21.53722461725388 0.05
OBS: 34.272197834125905 g_PS1 209.2701 9.6372 21.698231794744483 0.05
OBS: 38.55622256339164 g_PS1 180.0693 8.2925 21.86140086962693 0.05
OBS: -8.568049458531476 r_PS1 982.0532 45.2252 20.019662455200624 0.05
OBS: -4.284024729265738 r_PS1 1832.0793 84.3704 19.342639325613554 0.05
OBS: 0.0 r_PS1 2589.3025 119.2418 18.967043023117974 0.05
OBS: 4.284024729265738 r_PS1 2926.6997 134.7795 18.83405460774511 0.05
OBS: 8.568049458531476 r_PS1 2728.2623 125.6411 18.910284683799333 0.05
OBS: 12.852074187797214 r_PS1 2051.2927 94.4655 19.21993089368531 0.05
OBS: 17.136098917062952 r_PS1 1369.3167 63.0594 19.658740254852894 0.05
OBS: 21.42012364632869 r_PS1 973.8985 44.8497 20.028715769908843 0.05
OBS: 25.70414837559443 r_PS1 739.803 34.0692 20.327209782834196 0.05
OBS: 29.988173104860167 r_PS1 576.8142 26.5633 20.59741015831444 0.05
OBS: 34.272197834125905 r_PS1 481.6828 22.1823 20.7930971694782 0.05
OBS: 38.55622256339164 r_PS1 447.4805 20.6072 20.8730646832039 0.05
OBS: -8.568049458531476 i_PS1 1098.2242 50.5751 19.898272441683453 0.05
OBS: -4.284024729265738 i_PS1 1715.8202 79.0164 19.413820527441885 0.05
OBS: 0.0 i_PS1 1956.2145 90.087 19.27145883082045 0.05
OBS: 4.284024729265738 i_PS1 2069.211 95.2907 19.210488058694466 0.05
OBS: 8.568049458531476 i_PS1 1820.5344 83.8387 19.349502805735696 0.05
OBS: 12.852074187797214 i_PS1 1437.6385 66.2057 19.605875735064863 0.05
OBS: 17.136098917062952 i_PS1 1230.0463 56.6457 19.775196362607765 0.05
OBS: 21.42012364632869 i_PS1 1101.4531 50.7238 19.895085010588687 0.05
OBS: 25.70414837559443 i_PS1 893.0658 41.1272 20.122791394386397 0.05
OBS: 29.988173104860167 i_PS1 686.8334 31.6298 20.40787147962328 0.05
OBS: 34.272197834125905 i_PS1 558.756 25.7317 20.63194451386739 0.05
OBS: 38.55622256339164 i_PS1 492.2433 22.6686 20.769550446868053 0.05
OBS: -8.568049458531476 z_PS1 1070.6751 49.3064 19.92585577603493 0.05
OBS: -4.284024729265738 z_PS1 1510.5484 69.5633 19.552163358907094 0.05
OBS: 0.0 z_PS1 1545.7191 71.183 19.527173573821827 0.05
OBS: 4.284024729265738 z_PS1 1321.7887 60.8706 19.697094884163967 0.05
OBS: 8.568049458531476 z_PS1 1089.3888 50.1682 19.907042758452 0.05
OBS: 12.852074187797214 z_PS1 983.3388 45.2844 20.018242025243545 0.05
OBS: 17.136098917062952 z_PS1 1018.5936 46.908 19.9799976194928 0.05
OBS: 21.42012364632869 z_PS1 1073.5401 49.4383 19.922954346688904 0.05
OBS: 25.70414837559443 z_PS1 913.945 42.0887 20.097699901342658 0.05
OBS: 29.988173104860167 z_PS1 675.878 31.1253 20.425329163591393 0.05
OBS: 34.272197834125905 z_PS1 504.3468 23.226 20.74317672535077 0.05
OBS: 38.55622256339164 z_PS1 410.591 18.9084 20.966476542030556 0.05
END: