# 15 
# SNANA-like file generated from user-provided data
# Zeropoint of the converted SNANA file: 27.5 mag
# -----------------------------------------------------------
# Data table created by: anonymous
# On date: 2023.03.14 (yyyy.mm.dd); 20.49 hrs (GMT).
# Script used: BayeSNmodel.io.write_snana_lcfile.py
# -----------------------------------------------------------
SNID: 15
MWEBV: 0
REDSHIFT_HELIO: 0.08455866962409495
REDSHIFT_CMB: 0.08455866962409495
REDSHIFT_CMB_ERR: 0.001
PEAKMJD: 0
FILTERS: g_PS1,i_PS1,r_PS1,z_PS1
# -----------------------------------------------------------
NOBS: 48
NVAR: 6
VARLIST: MJD FLT FLUXCAL FLUXCALERR MAG MAGERR
OBS: -8.67646935699276 g_PS1 2427.1994 111.7767 19.037236344123716 0.05
OBS: -4.33823467849638 g_PS1 3956.2943 182.1941 18.506778516401237 0.05
OBS: 0.0 g_PS1 4455.1382 205.1667 18.377847050960636 0.05
OBS: 4.33823467849638 g_PS1 4164.9476 191.8029 18.45097614102446 0.05
OBS: 8.67646935699276 g_PS1 3367.9281 155.0988 18.68159296778661 0.05
OBS: 13.014704035489139 g_PS1 2410.1968 110.9937 19.044868740505404 0.05
OBS: 17.35293871398552 g_PS1 1696.7393 78.1377 19.425962211607537 0.05
OBS: 21.6911733924819 g_PS1 1162.3276 53.5272 19.836678666414468 0.05
OBS: 26.029408070978278 g_PS1 813.0712 37.4433 20.224678542175493 0.05
OBS: 30.36764274947466 g_PS1 628.6108 28.9486 20.504045436034072 0.05
OBS: 34.70587742797104 g_PS1 517.6197 23.8373 20.71497310930201 0.05
OBS: 39.044112106467416 g_PS1 432.0508 19.8967 20.911162945988604 0.05
OBS: -8.67646935699276 r_PS1 2160.1011 99.4763 19.16381480123264 0.05
OBS: -4.33823467849638 r_PS1 3222.4892 148.4011 18.72952132278482 0.05
OBS: 0.0 r_PS1 3736.8955 172.0904 18.568722607633042 0.05
OBS: 4.33823467849638 r_PS1 3650.6312 168.1178 18.59408009898494 0.05
OBS: 8.67646935699276 r_PS1 3245.8401 149.4765 18.721682213262312 0.05
OBS: 13.014704035489139 r_PS1 2704.3659 124.5407 18.91983637654851 0.05
OBS: 17.35293871398552 r_PS1 2228.8632 102.6429 19.129791446983283 0.05
OBS: 21.6911733924819 r_PS1 1906.2593 87.7865 19.299545043630452 0.05
OBS: 26.029408070978278 r_PS1 1592.3078 73.3285 19.494932417380348 0.05
OBS: 30.36764274947466 r_PS1 1254.5039 57.772 19.75382000102612 0.05
OBS: 34.70587742797104 r_PS1 998.1337 45.9658 20.002028157589933 0.05
OBS: 39.044112106467416 r_PS1 860.7075 39.637 20.162861073926415 0.05
OBS: -8.67646935699276 i_PS1 1914.4577 88.164 19.294885587433285 0.05
OBS: -4.33823467849638 i_PS1 2647.263 121.911 18.943007295222593 0.05
OBS: 0.0 i_PS1 2702.0131 124.4323 18.920781384511272 0.05
OBS: 4.33823467849638 i_PS1 2585.2997 119.0575 18.96872275449499 0.05
OBS: 8.67646935699276 i_PS1 2145.6162 98.8093 19.171119898621924 0.05
OBS: 13.014704035489139 i_PS1 1699.4568 78.2629 19.42422468902477 0.05
OBS: 17.35293871398552 i_PS1 1533.3271 70.6123 19.535912955913254 0.05
OBS: 21.6911733924819 i_PS1 1552.2319 71.4829 19.52260851520868 0.05
OBS: 26.029408070978278 i_PS1 1527.0533 70.3234 19.54036451044022 0.05
OBS: 30.36764274947466 i_PS1 1391.8716 64.0981 19.641002055332528 0.05
OBS: 34.70587742797104 i_PS1 1171.033 53.9281 19.828577197622167 0.05
OBS: 39.044112106467416 i_PS1 916.4254 42.203 20.094757157390454 0.05
OBS: -8.67646935699276 z_PS1 1380.2577 63.5632 19.650099591431093 0.05
OBS: -4.33823467849638 z_PS1 1982.6912 91.3063 19.256862299249974 0.05
OBS: 0.0 z_PS1 2071.4332 95.393 19.209322686332186 0.05
OBS: 4.33823467849638 z_PS1 1850.7685 85.231 19.331619740573778 0.05
OBS: 8.67646935699276 z_PS1 1477.3937 68.0365 19.576259372644678 0.05
OBS: 13.014704035489139 z_PS1 1176.1373 54.1631 19.823854967735265 0.05
OBS: 17.35293871398552 z_PS1 1025.5924 47.2303 19.972563041091426 0.05
OBS: 21.6911733924819 z_PS1 1041.8095 47.9771 19.955529250540103 0.05
OBS: 26.029408070978278 z_PS1 1083.852 49.9132 19.912575091575413 0.05
OBS: 30.36764274947466 z_PS1 1058.7972 48.7594 19.937968026370015 0.05
OBS: 34.70587742797104 z_PS1 940.1301 43.2946 20.067030127588964 0.05
OBS: 39.044112106467416 z_PS1 777.2644 35.7943 20.27357807280508 0.05
END: