# 155 
# SNANA-like file generated from user-provided data
# Zeropoint of the converted SNANA file: 27.5 mag
# -----------------------------------------------------------
# Data table created by: anonymous
# On date: 2023.03.14 (yyyy.mm.dd); 20.49 hrs (GMT).
# Script used: BayeSNmodel.io.write_snana_lcfile.py
# -----------------------------------------------------------
SNID: 155
MWEBV: 0
REDSHIFT_HELIO: 0.09937751085154095
REDSHIFT_CMB: 0.09937751085154095
REDSHIFT_CMB_ERR: 0.001
PEAKMJD: 0
FILTERS: g_PS1,i_PS1,r_PS1,z_PS1
# -----------------------------------------------------------
NOBS: 48
NVAR: 6
VARLIST: MJD FLT FLUXCAL FLUXCALERR MAG MAGERR
OBS: -8.795020086812327 g_PS1 1908.1702 87.8745 19.298457218167908 0.05
OBS: -4.397510043406164 g_PS1 2835.8094 130.5938 18.86830740109819 0.05
OBS: 0.0 g_PS1 2919.9074 134.4667 18.83657729831297 0.05
OBS: 4.397510043406164 g_PS1 2516.8312 115.9044 18.997864793309876 0.05
OBS: 8.795020086812327 g_PS1 1925.4542 88.6704 19.288667004076462 0.05
OBS: 13.19253013021849 g_PS1 1345.2211 61.9497 19.678015801099885 0.05
OBS: 17.590040173624654 g_PS1 952.4432 43.8616 20.05290228400197 0.05
OBS: 21.98755021703082 g_PS1 654.5392 30.1426 20.46016087370681 0.05
OBS: 26.38506026043698 g_PS1 444.0724 20.4503 20.881365602026978 0.05
OBS: 30.782570303843144 g_PS1 330.992 15.2427 21.200456281316452 0.05
OBS: 35.18008034724931 g_PS1 272.8557 12.5655 21.410167580791953 0.05
OBS: 39.57759039065547 g_PS1 238.7527 10.995 21.555129121685194 0.05
OBS: -8.795020086812327 r_PS1 1568.4214 72.2285 19.51134308527992 0.05
OBS: -4.397510043406164 r_PS1 2289.467 105.4339 19.100664018611916 0.05
OBS: 0.0 r_PS1 2534.2713 116.7075 18.990367251449385 0.05
OBS: 4.397510043406164 r_PS1 2311.8247 106.4635 19.09011275223486 0.05
OBS: 8.795020086812327 r_PS1 1922.3437 88.5272 19.290422424243772 0.05
OBS: 13.19253013021849 r_PS1 1550.9959 71.426 19.523473353834653 0.05
OBS: 17.590040173624654 r_PS1 1283.4318 59.1042 19.72906801337411 0.05
OBS: 21.98755021703082 r_PS1 1098.7006 50.597 19.89780163121712 0.05
OBS: 26.38506026043698 r_PS1 905.4374 41.6969 20.10785387593065 0.05
OBS: 30.782570303843144 r_PS1 705.4053 32.4851 20.37890314220857 0.05
OBS: 35.18008034724931 r_PS1 559.4624 25.7642 20.63057278653602 0.05
OBS: 39.57759039065547 r_PS1 487.8971 22.4685 20.779179394093852 0.05
OBS: -8.795020086812327 i_PS1 1214.9364 55.9499 19.788616144885616 0.05
OBS: -4.397510043406164 i_PS1 1707.7647 78.6455 19.418929896319156 0.05
OBS: 0.0 i_PS1 1786.1693 82.2561 19.370193476892858 0.05
OBS: 4.397510043406164 i_PS1 1717.8393 79.1094 19.41254363582356 0.05
OBS: 8.795020086812327 i_PS1 1409.8265 64.9249 19.627085845886562 0.05
OBS: 13.19253013021849 i_PS1 1074.9403 49.5028 19.92153916526442 0.05
OBS: 17.590040173624654 i_PS1 909.2398 41.872 20.10330388710741 0.05
OBS: 21.98755021703082 i_PS1 889.8322 40.9783 20.12672965145181 0.05
OBS: 26.38506026043698 i_PS1 904.496 41.6536 20.108983374968304 0.05
OBS: 30.782570303843144 i_PS1 868.9318 40.0158 20.152535797412696 0.05
OBS: 35.18008034724931 i_PS1 741.1258 34.1301 20.325270122705845 0.05
OBS: 39.57759039065547 i_PS1 555.0165 25.5595 20.63923530086788 0.05
OBS: -8.795020086812327 z_PS1 1077.4873 49.6201 19.918969582140868 0.05
OBS: -4.397510043406164 z_PS1 1351.6402 62.2453 19.672847260507048 0.05
OBS: 0.0 z_PS1 1250.7639 57.5998 19.757061647570957 0.05
OBS: 4.397510043406164 z_PS1 1042.7965 48.0226 19.954501110484138 0.05
OBS: 8.795020086812327 z_PS1 783.3141 36.0729 20.26516014103072 0.05
OBS: 13.19253013021849 z_PS1 609.174 28.0535 20.538146535812288 0.05
OBS: 17.590040173624654 z_PS1 530.3156 24.4219 20.688663930208136 0.05
OBS: 21.98755021703082 z_PS1 563.1852 25.9356 20.623371989183035 0.05
OBS: 26.38506026043698 z_PS1 638.7607 29.416 20.48665453090721 0.05
OBS: 30.782570303843144 z_PS1 681.5549 31.3868 20.41624780975328 0.05
OBS: 35.18008034724931 z_PS1 635.4673 29.2643 20.492267019578165 0.05
OBS: 39.57759039065547 z_PS1 520.9367 23.99 20.708037578925683 0.05
END: