# 16 
# SNANA-like file generated from user-provided data
# Zeropoint of the converted SNANA file: 27.5 mag
# -----------------------------------------------------------
# Data table created by: anonymous
# On date: 2023.03.14 (yyyy.mm.dd); 20.49 hrs (GMT).
# Script used: BayeSNmodel.io.write_snana_lcfile.py
# -----------------------------------------------------------
SNID: 16
MWEBV: 0
REDSHIFT_HELIO: 0.09070949047041396
REDSHIFT_CMB: 0.09070949047041396
REDSHIFT_CMB_ERR: 0.001
PEAKMJD: 0
FILTERS: g_PS1,i_PS1,r_PS1,z_PS1
# -----------------------------------------------------------
NOBS: 48
NVAR: 6
VARLIST: MJD FLT FLUXCAL FLUXCALERR MAG MAGERR
OBS: -8.725675923763312 g_PS1 2096.1299 96.5304 19.196454497066025 0.05
OBS: -4.362837961881656 g_PS1 3251.8013 149.751 18.719689991838653 0.05
OBS: 0.0 g_PS1 3486.0087 160.5366 18.644178827880506 0.05
OBS: 4.362837961881656 g_PS1 3120.9757 143.7262 18.764274026711487 0.05
OBS: 8.725675923763312 g_PS1 2479.7907 114.1986 19.013962425646422 0.05
OBS: 13.088513885644968 g_PS1 1807.0509 83.2178 19.35757406316743 0.05
OBS: 17.451351847526624 g_PS1 1363.3428 62.7843 19.663487289821557 0.05
OBS: 21.81418980940828 g_PS1 1013.5119 46.6739 19.98542784350668 0.05
OBS: 26.177027771289936 g_PS1 714.5397 32.9058 20.36493402222096 0.05
OBS: 30.53986573317159 g_PS1 531.949 24.4972 20.685325035134195 0.05
OBS: 34.90270369505325 g_PS1 418.0582 19.2523 20.946908015262583 0.05
OBS: 39.2655416569349 g_PS1 334.3062 15.3954 21.189638936069205 0.05
OBS: -8.725675923763312 r_PS1 2028.2358 93.4037 19.23220391459798 0.05
OBS: -4.362837961881656 r_PS1 2890.21 133.0991 18.847676517796394 0.05
OBS: 0.0 r_PS1 3207.9314 147.7307 18.7344373332972 0.05
OBS: 4.362837961881656 r_PS1 3013.9704 138.7985 18.802152545624864 0.05
OBS: 8.725675923763312 r_PS1 2589.7193 119.261 18.96686827962089 0.05
OBS: 13.088513885644968 r_PS1 2092.0841 96.344 19.198552152824213 0.05
OBS: 17.451351847526624 r_PS1 1711.5636 78.8204 19.416517365153048 0.05
OBS: 21.81418980940828 r_PS1 1499.5644 69.0575 19.5600872222493 0.05
OBS: 26.177027771289936 r_PS1 1341.2595 61.7673 19.681217988457284 0.05
OBS: 30.53986573317159 r_PS1 1150.4468 52.98 19.847833662261046 0.05
OBS: 34.90270369505325 r_PS1 933.6055 42.9941 20.07459149593742 0.05
OBS: 39.2655416569349 r_PS1 751.5378 34.6096 20.310122978099457 0.05
OBS: -8.725675923763312 i_PS1 1767.1362 81.3796 19.38182494989386 0.05
OBS: -4.362837961881656 i_PS1 2125.755 97.8946 19.181216952960952 0.05
OBS: 0.0 i_PS1 2010.2112 92.5736 19.241895759284617 0.05
OBS: 4.362837961881656 i_PS1 1917.2236 88.2914 19.29331810758182 0.05
OBS: 8.725675923763312 i_PS1 1628.5093 74.9956 19.470524369391264 0.05
OBS: 13.088513885644968 i_PS1 1273.4388 58.644 19.737554772468556 0.05
OBS: 17.451351847526624 i_PS1 1091.9752 50.2873 19.90446801480691 0.05
OBS: 21.81418980940828 i_PS1 1122.0181 51.6708 19.875000374718667 0.05
OBS: 26.177027771289936 i_PS1 1253.3883 57.7207 19.754785871256736 0.05
OBS: 30.53986573317159 i_PS1 1319.664 60.7728 19.698841575100793 0.05
OBS: 34.90270369505325 i_PS1 1157.1325 53.2879 19.84154225674196 0.05
OBS: 39.2655416569349 i_PS1 828.4186 38.1501 20.204375419814923 0.05
OBS: -8.725675923763312 z_PS1 1395.2824 64.2551 19.63834474359104 0.05
OBS: -4.362837961881656 z_PS1 1660.4547 76.4668 19.44943239932526 0.05
OBS: 0.0 z_PS1 1491.1392 68.6695 19.56620454355088 0.05
OBS: 4.362837961881656 z_PS1 1220.1652 56.1907 19.78395337812055 0.05
OBS: 8.725675923763312 z_PS1 930.403 42.8466 20.078322271264526 0.05
OBS: 13.088513885644968 z_PS1 738.2656 33.9984 20.329468433090092 0.05
OBS: 17.451351847526624 z_PS1 669.0999 30.8132 20.436272581884687 0.05
OBS: 21.81418980940828 z_PS1 743.457 34.2375 20.3218603963143 0.05
OBS: 26.177027771289936 z_PS1 867.5086 39.9502 20.15431553329774 0.05
OBS: 30.53986573317159 z_PS1 929.6092 42.8101 20.079248982635704 0.05
OBS: 34.90270369505325 z_PS1 859.6651 39.589 20.16417674212567 0.05
OBS: 39.2655416569349 z_PS1 700.4294 32.256 20.386589116957133 0.05
END: