# 161 
# SNANA-like file generated from user-provided data
# Zeropoint of the converted SNANA file: 27.5 mag
# -----------------------------------------------------------
# Data table created by: anonymous
# On date: 2023.03.14 (yyyy.mm.dd); 20.49 hrs (GMT).
# Script used: BayeSNmodel.io.write_snana_lcfile.py
# -----------------------------------------------------------
SNID: 161
MWEBV: 0
REDSHIFT_HELIO: 0.09115377564881046
REDSHIFT_CMB: 0.09115377564881046
REDSHIFT_CMB_ERR: 0.001
PEAKMJD: 0
FILTERS: g_PS1,i_PS1,r_PS1,z_PS1
# -----------------------------------------------------------
NOBS: 48
NVAR: 6
VARLIST: MJD FLT FLUXCAL FLUXCALERR MAG MAGERR
OBS: -8.729230205190484 g_PS1 1375.7022 63.3534 19.653688911353203 0.05
OBS: -4.364615102595242 g_PS1 2377.6254 109.4937 19.059641401477148 0.05
OBS: 0.0 g_PS1 2563.4468 118.0511 18.977939237512626 0.05
OBS: 4.364615102595242 g_PS1 2025.0454 93.2568 19.23391310057681 0.05
OBS: 8.729230205190484 g_PS1 1376.1091 63.3722 19.653367843223354 0.05
OBS: 13.093845307785728 g_PS1 906.8422 41.7616 20.106170659819288 0.05
OBS: 17.45846041038097 g_PS1 638.8897 29.422 20.486435283684944 0.05
OBS: 21.82307551297621 g_PS1 433.8884 19.9813 20.906554949520558 0.05
OBS: 26.187690615571455 g_PS1 283.675 13.0637 21.36794738888867 0.05
OBS: 30.552305718166696 g_PS1 203.8294 9.3867 21.726832927725706 0.05
OBS: 34.91692082076194 g_PS1 169.4335 7.8027 21.92750152965679 0.05
OBS: 39.28153592335718 g_PS1 157.1474 7.2369 22.009232197466336 0.05
OBS: -8.729230205190484 r_PS1 1168.9712 53.8331 19.830490427787097 0.05
OBS: -4.364615102595242 r_PS1 1943.7707 89.514 19.27838740362948 0.05
OBS: 0.0 r_PS1 2348.4437 108.1498 19.073049626863124 0.05
OBS: 4.364615102595242 r_PS1 2178.3082 100.3148 19.154701706625843 0.05
OBS: 8.729230205190484 r_PS1 1759.8447 81.0438 19.386314108221946 0.05
OBS: 13.093845307785728 r_PS1 1349.5504 62.1491 19.674527234617706 0.05
OBS: 17.45846041038097 r_PS1 1057.3084 48.6909 19.939495793853986 0.05
OBS: 21.82307551297621 r_PS1 859.8093 39.5957 20.163994639564997 0.05
OBS: 26.187690615571455 r_PS1 651.7484 30.0141 20.464800055569548 0.05
OBS: 30.552305718166696 r_PS1 464.4577 21.3891 20.832634682845466 0.05
OBS: 34.91692082076194 r_PS1 358.5579 16.5122 21.11360171924933 0.05
OBS: 39.28153592335718 r_PS1 325.9972 15.0127 21.216965299430086 0.05
OBS: -8.729230205190484 i_PS1 1080.3134 49.7503 19.91612563260125 0.05
OBS: -4.364615102595242 i_PS1 1702.7225 78.4133 19.422140338807495 0.05
OBS: 0.0 i_PS1 1800.1829 82.9015 19.361708426238195 0.05
OBS: 4.364615102595242 i_PS1 1548.2919 71.3015 19.52536787002343 0.05
OBS: 8.729230205190484 i_PS1 1147.1412 52.8278 19.85095779376968 0.05
OBS: 13.093845307785728 i_PS1 949.8079 43.7403 20.055910527591024 0.05
OBS: 17.45846041038097 i_PS1 1010.576 46.5387 19.988577512220672 0.05
OBS: 21.82307551297621 i_PS1 1097.7751 50.5544 19.898716534265 0.05
OBS: 26.187690615571455 i_PS1 906.4901 41.7454 20.106592333836126 0.05
OBS: 30.552305718166696 i_PS1 629.1069 28.9714 20.503188839197968 0.05
OBS: 34.91692082076194 i_PS1 457.573 21.072 20.848849128898074 0.05
OBS: 39.28153592335718 i_PS1 374.8366 17.2619 21.06539494939151 0.05
OBS: -8.729230205190484 z_PS1 906.402 41.7414 20.10669782924525 0.05
OBS: -4.364615102595242 z_PS1 1246.2419 57.3916 19.76099412659466 0.05
OBS: 0.0 z_PS1 1180.2879 54.3543 19.820030135960813 0.05
OBS: 4.364615102595242 z_PS1 914.3621 42.1079 20.097204450169016 0.05
OBS: 8.729230205190484 z_PS1 664.3648 30.5951 20.443983492083255 0.05
OBS: 13.093845307785728 z_PS1 590.9927 27.2162 20.57104478998152 0.05
OBS: 17.45846041038097 z_PS1 663.6179 30.5607 20.445204795678748 0.05
OBS: 21.82307551297621 z_PS1 786.3818 36.2142 20.26091643207073 0.05
OBS: 26.187690615571455 z_PS1 720.0701 33.1605 20.356562987352326 0.05
OBS: 30.552305718166696 z_PS1 535.3125 24.652 20.67848162591153 0.05
OBS: 34.91692082076194 z_PS1 390.8381 17.9988 21.020007887940842 0.05
OBS: 39.28153592335718 z_PS1 308.4007 14.2024 21.27721145096698 0.05
END: