# 165 
# SNANA-like file generated from user-provided data
# Zeropoint of the converted SNANA file: 27.5 mag
# -----------------------------------------------------------
# Data table created by: anonymous
# On date: 2023.03.14 (yyyy.mm.dd); 20.49 hrs (GMT).
# Script used: BayeSNmodel.io.write_snana_lcfile.py
# -----------------------------------------------------------
SNID: 165
MWEBV: 0
REDSHIFT_HELIO: 0.08568088050990719
REDSHIFT_CMB: 0.08568088050990719
REDSHIFT_CMB_ERR: 0.001
PEAKMJD: 0
FILTERS: g_PS1,i_PS1,r_PS1,z_PS1
# -----------------------------------------------------------
NOBS: 48
NVAR: 6
VARLIST: MJD FLT FLUXCAL FLUXCALERR MAG MAGERR
OBS: -8.685447044079257 g_PS1 1712.7168 78.8735 19.41578611572992 0.05
OBS: -4.342723522039629 g_PS1 2977.926 137.1386 18.81521525906589 0.05
OBS: 0.0 g_PS1 3257.7774 150.0262 18.717696488597593 0.05
OBS: 4.342723522039629 g_PS1 2647.7521 121.9335 18.94280669482077 0.05
OBS: 8.685447044079257 g_PS1 1851.1292 85.2476 19.331408179304088 0.05
OBS: 13.028170566118886 g_PS1 1245.3284 57.3495 19.761790275866947 0.05
OBS: 17.370894088158515 g_PS1 888.3337 40.9093 20.1285597055338 0.05
OBS: 21.713617610198142 g_PS1 613.1665 28.2374 20.531054027874912 0.05
OBS: 26.056341132237772 g_PS1 412.5918 19.0006 20.961198451225616 0.05
OBS: 30.399064654277403 g_PS1 304.7683 14.0351 21.29007543284718 0.05
OBS: 34.74178817631703 g_PS1 253.4945 11.6739 21.490078823758754 0.05
OBS: 39.08451169835666 g_PS1 228.2028 10.5091 21.604197430389146 0.05
OBS: -8.685447044079257 r_PS1 1537.9938 70.8272 19.53261353128938 0.05
OBS: -4.342723522039629 r_PS1 2502.1552 115.2285 19.004214377434373 0.05
OBS: 0.0 r_PS1 3036.5658 139.839 18.79404326143885 0.05
OBS: 4.342723522039629 r_PS1 2918.9616 134.4231 18.83692904636966 0.05
OBS: 8.685447044079257 r_PS1 2434.0723 112.0932 19.03416631324088 0.05
OBS: 13.028170566118886 r_PS1 1841.8152 84.8187 19.336884842914962 0.05
OBS: 17.370894088158515 r_PS1 1366.8663 62.9465 19.660684937759306 0.05
OBS: 21.713617610198142 r_PS1 1072.3158 49.382 19.924193243408304 0.05
OBS: 26.056341132237772 r_PS1 840.0173 38.6842 20.189279414859904 0.05
OBS: 30.399064654277403 r_PS1 637.2454 29.3462 20.489233244568247 0.05
OBS: 34.74178817631703 r_PS1 505.1515 23.2631 20.741445937037888 0.05
OBS: 39.08451169835666 r_PS1 445.9767 20.538 20.876719673371554 0.05
OBS: -8.685447044079257 i_PS1 1235.825 56.9118 19.770107516440653 0.05
OBS: -4.342723522039629 i_PS1 2041.1091 93.9965 19.225334450780274 0.05
OBS: 0.0 i_PS1 2271.8086 104.6207 19.109070629177076 0.05
OBS: 4.342723522039629 i_PS1 2085.5204 96.0418 19.201963893277387 0.05
OBS: 8.685447044079257 i_PS1 1601.8059 73.7659 19.488475284381693 0.05
OBS: 13.028170566118886 i_PS1 1273.864 58.6636 19.73719235438459 0.05
OBS: 17.370894088158515 i_PS1 1236.3137 56.9343 19.76967829396733 0.05
OBS: 21.713617610198142 i_PS1 1253.6596 57.7332 19.754550957470187 0.05
OBS: 26.056341132237772 i_PS1 1042.975 48.0308 19.954315210271943 0.05
OBS: 30.399064654277403 i_PS1 764.3322 35.1988 20.291794629553635 0.05
OBS: 34.74178817631703 i_PS1 583.9306 26.891 20.584096843065147 0.05
OBS: 39.08451169835666 i_PS1 489.914 22.5614 20.77470039605135 0.05
OBS: -8.685447044079257 z_PS1 1004.4145 46.255 19.99521751240713 0.05
OBS: -4.342723522039629 z_PS1 1449.4005 66.7474 19.597028993491705 0.05
OBS: 0.0 z_PS1 1477.5838 68.0452 19.576119678309162 0.05
OBS: 4.342723522039629 z_PS1 1251.533 57.6352 19.756394210213905 0.05
OBS: 8.685447044079257 z_PS1 979.7881 45.1209 20.02216956841074 0.05
OBS: 13.028170566118886 z_PS1 862.6124 39.7248 20.16046081029603 0.05
OBS: 17.370894088158515 z_PS1 894.3319 41.1855 20.121253214863266 0.05
OBS: 21.713617610198142 z_PS1 977.8948 45.0337 20.024269709749248 0.05
OBS: 26.056341132237772 z_PS1 878.7275 40.4669 20.140364486692413 0.05
OBS: 30.399064654277403 z_PS1 672.5912 30.974 20.430622044422456 0.05
OBS: 34.74178817631703 z_PS1 513.5498 23.6498 20.723543649546137 0.05
OBS: 39.08451169835666 z_PS1 425.1469 19.5787 20.928652375242216 0.05
END: