# 166 
# SNANA-like file generated from user-provided data
# Zeropoint of the converted SNANA file: 27.5 mag
# -----------------------------------------------------------
# Data table created by: anonymous
# On date: 2023.03.14 (yyyy.mm.dd); 20.49 hrs (GMT).
# Script used: BayeSNmodel.io.write_snana_lcfile.py
# -----------------------------------------------------------
SNID: 166
MWEBV: 0
REDSHIFT_HELIO: 0.08953274878614104
REDSHIFT_CMB: 0.08953274878614104
REDSHIFT_CMB_ERR: 0.001
PEAKMJD: 0
FILTERS: g_PS1,i_PS1,r_PS1,z_PS1
# -----------------------------------------------------------
NOBS: 48
NVAR: 6
VARLIST: MJD FLT FLUXCAL FLUXCALERR MAG MAGERR
OBS: -8.716261990289128 g_PS1 1904.2704 87.6949 19.30067847694802 0.05
OBS: -4.358130995144564 g_PS1 3391.0635 156.1642 18.674160186420263 0.05
OBS: 0.0 g_PS1 3716.7199 171.1613 18.574600415467568 0.05
OBS: 4.358130995144564 g_PS1 2927.2113 134.8031 18.833864822374732 0.05
OBS: 8.716261990289128 g_PS1 1960.0298 90.2627 19.269343298726266 0.05
OBS: 13.074392985433693 g_PS1 1276.6868 58.7936 19.734789072371196 0.05
OBS: 17.432523980578257 g_PS1 912.4985 42.0221 20.099419660438965 0.05
OBS: 21.79065497572282 g_PS1 668.2354 30.7734 20.437676245409076 0.05
OBS: 26.148785970867387 g_PS1 506.4596 23.3233 20.738637901088413 0.05
OBS: 30.50691696601195 g_PS1 417.2084 19.2132 20.94911738764844 0.05
OBS: 34.86504796115651 g_PS1 348.0866 16.03 21.145781600955683 0.05
OBS: 39.223178956301076 g_PS1 277.5049 12.7796 21.391823179295965 0.05
OBS: -8.716261990289128 r_PS1 1709.8803 78.7429 19.41758569834112 0.05
OBS: -4.358130995144564 r_PS1 2590.8693 119.3139 18.96638621849224 0.05
OBS: 0.0 r_PS1 3047.1232 140.3252 18.790274978257933 0.05
OBS: 4.358130995144564 r_PS1 2998.3478 138.079 18.807794980647586 0.05
OBS: 8.716261990289128 r_PS1 2583.6261 118.9804 18.96942584331353 0.05
OBS: 13.074392985433693 r_PS1 1935.8268 89.1481 19.282833757703848 0.05
OBS: 17.432523980578257 r_PS1 1372.895 63.2242 19.655906694408543 0.05
OBS: 21.79065497572282 r_PS1 1051.8314 48.4386 19.94513470274027 0.05
OBS: 26.148785970867387 r_PS1 863.8893 39.7836 20.158854763286108 0.05
OBS: 30.50691696601195 r_PS1 712.9515 32.8326 20.36735009780419 0.05
OBS: 34.86504796115651 r_PS1 594.3477 27.3707 20.564898515517875 0.05
OBS: 39.223178956301076 r_PS1 523.3454 24.1009 20.70302898121134 0.05
OBS: -8.716261990289128 i_PS1 1713.8411 78.9253 19.415073585169175 0.05
OBS: -4.358130995144564 i_PS1 2402.6181 110.6447 19.048288156138575 0.05
OBS: 0.0 i_PS1 2449.5133 112.8043 19.027300474990085 0.05
OBS: 4.358130995144564 i_PS1 2288.0422 105.3682 19.10133994752013 0.05
OBS: 8.716261990289128 i_PS1 1861.5761 85.7287 19.32529803673635 0.05
OBS: 13.074392985433693 i_PS1 1494.1356 68.8075 19.564024931670687 0.05
OBS: 17.432523980578257 i_PS1 1371.4307 63.1567 19.657065340786147 0.05
OBS: 21.79065497572282 i_PS1 1303.4275 60.0251 19.71228283460671 0.05
OBS: 26.148785970867387 i_PS1 1053.3091 48.5067 19.943610418525303 0.05
OBS: 30.50691696601195 i_PS1 775.4259 35.7097 20.276149228686904 0.05
OBS: 34.86504796115651 i_PS1 611.5686 28.1638 20.53388702214174 0.05
OBS: 39.223178956301076 i_PS1 538.9813 24.821 20.671065675248492 0.05
OBS: -8.716261990289128 z_PS1 1205.5196 55.5162 19.79706432782421 0.05
OBS: -4.358130995144564 z_PS1 1709.0437 78.7044 19.41811709216212 0.05
OBS: 0.0 z_PS1 1699.5342 78.2664 19.4241751979526 0.05
OBS: 4.358130995144564 z_PS1 1410.3274 64.948 19.62670013372459 0.05
OBS: 8.716261990289128 z_PS1 1080.8142 49.7733 19.915622346940737 0.05
OBS: 13.074392985433693 z_PS1 954.8839 43.974 20.05012361227587 0.05
OBS: 17.432523980578257 z_PS1 1006.4371 46.3481 19.99303340405747 0.05
OBS: 21.79065497572282 z_PS1 1114.5423 51.3266 19.88225856478335 0.05
OBS: 26.148785970867387 z_PS1 993.6474 45.7592 20.006919237228708 0.05
OBS: 30.50691696601195 z_PS1 745.4469 34.3291 20.31895815201566 0.05
OBS: 34.86504796115651 z_PS1 558.4823 25.7191 20.632476385727024 0.05
OBS: 39.223178956301076 z_PS1 455.0774 20.9571 20.854786822615146 0.05
END: