# 171 
# SNANA-like file generated from user-provided data
# Zeropoint of the converted SNANA file: 27.5 mag
# -----------------------------------------------------------
# Data table created by: anonymous
# On date: 2023.03.14 (yyyy.mm.dd); 20.49 hrs (GMT).
# Script used: BayeSNmodel.io.write_snana_lcfile.py
# -----------------------------------------------------------
SNID: 171
MWEBV: 0
REDSHIFT_HELIO: 0.0543418390294687
REDSHIFT_CMB: 0.0543418390294687
REDSHIFT_CMB_ERR: 0.001
PEAKMJD: 0
FILTERS: g_PS1,i_PS1,r_PS1,z_PS1
# -----------------------------------------------------------
NOBS: 48
NVAR: 6
VARLIST: MJD FLT FLUXCAL FLUXCALERR MAG MAGERR
OBS: -8.43473471223575 g_PS1 1607.3556 74.0215 19.484720101786085 0.05
OBS: -4.217367356117875 g_PS1 3241.995 149.2994 18.722969132377425 0.05
OBS: 0.0 g_PS1 4034.6925 185.8045 18.485473890635742 0.05
OBS: 4.217367356117875 g_PS1 3626.3961 167.0017 18.601311900106214 0.05
OBS: 8.43473471223575 g_PS1 2588.1899 119.1905 18.96750967469519 0.05
OBS: 12.652102068353624 g_PS1 1623.7505 74.7765 19.473701756455764 0.05
OBS: 16.8694694244715 g_PS1 1018.6443 46.9103 19.97994364365142 0.05
OBS: 21.086836780589376 g_PS1 639.3375 29.4426 20.485674496082385 0.05
OBS: 25.30420413670725 g_PS1 426.2044 19.6274 20.925955092428634 0.05
OBS: 29.521571492825124 g_PS1 326.4448 15.0333 21.21547567636539 0.05
OBS: 33.738938848943 g_PS1 276.4857 12.7326 21.395818248069713 0.05
OBS: 37.956306205060876 g_PS1 247.8766 11.4151 21.514411370147062 0.05
OBS: -8.43473471223575 r_PS1 1763.1836 81.1976 19.384256142012518 0.05
OBS: -4.217367356117875 r_PS1 3136.3653 144.435 18.75893339590121 0.05
OBS: 0.0 r_PS1 3889.7933 179.1316 18.525183699385323 0.05
OBS: 4.217367356117875 r_PS1 3504.8732 161.4054 18.638319221065764 0.05
OBS: 8.43473471223575 r_PS1 2725.6098 125.519 18.91134081297062 0.05
OBS: 12.652102068353624 r_PS1 2152.3959 99.1215 19.167694611004457 0.05
OBS: 16.8694694244715 r_PS1 1872.6465 86.2386 19.31886051227982 0.05
OBS: 21.086836780589376 r_PS1 1753.0214 80.7296 19.390531943561548 0.05
OBS: 25.30420413670725 r_PS1 1467.4613 67.5791 19.583583345811668 0.05
OBS: 29.521571492825124 r_PS1 1082.4147 49.847 19.914015819449702 0.05
OBS: 33.738938848943 r_PS1 798.6239 36.778 20.24414427955208 0.05
OBS: 37.956306205060876 r_PS1 641.7571 29.554 20.481573296167504 0.05
OBS: -8.43473471223575 i_PS1 1887.7095 86.9322 19.310162115163635 0.05
OBS: -4.217367356117875 i_PS1 2995.9258 137.9675 18.808672354324997 0.05
OBS: 0.0 i_PS1 3043.4618 140.1566 18.791580374171907 0.05
OBS: 4.217367356117875 i_PS1 2515.245 115.8313 18.998549254309822 0.05
OBS: 8.43473471223575 i_PS1 1774.7396 81.7298 19.377163380564674 0.05
OBS: 12.652102068353624 i_PS1 1409.7954 64.9235 19.62710979706941 0.05
OBS: 16.8694694244715 i_PS1 1548.1647 71.2956 19.52545709912011 0.05
OBS: 21.086836780589376 i_PS1 1848.1022 85.1082 19.333185059387006 0.05
OBS: 25.30420413670725 i_PS1 1767.5419 81.3983 19.3815757219202 0.05
OBS: 29.521571492825124 i_PS1 1393.8824 64.1907 19.63943466070787 0.05
OBS: 33.738938848943 i_PS1 1034.9728 47.6623 19.962677687807115 0.05
OBS: 37.956306205060876 i_PS1 760.9675 35.0438 20.296584798118737 0.05
OBS: -8.43473471223575 z_PS1 1872.1488 86.2156 19.31914910942647 0.05
OBS: -4.217367356117875 z_PS1 3033.5898 139.702 18.795107850284637 0.05
OBS: 0.0 z_PS1 3301.0646 152.0196 18.703364948049817 0.05
OBS: 4.217367356117875 z_PS1 2583.0157 118.9523 18.969682367714697 0.05
OBS: 8.43473471223575 z_PS1 1913.3102 88.1112 19.295536528073946 0.05
OBS: 12.652102068353624 z_PS1 1591.9034 73.3099 19.495208198184187 0.05
OBS: 16.8694694244715 z_PS1 1620.9458 74.6473 19.475578741980677 0.05
OBS: 21.086836780589376 z_PS1 1793.7365 82.6046 19.3656033922667 0.05
OBS: 25.30420413670725 z_PS1 1717.357 79.0872 19.41284850961496 0.05
OBS: 29.521571492825124 z_PS1 1405.6331 64.7318 19.63032007937253 0.05
OBS: 33.738938848943 z_PS1 1058.0395 48.7245 19.93874529730894 0.05
OBS: 37.956306205060876 z_PS1 778.408 35.847 20.271981838661432 0.05
END: