# 185 
# SNANA-like file generated from user-provided data
# Zeropoint of the converted SNANA file: 27.5 mag
# -----------------------------------------------------------
# Data table created by: anonymous
# On date: 2023.03.14 (yyyy.mm.dd); 20.49 hrs (GMT).
# Script used: BayeSNmodel.io.write_snana_lcfile.py
# -----------------------------------------------------------
SNID: 185
MWEBV: 0
REDSHIFT_HELIO: 0.07742366876577467
REDSHIFT_CMB: 0.07742366876577467
REDSHIFT_CMB_ERR: 0.001
PEAKMJD: 0
FILTERS: g_PS1,i_PS1,r_PS1,z_PS1
# -----------------------------------------------------------
NOBS: 48
NVAR: 6
VARLIST: MJD FLT FLUXCAL FLUXCALERR MAG MAGERR
OBS: -8.619389350126198 g_PS1 1317.8394 60.6887 19.700343779101463 0.05
OBS: -4.309694675063099 g_PS1 2501.5261 115.1995 19.00448740164884 0.05
OBS: 0.0 g_PS1 2939.3953 135.3642 18.829355011213774 0.05
OBS: 4.309694675063099 g_PS1 2488.817 114.6143 19.010017572239402 0.05
OBS: 8.619389350126198 g_PS1 1745.1001 80.3648 19.39544917237114 0.05
OBS: 12.929084025189297 g_PS1 1181.9768 54.432 19.818477612905394 0.05
OBS: 17.238778700252396 g_PS1 869.7146 40.0518 20.151558116701505 0.05
OBS: 21.548473375315496 g_PS1 634.1402 29.2032 20.494536730697124 0.05
OBS: 25.858168050378595 g_PS1 455.9792 20.9986 20.852637371028674 0.05
OBS: 30.167862725441694 g_PS1 353.883 16.2969 21.1278507664226 0.05
OBS: 34.47755740050479 g_PS1 293.4524 13.514 21.331155869422812 0.05
OBS: 38.78725207556789 g_PS1 250.7182 11.546 21.502035380099823 0.05
OBS: -8.619389350126198 r_PS1 1192.0863 54.8976 19.809230748450958 0.05
OBS: -4.309694675063099 r_PS1 2095.0363 96.48 19.19702111686501 0.05
OBS: 0.0 r_PS1 2694.7104 124.096 18.92371974044469 0.05
OBS: 4.309694675063099 r_PS1 2673.9793 123.1413 18.932104883600275 0.05
OBS: 8.619389350126198 r_PS1 2285.312 105.2425 19.1026362433088 0.05
OBS: 12.929084025189297 r_PS1 1822.9802 83.9513 19.348045095586663 0.05
OBS: 17.238778700252396 r_PS1 1465.543 67.4907 19.58500361570433 0.05
OBS: 21.548473375315496 r_PS1 1235.4161 56.893 19.77046684846244 0.05
OBS: 25.858168050378595 r_PS1 1006.5186 46.3519 19.992945472032815 0.05
OBS: 30.167862725441694 r_PS1 774.2118 35.6538 20.277850517184255 0.05
OBS: 34.47755740050479 r_PS1 614.2424 28.2869 20.529150489860804 0.05
OBS: 38.78725207556789 r_PS1 539.0998 24.8265 20.670827016475542 0.05
OBS: -8.619389350126198 i_PS1 1054.7492 48.573 19.942126957128608 0.05
OBS: -4.309694675063099 i_PS1 1780.6883 82.0037 19.37353021550065 0.05
OBS: 0.0 i_PS1 2026.7418 93.3349 19.233003942891727 0.05
OBS: 4.309694675063099 i_PS1 1941.6228 89.415 19.27958784253019 0.05
OBS: 8.619389350126198 i_PS1 1550.4081 71.3989 19.5238849211743 0.05
OBS: 12.929084025189297 i_PS1 1248.0505 57.4748 19.759419620478305 0.05
OBS: 17.238778700252396 i_PS1 1208.3243 55.6454 19.79454123845204 0.05
OBS: 21.548473375315496 i_PS1 1235.595 56.9013 19.770309621367332 0.05
OBS: 25.858168050378595 i_PS1 1062.4697 48.9285 19.934208577284345 0.05
OBS: 30.167862725441694 i_PS1 814.4894 37.5086 20.222786467173663 0.05
OBS: 34.47755740050479 i_PS1 642.3034 29.5792 20.480649440890033 0.05
OBS: 38.78725207556789 i_PS1 545.1622 25.1056 20.65868558230533 0.05
OBS: -8.619389350126198 z_PS1 919.9267 42.3642 20.090616982902 0.05
OBS: -4.309694675063099 z_PS1 1504.4387 69.282 19.556563741652177 0.05
OBS: 0.0 z_PS1 1663.3335 76.5993 19.447551687783033 0.05
OBS: 4.309694675063099 z_PS1 1405.8988 64.744 19.630114853652373 0.05
OBS: 8.619389350126198 z_PS1 1066.6252 49.1199 19.92997036820247 0.05
OBS: 12.929084025189297 z_PS1 883.7968 40.7003 20.13411896758241 0.05
OBS: 17.238778700252396 z_PS1 870.6986 40.0972 20.150330429041723 0.05
OBS: 21.548473375315496 z_PS1 928.7085 42.7686 20.08030140719341 0.05
OBS: 25.858168050378595 z_PS1 858.1634 39.5199 20.166075072170905 0.05
OBS: 30.167862725441694 z_PS1 698.1643 32.1517 20.390105838587345 0.05
OBS: 34.47755740050479 z_PS1 563.4699 25.9487 20.622823165297753 0.05
OBS: 38.78725207556789 z_PS1 486.5663 22.4072 20.78214488912362 0.05
END: