# 186 
# SNANA-like file generated from user-provided data
# Zeropoint of the converted SNANA file: 27.5 mag
# -----------------------------------------------------------
# Data table created by: anonymous
# On date: 2023.03.14 (yyyy.mm.dd); 20.49 hrs (GMT).
# Script used: BayeSNmodel.io.write_snana_lcfile.py
# -----------------------------------------------------------
SNID: 186
MWEBV: 0
REDSHIFT_HELIO: 0.09385559637786219
REDSHIFT_CMB: 0.09385559637786219
REDSHIFT_CMB_ERR: 0.001
PEAKMJD: 0
FILTERS: g_PS1,i_PS1,r_PS1,z_PS1
# -----------------------------------------------------------
NOBS: 48
NVAR: 6
VARLIST: MJD FLT FLUXCAL FLUXCALERR MAG MAGERR
OBS: -8.750844771022898 g_PS1 823.2209 37.9107 20.21120904336176 0.05
OBS: -4.375422385511449 g_PS1 1443.9309 66.4955 19.601133961223386 0.05
OBS: 0.0 g_PS1 1612.1387 74.2417 19.48149402465864 0.05
OBS: 4.375422385511449 g_PS1 1350.4531 62.1907 19.673801208347957 0.05
OBS: 8.750844771022898 g_PS1 962.8451 44.3407 20.041108958888014 0.05
OBS: 13.126267156534347 g_PS1 654.5908 30.145 20.46007527895203 0.05
OBS: 17.501689542045796 g_PS1 467.9239 21.5487 20.82456195146983 0.05
OBS: 21.877111927557245 g_PS1 311.981 14.3673 21.26467975749632 0.05
OBS: 26.252534313068693 g_PS1 194.1391 8.9404 21.779717359053816 0.05
OBS: 30.627956698580142 g_PS1 132.9169 6.121 22.191049655945516 0.05
OBS: 35.00337908409159 g_PS1 109.1402 5.0261 22.40503778503017 0.05
OBS: 39.37880146960304 g_PS1 105.0389 4.8372 22.446625070917353 0.05
OBS: -8.750844771022898 r_PS1 780.3206 35.9351 20.269317369262588 0.05
OBS: -4.375422385511449 r_PS1 1313.3681 60.4828 19.70403382883213 0.05
OBS: 0.0 r_PS1 1589.7222 73.2094 19.496696906950817 0.05
OBS: 4.375422385511449 r_PS1 1464.7654 67.4549 19.585579782287468 0.05
OBS: 8.750844771022898 r_PS1 1190.5679 54.8277 19.81061461413529 0.05
OBS: 13.126267156534347 r_PS1 959.062 44.1664 20.04538326770878 0.05
OBS: 17.501689542045796 r_PS1 811.8563 37.3874 20.226302025034293 0.05
OBS: 21.877111927557245 r_PS1 695.9284 32.0487 20.39358865885604 0.05
OBS: 26.252534313068693 r_PS1 532.4882 24.522 20.68422506001381 0.05
OBS: 30.627956698580142 r_PS1 374.2159 17.2333 21.067194330705952 0.05
OBS: 35.00337908409159 r_PS1 287.3577 13.2333 21.35394291257483 0.05
OBS: 39.37880146960304 r_PS1 266.8211 12.2876 21.434449610821574 0.05
OBS: -8.750844771022898 i_PS1 740.2355 34.0891 20.326575236833257 0.05
OBS: -4.375422385511449 i_PS1 1181.5839 54.4139 19.818838605204633 0.05
OBS: 0.0 i_PS1 1279.8504 58.9393 19.732101938551992 0.05
OBS: 4.375422385511449 i_PS1 1148.0853 52.8713 19.850064623541115 0.05
OBS: 8.750844771022898 i_PS1 872.8071 40.1943 20.14770436184469 0.05
OBS: 13.126267156534347 i_PS1 696.2876 32.0652 20.393028400341635 0.05
OBS: 17.501689542045796 i_PS1 690.5555 31.8013 20.40200348764575 0.05
OBS: 21.877111927557245 i_PS1 745.0569 34.3111 20.3195264257225 0.05
OBS: 26.252534313068693 i_PS1 696.6489 32.0819 20.392465108351516 0.05
OBS: 30.627956698580142 i_PS1 570.8601 26.2891 20.60867570585704 0.05
OBS: 35.00337908409159 i_PS1 449.1116 20.6824 20.869114266713744 0.05
OBS: 39.37880146960304 i_PS1 351.2642 16.1763 21.135915180881227 0.05
OBS: -8.750844771022898 z_PS1 698.2276 32.1546 20.390007530294277 0.05
OBS: -4.375422385511449 z_PS1 1104.2606 50.8531 19.892321090136356 0.05
OBS: 0.0 z_PS1 1131.9937 52.1302 19.865389999025098 0.05
OBS: 4.375422385511449 z_PS1 867.2081 39.9364 20.15469167634057 0.05
OBS: 8.750844771022898 z_PS1 576.2837 26.5388 20.59840921071683 0.05
OBS: 13.126267156534347 z_PS1 444.4739 20.4688 20.8803842215435 0.05
OBS: 17.501689542045796 z_PS1 432.9589 19.9385 20.908883324208823 0.05
OBS: 21.877111927557245 z_PS1 493.2523 22.7151 20.767327111424137 0.05
OBS: 26.252534313068693 z_PS1 513.5732 23.6509 20.72349401363872 0.05
OBS: 30.627956698580142 z_PS1 466.616 21.4885 20.827600985087834 0.05
OBS: 35.00337908409159 z_PS1 387.8576 17.8615 21.028319109780092 0.05
OBS: 39.37880146960304 z_PS1 309.5324 14.2545 21.27323486149531 0.05
END: