# 187 
# SNANA-like file generated from user-provided data
# Zeropoint of the converted SNANA file: 27.5 mag
# -----------------------------------------------------------
# Data table created by: anonymous
# On date: 2023.03.14 (yyyy.mm.dd); 20.49 hrs (GMT).
# Script used: BayeSNmodel.io.write_snana_lcfile.py
# -----------------------------------------------------------
SNID: 187
MWEBV: 0
REDSHIFT_HELIO: 0.08805500608321715
REDSHIFT_CMB: 0.08805500608321715
REDSHIFT_CMB_ERR: 0.001
PEAKMJD: 0
FILTERS: g_PS1,i_PS1,r_PS1,z_PS1
# -----------------------------------------------------------
NOBS: 48
NVAR: 6
VARLIST: MJD FLT FLUXCAL FLUXCALERR MAG MAGERR
OBS: -8.704440048665738 g_PS1 1494.5391 68.8261 19.56373176697819 0.05
OBS: -4.352220024332869 g_PS1 2215.9651 102.049 19.13609269732505 0.05
OBS: 0.0 g_PS1 2415.2863 111.228 19.042578441645684 0.05
OBS: 4.352220024332869 g_PS1 2375.5548 109.3983 19.06058738463408 0.05
OBS: 8.704440048665738 g_PS1 2054.1134 94.5954 19.218438974589827 0.05
OBS: 13.056660072998607 g_PS1 1464.9222 67.4622 19.58546360178615 0.05
OBS: 17.408880097331476 g_PS1 971.4955 44.739 20.031397995192048 0.05
OBS: 21.761100121664345 g_PS1 637.388 29.3528 20.48899036310164 0.05
OBS: 26.113320145997214 g_PS1 442.6898 20.3866 20.884751215369658 0.05
OBS: 30.465540170330083 g_PS1 346.8229 15.9718 21.14973059885624 0.05
OBS: 34.81776019466295 g_PS1 284.0979 13.0832 21.36632981856319 0.05
OBS: 39.16998021899582 g_PS1 228.264 10.5119 21.603906239346752 0.05
OBS: -8.704440048665738 r_PS1 1220.6277 56.212 19.783541969355838 0.05
OBS: -4.352220024332869 r_PS1 2106.5554 97.0105 19.19106778597763 0.05
OBS: 0.0 r_PS1 2621.4299 120.7213 18.953654363749557 0.05
OBS: 4.352220024332869 r_PS1 2475.4779 114.0 19.015852379080833 0.05
OBS: 8.704440048665738 r_PS1 2035.025 93.7164 19.22857564978625 0.05
OBS: 13.056660072998607 r_PS1 1620.6849 74.6353 19.475753519473358 0.05
OBS: 17.408880097331476 r_PS1 1354.4065 62.3727 19.67062744573878 0.05
OBS: 21.761100121664345 r_PS1 1217.3452 56.0608 19.786465591897695 0.05
OBS: 26.113320145997214 r_PS1 1088.3131 50.1187 19.908115322359734 0.05
OBS: 30.465540170330083 r_PS1 900.2677 41.4589 20.114070836320927 0.05
OBS: 34.81776019466295 r_PS1 703.7152 32.4073 20.381507703465594 0.05
OBS: 39.16998021899582 r_PS1 555.674 25.5897 20.637949733832194 0.05
OBS: -8.704440048665738 i_PS1 1181.5962 54.4145 19.81882726766966 0.05
OBS: -4.352220024332869 i_PS1 1815.675 83.6149 19.352404709590417 0.05
OBS: 0.0 i_PS1 1932.0207 88.9728 19.28497054205831 0.05
OBS: 4.352220024332869 i_PS1 1732.7794 79.7974 19.403141780315153 0.05
OBS: 8.704440048665738 i_PS1 1297.0523 59.7315 19.717606285047722 0.05
OBS: 13.056660072998607 i_PS1 980.1236 45.1364 20.021797906323243 0.05
OBS: 17.408880097331476 i_PS1 919.0787 42.3251 20.091618271998712 0.05
OBS: 21.761100121664345 i_PS1 1041.7988 47.9766 19.95554032443753 0.05
OBS: 26.113320145997214 i_PS1 1200.0124 55.2626 19.802035666779858 0.05
OBS: 30.465540170330083 i_PS1 1238.4506 57.0328 19.76780328625636 0.05
OBS: 34.81776019466295 i_PS1 1049.1383 48.3146 19.947918137407285 0.05
OBS: 39.16998021899582 i_PS1 728.2453 33.5369 20.34430576013773 0.05
OBS: -8.704440048665738 z_PS1 1136.1445 52.3214 19.86141606225862 0.05
OBS: -4.352220024332869 z_PS1 1441.5946 66.3879 19.60289216707396 0.05
OBS: 0.0 z_PS1 1340.5656 61.7353 19.681779822584843 0.05
OBS: 4.352220024332869 z_PS1 1091.0223 50.2434 19.90541594106888 0.05
OBS: 8.704440048665738 z_PS1 818.783 37.7064 20.217077947996934 0.05
OBS: 13.056660072998607 z_PS1 650.458 29.9547 20.466951925655238 0.05
OBS: 17.408880097331476 z_PS1 602.1365 27.7294 20.550762555356684 0.05
OBS: 21.761100121664345 z_PS1 683.191 31.4621 20.413644622996273 0.05
OBS: 26.113320145997214 z_PS1 814.3636 37.5028 20.222954136285473 0.05
OBS: 30.465540170330083 z_PS1 890.5874 41.0131 20.12580863902732 0.05
OBS: 34.81776019466295 z_PS1 823.729 37.9341 20.210539088780457 0.05
OBS: 39.16998021899582 z_PS1 655.4659 30.1853 20.458624671454004 0.05
END: