# 190 
# SNANA-like file generated from user-provided data
# Zeropoint of the converted SNANA file: 27.5 mag
# -----------------------------------------------------------
# Data table created by: anonymous
# On date: 2023.03.14 (yyyy.mm.dd); 20.49 hrs (GMT).
# Script used: BayeSNmodel.io.write_snana_lcfile.py
# -----------------------------------------------------------
SNID: 190
MWEBV: 0
REDSHIFT_HELIO: 0.07489593991809498
REDSHIFT_CMB: 0.07489593991809498
REDSHIFT_CMB_ERR: 0.001
PEAKMJD: 0
FILTERS: g_PS1,i_PS1,r_PS1,z_PS1
# -----------------------------------------------------------
NOBS: 48
NVAR: 6
VARLIST: MJD FLT FLUXCAL FLUXCALERR MAG MAGERR
OBS: -8.59916751934476 g_PS1 3530.5032 162.5857 18.630408469663994 0.05
OBS: -4.29958375967238 g_PS1 5075.6983 233.7445 18.236260511451302 0.05
OBS: 0.0 g_PS1 5297.7043 243.9683 18.18978071710698 0.05
OBS: 4.29958375967238 g_PS1 4948.4397 227.8841 18.263829304029525 0.05
OBS: 8.59916751934476 g_PS1 4095.7504 188.6163 18.46916629441394 0.05
OBS: 12.89875127901714 g_PS1 2913.6183 134.1771 18.8389183578584 0.05
OBS: 17.19833503868952 g_PS1 1963.2448 90.4108 19.26756386629498 0.05
OBS: 21.4979187983619 g_PS1 1294.4444 59.6114 19.71979146789496 0.05
OBS: 25.79750255803428 g_PS1 896.107 41.2673 20.119100303318458 0.05
OBS: 30.097086317706662 g_PS1 695.9727 32.0507 20.393519478341236 0.05
OBS: 34.39667007737904 g_PS1 570.2712 26.262 20.6097964420382 0.05
OBS: 38.69625383705142 g_PS1 465.7566 21.4489 20.829602503885365 0.05
OBS: -8.59916751934476 r_PS1 3213.0618 147.967 18.73270231069739 0.05
OBS: -4.29958375967238 r_PS1 4362.8714 200.9177 18.400568968170035 0.05
OBS: 0.0 r_PS1 4742.7901 218.4136 18.3099152374782 0.05
OBS: 4.29958375967238 r_PS1 4520.7981 208.1904 18.36196221912119 0.05
OBS: 8.59916751934476 r_PS1 4001.8146 184.2904 18.494357596084335 0.05
OBS: 12.89875127901714 r_PS1 3308.9468 152.3826 18.70077555033594 0.05
OBS: 17.19833503868952 r_PS1 2681.0912 123.4688 18.92922101841215 0.05
OBS: 21.4979187983619 r_PS1 2276.3265 104.8287 19.106913616404164 0.05
OBS: 25.79750255803428 r_PS1 1920.468 88.4408 19.29148228557097 0.05
OBS: 30.097086317706662 r_PS1 1536.7289 70.769 19.533506829865892 0.05
OBS: 34.39667007737904 r_PS1 1231.2184 56.6997 19.77416223534427 0.05
OBS: 38.69625383705142 r_PS1 1051.2979 48.4141 19.94568553728631 0.05
OBS: -8.59916751934476 i_PS1 2911.001 134.0565 18.839894128696443 0.05
OBS: -4.29958375967238 i_PS1 3496.6165 161.0251 18.640879978243404 0.05
OBS: 0.0 i_PS1 3217.3432 148.1641 18.73125651483675 0.05
OBS: 4.29958375967238 i_PS1 2958.0828 136.2247 18.82247418013069 0.05
OBS: 8.59916751934476 i_PS1 2428.8862 111.8543 19.036482065744906 0.05
OBS: 12.89875127901714 i_PS1 1897.8827 87.4007 19.304326556086615 0.05
OBS: 17.19833503868952 i_PS1 1698.0913 78.2 19.42509741854046 0.05
OBS: 21.4979187983619 i_PS1 1752.4587 80.7037 19.39088049743716 0.05
OBS: 25.79750255803428 i_PS1 1825.6567 84.0746 19.34645223203941 0.05
OBS: 30.097086317706662 i_PS1 1778.0767 81.8835 19.375123791035257 0.05
OBS: 34.39667007737904 i_PS1 1546.2112 71.2057 19.526827964755455 0.05
OBS: 38.69625383705142 i_PS1 1195.4511 55.0526 19.806170466326435 0.05
OBS: -8.59916751934476 z_PS1 2305.4397 106.1694 19.093115560352643 0.05
OBS: -4.29958375967238 z_PS1 2694.5382 124.0881 18.923789154801703 0.05
OBS: 0.0 z_PS1 2471.7485 113.8282 19.017489294209007 0.05
OBS: 4.29958375967238 z_PS1 2106.9146 97.027 19.190882681043668 0.05
OBS: 8.59916751934476 z_PS1 1727.9916 79.577 19.406145946853336 0.05
OBS: 12.89875127901714 z_PS1 1387.4814 63.8959 19.644432101260733 0.05
OBS: 17.19833503868952 z_PS1 1198.8439 55.2088 19.803093399913344 0.05
OBS: 21.4979187983619 z_PS1 1215.9284 55.9956 19.78772997719068 0.05
OBS: 25.79750255803428 z_PS1 1324.0486 60.9747 19.695240216689932 0.05
OBS: 30.097086317706662 z_PS1 1379.4034 63.5239 19.650771744700414 0.05
OBS: 34.39667007737904 z_PS1 1255.72 57.828 19.752767962230024 0.05
OBS: 38.69625383705142 z_PS1 1014.1561 46.7036 19.98473793529962 0.05
END: