# 192 
# SNANA-like file generated from user-provided data
# Zeropoint of the converted SNANA file: 27.5 mag
# -----------------------------------------------------------
# Data table created by: anonymous
# On date: 2023.03.14 (yyyy.mm.dd); 20.49 hrs (GMT).
# Script used: BayeSNmodel.io.write_snana_lcfile.py
# -----------------------------------------------------------
SNID: 192
MWEBV: 0
REDSHIFT_HELIO: 0.09786094016137407
REDSHIFT_CMB: 0.09786094016137407
REDSHIFT_CMB_ERR: 0.001
PEAKMJD: 0
FILTERS: g_PS1,i_PS1,r_PS1,z_PS1
# -----------------------------------------------------------
NOBS: 48
NVAR: 6
VARLIST: MJD FLT FLUXCAL FLUXCALERR MAG MAGERR
OBS: -8.782887521290993 g_PS1 2015.025 92.7953 19.239298921262613 0.05
OBS: -4.391443760645497 g_PS1 2906.467 133.8478 18.841586512441356 0.05
OBS: 0.0 g_PS1 3017.7881 138.9743 18.800778131685835 0.05
OBS: 4.391443760645497 g_PS1 2740.5907 126.2089 18.905389540533466 0.05
OBS: 8.782887521290993 g_PS1 2201.8732 101.4 19.143019253735527 0.05
OBS: 13.174331281936489 g_PS1 1515.5861 69.7953 19.5485484897419 0.05
OBS: 17.565775042581986 g_PS1 1002.6818 46.1752 19.99709213898836 0.05
OBS: 21.957218803227484 g_PS1 669.4217 30.828 20.4357505687756 0.05
OBS: 26.348662563872978 g_PS1 485.4278 22.3548 20.78468845684652 0.05
OBS: 30.740106324518475 g_PS1 397.9022 18.3241 21.000559272560995 0.05
OBS: 35.13155008516397 g_PS1 339.3231 15.6264 21.173466275657983 0.05
OBS: 39.52299384580947 g_PS1 282.1201 12.9921 21.37391499467618 0.05
OBS: -8.782887521290993 r_PS1 1682.094 77.4633 19.43537436909478 0.05
OBS: -4.391443760645497 r_PS1 2337.3047 107.6369 19.078211651702667 0.05
OBS: 0.0 r_PS1 2538.7723 116.9148 18.98844060195666 0.05
OBS: 4.391443760645497 r_PS1 2362.7312 108.8078 19.0664642252243 0.05
OBS: 8.782887521290993 r_PS1 2042.0324 94.0391 19.224843426793946 0.05
OBS: 13.174331281936489 r_PS1 1693.85 78.0047 19.427812628554456 0.05
OBS: 17.565775042581986 r_PS1 1421.7736 65.4751 19.617923923553057 0.05
OBS: 21.957218803227484 r_PS1 1250.2517 57.5762 19.757506343860193 0.05
OBS: 26.348662563872978 r_PS1 1077.136 49.6039 19.919323608522106 0.05
OBS: 30.740106324518475 r_PS1 871.223 40.1213 20.149676698750987 0.05
OBS: 35.13155008516397 r_PS1 701.938 32.3254 20.38425313458898 0.05
OBS: 39.52299384580947 r_PS1 606.9047 27.949 20.54219881376209 0.05
OBS: -8.782887521290993 i_PS1 1484.4439 68.3612 19.57109051055201 0.05
OBS: -4.391443760645497 i_PS1 1996.0226 91.9202 19.249586390032306 0.05
OBS: 0.0 i_PS1 2003.1832 92.25 19.24569835055339 0.05
OBS: 4.391443760645497 i_PS1 1878.4338 86.5051 19.31551028450177 0.05
OBS: 8.782887521290993 i_PS1 1551.8869 71.467 19.522849814173796 0.05
OBS: 13.174331281936489 i_PS1 1252.9627 57.7011 19.755154615108424 0.05
OBS: 17.565775042581986 i_PS1 1158.8215 53.3657 19.839958649370942 0.05
OBS: 21.957218803227484 i_PS1 1193.5403 54.9646 19.807907305681283 0.05
OBS: 26.348662563872978 i_PS1 1174.9088 54.1066 19.824989596628456 0.05
OBS: 30.740106324518475 i_PS1 1055.9788 48.6296 19.94086196991381 0.05
OBS: 35.13155008516397 i_PS1 874.512 40.2728 20.14558562775065 0.05
OBS: 39.52299384580947 i_PS1 675.3182 31.0996 20.426228824093272 0.05
OBS: -8.782887521290993 z_PS1 1126.6948 51.8862 19.870484248167422 0.05
OBS: -4.391443760645497 z_PS1 1386.1928 63.8365 19.645440892111125 0.05
OBS: 0.0 z_PS1 1311.0281 60.3751 19.70597001540891 0.05
OBS: 4.391443760645497 z_PS1 1180.3751 54.3583 19.81994994453391 0.05
OBS: 8.782887521290993 z_PS1 968.2118 44.5878 20.035074108079904 0.05
OBS: 13.174331281936489 z_PS1 788.7988 36.3255 20.25758438162699 0.05
OBS: 17.565775042581986 z_PS1 683.8929 31.4944 20.4125298017876 0.05
OBS: 21.957218803227484 z_PS1 706.3242 32.5274 20.37748981907454 0.05
OBS: 26.348662563872978 z_PS1 769.5202 35.4377 20.28444993900593 0.05
OBS: 30.740106324518475 z_PS1 788.5398 36.3136 20.25794089824994 0.05
OBS: 35.13155008516397 z_PS1 720.8137 33.1947 20.355442374062022 0.05
OBS: 39.52299384580947 z_PS1 595.8243 27.4387 20.562204532487016 0.05
END: