# 201 
# SNANA-like file generated from user-provided data
# Zeropoint of the converted SNANA file: 27.5 mag
# -----------------------------------------------------------
# Data table created by: anonymous
# On date: 2023.03.14 (yyyy.mm.dd); 20.49 hrs (GMT).
# Script used: BayeSNmodel.io.write_snana_lcfile.py
# -----------------------------------------------------------
SNID: 201
MWEBV: 0
REDSHIFT_HELIO: 0.07673275805833597
REDSHIFT_CMB: 0.07673275805833597
REDSHIFT_CMB_ERR: 0.001
PEAKMJD: 0
FILTERS: g_PS1,i_PS1,r_PS1,z_PS1
# -----------------------------------------------------------
NOBS: 48
NVAR: 6
VARLIST: MJD FLT FLUXCAL FLUXCALERR MAG MAGERR
OBS: -8.613862064466687 g_PS1 1751.2317 80.6472 19.391640989933247 0.05
OBS: -4.306931032233344 g_PS1 3262.5328 150.2452 18.7161127865805 0.05
OBS: 0.0 g_PS1 3668.1559 168.9248 18.588880540247327 0.05
OBS: 4.306931032233344 g_PS1 2899.7442 133.5382 18.844100780798737 0.05
OBS: 8.613862064466687 g_PS1 1917.5466 88.3063 19.293135155697453 0.05
OBS: 12.92079309670003 g_PS1 1273.6328 58.653 19.737389404177716 0.05
OBS: 17.227724128933374 g_PS1 949.96 43.7473 20.055736714308036 0.05
OBS: 21.534655161166718 g_PS1 700.6746 32.2673 20.386209043359923 0.05
OBS: 25.84158619340006 g_PS1 497.6008 22.9154 20.75779734035478 0.05
OBS: 30.148517225633405 g_PS1 378.6535 17.4376 21.05439507956144 0.05
OBS: 34.45544825786675 g_PS1 313.1457 14.4209 21.260633903746747 0.05
OBS: 38.76237929010009 g_PS1 272.8103 12.5634 21.410348046153555 0.05
OBS: -8.613862064466687 r_PS1 1547.5095 71.2654 19.52591671715394 0.05
OBS: -4.306931032233344 r_PS1 2557.3583 117.7707 18.98052103383528 0.05
OBS: 0.0 r_PS1 3103.3664 142.9153 18.77041735111667 0.05
OBS: 4.306931032233344 r_PS1 2930.8472 134.9705 18.832517044437594 0.05
OBS: 8.613862064466687 r_PS1 2431.8775 111.9921 19.0351457485366 0.05
OBS: 12.92079309670003 r_PS1 1943.3015 89.4923 19.27864951804871 0.05
OBS: 17.227724128933374 r_PS1 1597.6397 73.574 19.491302909809534 0.05
OBS: 21.534655161166718 r_PS1 1358.4536 62.5591 19.667387993446205 0.05
OBS: 25.84158619340006 r_PS1 1070.6782 49.3066 19.925852595523956 0.05
OBS: 30.148517225633405 r_PS1 787.3743 36.2599 20.259546873389965 0.05
OBS: 34.45544825786675 r_PS1 615.4786 28.3438 20.52696764137604 0.05
OBS: 38.76237929010009 r_PS1 553.8273 25.5047 20.641564111888755 0.05
OBS: -8.613862064466687 i_PS1 1423.3124 65.546 19.616749396859085 0.05
OBS: -4.306931032233344 i_PS1 2085.2894 96.0311 19.202084163155767 0.05
OBS: 0.0 i_PS1 2158.8764 99.4199 19.16443055337107 0.05
OBS: 4.306931032233344 i_PS1 2006.4735 92.4015 19.243916448634906 0.05
OBS: 8.613862064466687 i_PS1 1622.0719 74.6992 19.474824721036953 0.05
OBS: 12.92079309670003 i_PS1 1340.7679 61.7446 19.681615971936303 0.05
OBS: 17.227724128933374 i_PS1 1325.6873 61.0502 19.69389729116905 0.05
OBS: 21.534655161166718 i_PS1 1348.701 62.11 19.67521079815475 0.05
OBS: 25.84158619340006 i_PS1 1118.3918 51.5038 19.878515049838754 0.05
OBS: 30.148517225633405 i_PS1 822.3113 37.8688 20.21240933180671 0.05
OBS: 34.45544825786675 i_PS1 639.1201 29.4326 20.486043784776186 0.05
OBS: 38.76237929010009 i_PS1 553.3066 25.4807 20.64258535011328 0.05
OBS: -8.613862064466687 z_PS1 1171.9709 53.9713 19.827707945605532 0.05
OBS: -4.306931032233344 z_PS1 1674.6832 77.122 19.440168359530198 0.05
OBS: 0.0 z_PS1 1686.3976 77.6615 19.4326000514344 0.05
OBS: 4.306931032233344 z_PS1 1381.654 63.6275 19.649001753847358 0.05
OBS: 8.613862064466687 z_PS1 1066.3374 49.1067 19.93026336493991 0.05
OBS: 12.92079309670003 z_PS1 924.567 42.5779 20.085154031767082 0.05
OBS: 17.227724128933374 z_PS1 952.3894 43.8592 20.05296363288454 0.05
OBS: 21.534655161166718 z_PS1 1029.5811 47.414 19.968348580013796 0.05
OBS: 25.84158619340006 z_PS1 921.2532 42.4253 20.089052427071422 0.05
OBS: 30.148517225633405 z_PS1 712.7216 32.822 20.367700253027564 0.05
OBS: 34.45544825786675 z_PS1 552.4677 25.4421 20.644232705530875 0.05
OBS: 38.76237929010009 z_PS1 466.5663 21.4862 20.827716526268922 0.05
END: