# 204 
# SNANA-like file generated from user-provided data
# Zeropoint of the converted SNANA file: 27.5 mag
# -----------------------------------------------------------
# Data table created by: anonymous
# On date: 2023.03.14 (yyyy.mm.dd); 20.49 hrs (GMT).
# Script used: BayeSNmodel.io.write_snana_lcfile.py
# -----------------------------------------------------------
SNID: 204
MWEBV: 0
REDSHIFT_HELIO: 0.08480976232917331
REDSHIFT_CMB: 0.08480976232917331
REDSHIFT_CMB_ERR: 0.001
PEAKMJD: 0
FILTERS: g_PS1,i_PS1,r_PS1,z_PS1
# -----------------------------------------------------------
NOBS: 48
NVAR: 6
VARLIST: MJD FLT FLUXCAL FLUXCALERR MAG MAGERR
OBS: -8.678478098633386 g_PS1 1291.3213 59.4675 19.72241422261259 0.05
OBS: -4.339239049316693 g_PS1 2204.335 101.5134 19.141806006145924 0.05
OBS: 0.0 g_PS1 2383.5196 109.7651 19.056953197629337 0.05
OBS: 4.339239049316693 g_PS1 1928.2386 88.7987 19.28709804549703 0.05
OBS: 8.678478098633386 g_PS1 1354.5527 62.3795 19.67051025373362 0.05
OBS: 13.01771714795008 g_PS1 932.7328 42.9539 20.07560688809954 0.05
OBS: 17.356956197266772 g_PS1 690.6835 31.8071 20.401802373221738 0.05
OBS: 21.696195246583464 g_PS1 494.3415 22.7653 20.764932430365075 0.05
OBS: 26.03543429590016 g_PS1 341.2129 15.7134 21.167436399281936 0.05
OBS: 30.374673345216852 g_PS1 254.9931 11.7429 21.483678927582556 0.05
OBS: 34.713912394533544 g_PS1 210.8582 9.7104 21.690023680507377 0.05
OBS: 39.05315144385024 g_PS1 186.3148 8.5801 21.824381529242043 0.05
OBS: -8.678478098633386 r_PS1 1368.7845 63.0349 19.659162340224675 0.05
OBS: -4.339239049316693 r_PS1 1890.9398 87.081 19.308305736793912 0.05
OBS: 0.0 r_PS1 2052.1942 94.507 19.219453858614635 0.05
OBS: 4.339239049316693 r_PS1 1906.5148 87.7982 19.29939956321182 0.05
OBS: 8.678478098633386 r_PS1 1644.4446 75.7295 19.459951895081637 0.05
OBS: 13.01771714795008 r_PS1 1355.1637 62.4076 19.670020610689612 0.05
OBS: 17.356956197266772 r_PS1 1114.8564 51.341 19.881952708993815 0.05
OBS: 21.696195246583464 r_PS1 934.6759 43.0434 20.073347343339826 0.05
OBS: 26.03543429590016 r_PS1 727.274 33.4922 20.345754860771272 0.05
OBS: 30.374673345216852 r_PS1 533.2726 24.5581 20.68262690317686 0.05
OBS: 34.713912394533544 r_PS1 423.5737 19.5063 20.932677431382935 0.05
OBS: 39.05315144385024 r_PS1 395.671 18.2213 21.006664497119125 0.05
OBS: -8.678478098633386 i_PS1 1220.4081 56.2019 19.783737265990872 0.05
OBS: -4.339239049316693 i_PS1 1798.7065 82.8335 19.362599247838936 0.05
OBS: 0.0 i_PS1 1842.7201 84.8604 19.336351545188293 0.05
OBS: 4.339239049316693 i_PS1 1646.1015 75.8058 19.45885850535562 0.05
OBS: 8.678478098633386 i_PS1 1278.315 58.8686 19.73340525266741 0.05
OBS: 13.01771714795008 i_PS1 1037.6333 47.7848 19.959890296055164 0.05
OBS: 17.356956197266772 i_PS1 1026.5081 47.2724 19.971594017127643 0.05
OBS: 21.696195246583464 i_PS1 1045.5178 48.1479 19.95167142746869 0.05
OBS: 26.03543429590016 i_PS1 863.4595 39.7638 20.159395053084722 0.05
OBS: 30.374673345216852 i_PS1 632.7108 29.1374 20.496986874229975 0.05
OBS: 34.713912394533544 i_PS1 496.8395 22.8803 20.75945961578845 0.05
OBS: 39.05315144385024 i_PS1 441.5127 20.3324 20.887642005584333 0.05
OBS: -8.678478098633386 z_PS1 802.3154 36.948 20.23913723047587 0.05
OBS: -4.339239049316693 z_PS1 1378.3578 63.4757 19.651595096742916 0.05
OBS: 0.0 z_PS1 1565.1483 72.0777 19.51361125725525 0.05
OBS: 4.339239049316693 z_PS1 1341.3861 61.7731 19.681115472762563 0.05
OBS: 8.678478098633386 z_PS1 995.4347 45.8415 20.004968067233982 0.05
OBS: 13.01771714795008 z_PS1 807.8024 37.2007 20.231737219167336 0.05
OBS: 17.356956197266772 z_PS1 777.4187 35.8015 20.273362510861674 0.05
OBS: 21.696195246583464 z_PS1 815.5539 37.5576 20.221368342027844 0.05
OBS: 26.03543429590016 z_PS1 740.7982 34.115 20.325750189707 0.05
OBS: 30.374673345216852 z_PS1 590.4999 27.1935 20.57195041719219 0.05
OBS: 34.713912394533544 z_PS1 466.1479 21.4669 20.8286907242625 0.05
OBS: 39.05315144385024 z_PS1 391.0766 18.0097 21.019345429565362 0.05
END: