# 205 
# SNANA-like file generated from user-provided data
# Zeropoint of the converted SNANA file: 27.5 mag
# -----------------------------------------------------------
# Data table created by: anonymous
# On date: 2023.03.14 (yyyy.mm.dd); 20.49 hrs (GMT).
# Script used: BayeSNmodel.io.write_snana_lcfile.py
# -----------------------------------------------------------
SNID: 205
MWEBV: 0
REDSHIFT_HELIO: 0.08525354303986106
REDSHIFT_CMB: 0.08525354303986106
REDSHIFT_CMB_ERR: 0.001
PEAKMJD: 0
FILTERS: g_PS1,i_PS1,r_PS1,z_PS1
# -----------------------------------------------------------
NOBS: 48
NVAR: 6
VARLIST: MJD FLT FLUXCAL FLUXCALERR MAG MAGERR
OBS: -8.682028344318889 g_PS1 2279.7977 104.9886 19.105259206188396 0.05
OBS: -4.341014172159444 g_PS1 3018.6185 139.0125 18.800479433274358 0.05
OBS: 0.0 g_PS1 2941.0585 135.4407 18.828740849401424 0.05
OBS: 4.341014172159444 g_PS1 2616.1255 120.477 18.95585355630862 0.05
OBS: 8.682028344318889 g_PS1 2097.2938 96.584 19.195851801813394 0.05
OBS: 13.023042516478334 g_PS1 1437.7896 66.2127 19.605761673732726 0.05
OBS: 17.364056688637778 g_PS1 928.4277 42.7557 20.080629811838545 0.05
OBS: 21.70507086079722 g_PS1 599.5843 27.6119 20.555374427239517 0.05
OBS: 26.046085032956668 g_PS1 431.9079 19.8901 20.91152222662561 0.05
OBS: 30.38709920511611 g_PS1 358.8546 16.5259 21.11270374093851 0.05
OBS: 34.728113377275555 g_PS1 310.6257 14.3048 21.269406658933566 0.05
OBS: 39.069127549435 g_PS1 260.9047 12.0151 21.45879544562064 0.05
OBS: -8.682028344318889 r_PS1 1756.6588 80.8971 19.388281432175773 0.05
OBS: -4.341014172159444 r_PS1 2667.7354 122.8538 18.93464313149635 0.05
OBS: 0.0 r_PS1 3063.8224 141.0942 18.784341036547794 0.05
OBS: 4.341014172159444 r_PS1 2825.696 130.1281 18.87218638931885 0.05
OBS: 8.682028344318889 r_PS1 2354.294 108.4192 19.07034827876332 0.05
OBS: 13.023042516478334 r_PS1 1897.6847 87.3916 19.304439842571732 0.05
OBS: 17.364056688637778 r_PS1 1578.927 72.7123 19.50409487081032 0.05
OBS: 21.70507086079722 r_PS1 1398.7829 64.4163 19.635624177382248 0.05
OBS: 26.046085032956668 r_PS1 1181.0014 54.3871 19.819374011046598 0.05
OBS: 30.38709920511611 r_PS1 906.4558 41.7438 20.106633473035203 0.05
OBS: 34.728113377275555 r_PS1 686.8565 31.6309 20.40783497116537 0.05
OBS: 39.069127549435 r_PS1 554.97 25.5573 20.63932616983722 0.05
OBS: -8.682028344318889 i_PS1 1526.4836 70.2972 19.540769676995453 0.05
OBS: -4.341014172159444 i_PS1 2503.2378 115.2784 19.00374471874887 0.05
OBS: 0.0 i_PS1 2634.8145 121.3377 18.948124907130243 0.05
OBS: 4.341014172159444 i_PS1 2160.0337 99.4732 19.16384869034149 0.05
OBS: 8.682028344318889 i_PS1 1505.2055 69.3173 19.556010490077036 0.05
OBS: 13.023042516478334 i_PS1 1216.1905 56.0076 19.787495958984174 0.05
OBS: 17.364056688637778 i_PS1 1344.1691 61.9013 19.678865202095935 0.05
OBS: 21.70507086079722 i_PS1 1603.0384 73.8226 19.48764017548652 0.05
OBS: 26.046085032956668 i_PS1 1505.6828 69.3393 19.555666263461582 0.05
OBS: 30.38709920511611 i_PS1 1163.9579 53.6022 19.835156774971324 0.05
OBS: 34.728113377275555 i_PS1 862.2616 39.7086 20.160902333196084 0.05
OBS: 39.069127549435 i_PS1 653.3751 30.089 20.4620935520014 0.05
OBS: -8.682028344318889 z_PS1 1417.8882 65.2962 19.620895007151482 0.05
OBS: -4.341014172159444 z_PS1 1885.1099 86.8125 19.311658309265233 0.05
OBS: 0.0 z_PS1 1759.1297 81.0109 19.386755321750407 0.05
OBS: 4.341014172159444 z_PS1 1361.8872 62.7172 19.664647120433102 0.05
OBS: 8.682028344318889 z_PS1 991.4124 45.6562 20.009364187001808 0.05
OBS: 13.023042516478334 z_PS1 835.349 38.4692 20.19533013902656 0.05
OBS: 17.364056688637778 z_PS1 870.5314 40.0895 20.15053895010508 0.05
OBS: 21.70507086079722 z_PS1 1021.7663 47.0541 19.97662105824829 0.05
OBS: 26.046085032956668 z_PS1 1043.7594 48.0669 19.95349898233838 0.05
OBS: 30.38709920511611 z_PS1 907.9321 41.8118 20.104866600914292 0.05
OBS: 34.728113377275555 z_PS1 740.3979 34.0966 20.326337027134407 0.05
OBS: 39.069127549435 z_PS1 608.0813 28.0032 20.540095890581767 0.05
END: