# 213 
# SNANA-like file generated from user-provided data
# Zeropoint of the converted SNANA file: 27.5 mag
# -----------------------------------------------------------
# Data table created by: anonymous
# On date: 2023.03.14 (yyyy.mm.dd); 20.49 hrs (GMT).
# Script used: BayeSNmodel.io.write_snana_lcfile.py
# -----------------------------------------------------------
SNID: 213
MWEBV: 0
REDSHIFT_HELIO: 0.0987505258868529
REDSHIFT_CMB: 0.0987505258868529
REDSHIFT_CMB_ERR: 0.001
PEAKMJD: 0
FILTERS: g_PS1,i_PS1,r_PS1,z_PS1
# -----------------------------------------------------------
NOBS: 48
NVAR: 6
VARLIST: MJD FLT FLUXCAL FLUXCALERR MAG MAGERR
OBS: -8.790004207094823 g_PS1 1505.7371 69.3418 19.5556270916947 0.05
OBS: -4.395002103547411 g_PS1 2641.1611 121.63 18.945512756167968 0.05
OBS: 0.0 g_PS1 3125.8069 143.9487 18.762594641701444 0.05
OBS: 4.395002103547411 g_PS1 2933.9523 135.1135 18.83136736690437 0.05
OBS: 8.790004207094823 g_PS1 2295.9796 105.7338 19.097579927759806 0.05
OBS: 13.185006310642233 g_PS1 1530.9129 70.5011 19.537623775970513 0.05
OBS: 17.580008414189646 g_PS1 990.5685 45.6174 20.01028870034577 0.05
OBS: 21.975010517737058 g_PS1 643.2185 29.6213 20.479103706938314 0.05
OBS: 26.370012621284467 g_PS1 455.1763 20.9616 20.854550882775538 0.05
OBS: 30.76501472483188 g_PS1 364.1809 16.7712 21.096707094286796 0.05
OBS: 35.16001682837929 g_PS1 302.494 13.9304 21.29820798413834 0.05
OBS: 39.5550189319267 g_PS1 244.3152 11.2511 21.53012390286847 0.05
OBS: -8.790004207094823 r_PS1 1227.9723 56.5502 19.777028530819244 0.05
OBS: -4.395002103547411 r_PS1 2141.3449 98.6126 19.173283460972428 0.05
OBS: 0.0 r_PS1 2734.8219 125.9432 18.9076773614336 0.05
OBS: 4.395002103547411 r_PS1 2718.8928 125.2096 18.914019790622326 0.05
OBS: 8.790004207094823 r_PS1 2331.2825 107.3595 19.08101273003863 0.05
OBS: 13.185006310642233 r_PS1 1841.7891 84.8175 19.336900274791276 0.05
OBS: 17.580008414189646 r_PS1 1454.1225 66.9648 19.593497500836996 0.05
OBS: 21.975010517737058 r_PS1 1218.9596 56.1352 19.78502668501499 0.05
OBS: 26.370012621284467 r_PS1 1028.4743 47.363 19.96951642145394 0.05
OBS: 30.76501472483188 r_PS1 824.359 37.9631 20.209709052716974 0.05
OBS: 35.16001682837929 r_PS1 653.9144 30.1139 20.461197728520936 0.05
OBS: 39.5550189319267 r_PS1 549.524 25.3065 20.65003337616846 0.05
OBS: -8.790004207094823 i_PS1 1041.8188 47.9775 19.95551956733275 0.05
OBS: -4.395002103547411 i_PS1 1802.4396 83.0054 19.360348178944733 0.05
OBS: 0.0 i_PS1 2095.9125 96.5203 19.196567155039077 0.05
OBS: 4.395002103547411 i_PS1 1965.0991 90.4962 19.266538872431525 0.05
OBS: 8.790004207094823 i_PS1 1512.9442 69.6737 19.550442731049728 0.05
OBS: 13.185006310642233 i_PS1 1176.9627 54.2011 19.823093293243517 0.05
OBS: 17.580008414189646 i_PS1 1101.3133 50.7174 19.895222750899222 0.05
OBS: 21.975010517737058 i_PS1 1154.593 53.171 19.843927683546802 0.05
OBS: 26.370012621284467 i_PS1 1118.777 51.5216 19.87814120076603 0.05
OBS: 30.76501472483188 i_PS1 976.5079 44.9699 20.025810580607526 0.05
OBS: 35.16001682837929 i_PS1 801.9538 36.9313 20.239626622918188 0.05
OBS: 39.5550189319267 i_PS1 633.7828 29.1868 20.495148871250457 0.05
OBS: -8.790004207094823 z_PS1 794.5695 36.5913 20.24967023022223 0.05
OBS: -4.395002103547411 z_PS1 1247.4417 57.4468 19.75994936842259 0.05
OBS: 0.0 z_PS1 1320.5351 60.8129 19.698125114915094 0.05
OBS: 4.395002103547411 z_PS1 1112.59 51.2367 19.884162110558478 0.05
OBS: 8.790004207094823 z_PS1 807.945 37.2072 20.231545561138084 0.05
OBS: 13.185006310642233 z_PS1 649.9511 29.9314 20.46779829799847 0.05
OBS: 17.580008414189646 z_PS1 628.7582 28.9554 20.503790801467012 0.05
OBS: 21.975010517737058 z_PS1 715.2293 32.9375 20.36388678139273 0.05
OBS: 26.370012621284467 z_PS1 771.8832 35.5465 20.281121081983592 0.05
OBS: 30.76501472483188 z_PS1 740.5011 34.1013 20.326185718930773 0.05
OBS: 35.16001682837929 z_PS1 649.2658 29.8998 20.468943644255667 0.05
OBS: 39.5550189319267 z_PS1 541.6606 24.9444 20.66568197062781 0.05
END: