# 215 
# SNANA-like file generated from user-provided data
# Zeropoint of the converted SNANA file: 27.5 mag
# -----------------------------------------------------------
# Data table created by: anonymous
# On date: 2023.03.14 (yyyy.mm.dd); 20.49 hrs (GMT).
# Script used: BayeSNmodel.io.write_snana_lcfile.py
# -----------------------------------------------------------
SNID: 215
MWEBV: 0
REDSHIFT_HELIO: 0.08731090551300115
REDSHIFT_CMB: 0.08731090551300115
REDSHIFT_CMB_ERR: 0.001
PEAKMJD: 0
FILTERS: g_PS1,i_PS1,r_PS1,z_PS1
# -----------------------------------------------------------
NOBS: 48
NVAR: 6
VARLIST: MJD FLT FLUXCAL FLUXCALERR MAG MAGERR
OBS: -8.69848724410401 g_PS1 2303.3422 106.0728 19.094103817052623 0.05
OBS: -4.349243622052005 g_PS1 3644.8357 167.8509 18.595805107522924 0.05
OBS: 0.0 g_PS1 3854.4159 177.5024 18.5351035522902 0.05
OBS: 4.349243622052005 g_PS1 3265.2343 150.3696 18.71521411658058 0.05
OBS: 8.69848724410401 g_PS1 2400.1545 110.5312 19.049401994060904 0.05
OBS: 13.047730866156016 g_PS1 1647.0304 75.8486 19.458245990043917 0.05
OBS: 17.39697448820802 g_PS1 1181.7286 54.4206 19.818705588605408 0.05
OBS: 21.746218110260024 g_PS1 831.4158 38.2881 20.20045429633505 0.05
OBS: 26.09546173231203 g_PS1 567.7457 26.1457 20.61461540330711 0.05
OBS: 30.444705354364036 g_PS1 419.0156 19.2964 20.944424471842172 0.05
OBS: 34.79394897641604 g_PS1 336.3633 15.4901 21.18297851499788 0.05
OBS: 39.14319259846805 g_PS1 282.7093 13.0192 21.37164977222984 0.05
OBS: -8.69848724410401 r_PS1 2003.8178 92.2792 19.245354441027423 0.05
OBS: -4.349243622052005 r_PS1 3135.1353 144.3783 18.75935928204766 0.05
OBS: 0.0 r_PS1 3528.5977 162.4979 18.630994638229453 0.05
OBS: 4.349243622052005 r_PS1 3037.896 139.9003 18.79356774392982 0.05
OBS: 8.69848724410401 r_PS1 2366.0615 108.9612 19.064934938510746 0.05
OBS: 13.047730866156016 r_PS1 1924.538 88.6283 19.28918377283052 0.05
OBS: 17.39697448820802 r_PS1 1730.5253 79.6936 19.404555131833455 0.05
OBS: 21.746218110260024 r_PS1 1612.2137 74.2452 19.48144350821714 0.05
OBS: 26.09546173231203 r_PS1 1343.5236 61.8715 19.679386765519418 0.05
OBS: 30.444705354364036 r_PS1 999.1579 46.0129 20.000914661126224 0.05
OBS: 34.79394897641604 r_PS1 755.9703 34.8137 20.303738188398263 0.05
OBS: 39.14319259846805 r_PS1 640.4877 29.4955 20.48372307339134 0.05
OBS: -8.69848724410401 i_PS1 1662.7473 76.5723 19.447934344020055 0.05
OBS: -4.349243622052005 i_PS1 2375.2894 109.3861 19.060708694606546 0.05
OBS: 0.0 i_PS1 2359.5737 108.6624 19.067916139366893 0.05
OBS: 4.349243622052005 i_PS1 2023.0844 93.1665 19.23496499949311 0.05
OBS: 8.69848724410401 i_PS1 1506.7379 69.3878 19.554905716916572 0.05
OBS: 13.047730866156016 i_PS1 1192.2377 54.9046 19.809092879879863 0.05
OBS: 17.39697448820802 i_PS1 1192.2371 54.9045 19.809093444821016 0.05
OBS: 21.746218110260024 i_PS1 1354.352 62.3702 19.67067110724905 0.05
OBS: 26.09546173231203 i_PS1 1402.142 64.571 19.633020035974 0.05
OBS: 30.444705354364036 i_PS1 1271.2125 58.5415 19.739454637910143 0.05
OBS: 34.79394897641604 i_PS1 1034.052 47.6199 19.9636440733303 0.05
OBS: 39.14319259846805 i_PS1 772.7957 35.5886 20.279838316884025 0.05
OBS: -8.69848724410401 z_PS1 1473.9686 67.8788 19.578779430863314 0.05
OBS: -4.349243622052005 z_PS1 1993.9183 91.8233 19.250731611851236 0.05
OBS: 0.0 z_PS1 1877.4812 86.4612 19.316060995252293 0.05
OBS: 4.349243622052005 z_PS1 1438.0615 66.2252 19.60555633309918 0.05
OBS: 8.69848724410401 z_PS1 997.8889 45.9545 20.002294467853766 0.05
OBS: 13.047730866156016 z_PS1 766.554 35.3011 20.28864316121595 0.05
OBS: 17.39697448820802 z_PS1 722.1259 33.2551 20.353467640993173 0.05
OBS: 21.746218110260024 z_PS1 828.9586 38.175 20.203667858332032 0.05
OBS: 26.09546173231203 z_PS1 952.5758 43.8677 20.052751102220803 0.05
OBS: 30.444705354364036 z_PS1 982.3436 45.2386 20.019341420936158 0.05
OBS: 34.79394897641604 z_PS1 876.2548 40.353 20.143423979817868 0.05
OBS: 39.14319259846805 z_PS1 698.046 32.1462 20.39028994971192 0.05
END: