# 221 
# SNANA-like file generated from user-provided data
# Zeropoint of the converted SNANA file: 27.5 mag
# -----------------------------------------------------------
# Data table created by: anonymous
# On date: 2023.03.14 (yyyy.mm.dd); 20.49 hrs (GMT).
# Script used: BayeSNmodel.io.write_snana_lcfile.py
# -----------------------------------------------------------
SNID: 221
MWEBV: 0
REDSHIFT_HELIO: 0.09008394997670055
REDSHIFT_CMB: 0.09008394997670055
REDSHIFT_CMB_ERR: 0.001
PEAKMJD: 0
FILTERS: g_PS1,i_PS1,r_PS1,z_PS1
# -----------------------------------------------------------
NOBS: 48
NVAR: 6
VARLIST: MJD FLT FLUXCAL FLUXCALERR MAG MAGERR
OBS: -8.720671599813604 g_PS1 2466.2023 113.5728 19.019928248057678 0.05
OBS: -4.360335799906802 g_PS1 3914.441 180.2667 18.518325618150232 0.05
OBS: 0.0 g_PS1 4182.8695 192.6283 18.446314200862684 0.05
OBS: 4.360335799906802 g_PS1 3598.0053 165.6943 18.609845503423788 0.05
OBS: 8.720671599813604 g_PS1 2719.5301 125.239 18.913765337444136 0.05
OBS: 13.081007399720406 g_PS1 1938.9165 89.2904 19.28110221965201 0.05
OBS: 17.44134319962721 g_PS1 1456.2397 67.0623 19.5919178071336 0.05
OBS: 21.801678999534012 g_PS1 1055.7624 48.6197 19.941084478218226 0.05
OBS: 26.16201479944081 g_PS1 704.332 32.4357 20.380556372624778 0.05
OBS: 30.522350599347615 g_PS1 497.2228 22.898 20.75862233758033 0.05
OBS: 34.88268639925442 g_PS1 389.6415 17.9437 21.02333688908678 0.05
OBS: 39.24302219916122 g_PS1 329.1417 15.1575 21.206542594596197 0.05
OBS: -8.720671599813604 r_PS1 1813.0088 83.4921 19.354000221939884 0.05
OBS: -4.360335799906802 r_PS1 3087.6271 142.1905 18.775937895201515 0.05
OBS: 0.0 r_PS1 3675.9653 169.2845 18.58657150427593 0.05
OBS: 4.360335799906802 r_PS1 3220.5176 148.3103 18.73018582217346 0.05
OBS: 8.720671599813604 r_PS1 2492.9078 114.8026 19.00823446147993 0.05
OBS: 13.081007399720406 r_PS1 2014.2386 92.7591 19.239722700362883 0.05
OBS: 17.44134319962721 r_PS1 1816.7209 83.6631 19.351779495119317 0.05
OBS: 21.801678999534012 r_PS1 1696.9823 78.1489 19.425806746514105 0.05
OBS: 26.16201479944081 r_PS1 1426.5211 65.6937 19.61430451429966 0.05
OBS: 30.522350599347615 r_PS1 1082.3692 49.8449 19.914061442388814 0.05
OBS: 34.88268639925442 r_PS1 829.0285 38.1782 20.203576404129763 0.05
OBS: 39.24302219916122 r_PS1 700.9091 32.2781 20.38584577174627 0.05
OBS: -8.720671599813604 i_PS1 1440.2639 66.3266 19.60389478139453 0.05
OBS: -4.360335799906802 i_PS1 2211.0209 101.8213 19.138517858524075 0.05
OBS: 0.0 i_PS1 2356.7597 108.5328 19.069211725869394 0.05
OBS: 4.360335799906802 i_PS1 2131.2971 98.1499 19.17839001829082 0.05
OBS: 8.720671599813604 i_PS1 1612.986 74.2807 19.480923517822525 0.05
OBS: 13.081007399720406 i_PS1 1221.0875 56.2332 19.783133001229693 0.05
OBS: 17.44134319962721 i_PS1 1123.7766 51.7518 19.87330008101715 0.05
OBS: 21.801678999534012 i_PS1 1221.8286 56.2673 19.782474253248154 0.05
OBS: 26.16201479944081 i_PS1 1325.1254 61.0243 19.694357521427406 0.05
OBS: 30.522350599347615 i_PS1 1303.2397 60.0164 19.7124392533012 0.05
OBS: 34.88268639925442 i_PS1 1101.6378 50.7323 19.89490294241275 0.05
OBS: 39.24302219916122 i_PS1 801.5947 36.9148 20.240112894689254 0.05
OBS: -8.720671599813604 z_PS1 1186.6519 54.6473 19.814191644744618 0.05
OBS: -4.360335799906802 z_PS1 1727.9269 79.574 19.406186590083387 0.05
OBS: 0.0 z_PS1 1727.2978 79.545 19.406581937888028 0.05
OBS: 4.360335799906802 z_PS1 1379.9011 63.5468 19.65038012006564 0.05
OBS: 8.720671599813604 z_PS1 965.5297 44.4643 20.038085857698384 0.05
OBS: 13.081007399720406 z_PS1 725.0254 33.3887 20.34911695865521 0.05
OBS: 17.44134319962721 z_PS1 654.4845 30.1401 20.46025162141455 0.05
OBS: 21.801678999534012 z_PS1 736.6428 33.9237 20.331857696880192 0.05
OBS: 26.16201479944081 z_PS1 870.6121 40.0932 20.15043827968139 0.05
OBS: 30.522350599347615 z_PS1 943.6212 43.4554 20.06300579467181 0.05
OBS: 34.88268639925442 z_PS1 870.2803 40.0779 20.15085216523213 0.05
OBS: 39.24302219916122 z_PS1 695.186 32.0145 20.39474749009623 0.05
END: