# 222 
# SNANA-like file generated from user-provided data
# Zeropoint of the converted SNANA file: 27.5 mag
# -----------------------------------------------------------
# Data table created by: anonymous
# On date: 2023.03.14 (yyyy.mm.dd); 20.49 hrs (GMT).
# Script used: BayeSNmodel.io.write_snana_lcfile.py
# -----------------------------------------------------------
SNID: 222
MWEBV: 0
REDSHIFT_HELIO: 0.09580166653059888
REDSHIFT_CMB: 0.09580166653059888
REDSHIFT_CMB_ERR: 0.001
PEAKMJD: 0
FILTERS: g_PS1,i_PS1,r_PS1,z_PS1
# -----------------------------------------------------------
NOBS: 48
NVAR: 6
VARLIST: MJD FLT FLUXCAL FLUXCALERR MAG MAGERR
OBS: -8.766413332244792 g_PS1 1517.2655 69.8727 19.54734602877331 0.05
OBS: -4.383206666122396 g_PS1 2069.1097 95.286 19.210541233309623 0.05
OBS: 0.0 g_PS1 2102.7875 96.8369 19.19301155263806 0.05
OBS: 4.383206666122396 g_PS1 1975.9244 90.9947 19.260574192911175 0.05
OBS: 8.766413332244792 g_PS1 1698.8976 78.2371 19.42458198676105 0.05
OBS: 13.149619998367188 g_PS1 1264.5962 58.2368 19.745120311741683 0.05
OBS: 17.532826664489583 g_PS1 900.7578 41.4814 20.113479877607606 0.05
OBS: 21.91603333061198 g_PS1 622.8765 28.6845 20.513995114841133 0.05
OBS: 26.299239996734375 g_PS1 439.53 20.2411 20.892528708138354 0.05
OBS: 30.68244666285677 g_PS1 338.6751 15.5966 21.175541857293833 0.05
OBS: 35.06565332897917 g_PS1 268.6037 12.3697 21.42721996846336 0.05
OBS: 39.448859995101564 g_PS1 207.9696 9.5774 21.705000178399498 0.05
OBS: -8.766413332244792 r_PS1 1422.2944 65.4991 19.617526271184303 0.05
OBS: -4.383206666122396 r_PS1 1919.3301 88.3884 19.29212583484103 0.05
OBS: 0.0 r_PS1 2121.2848 97.6888 19.18350256136449 0.05
OBS: 4.383206666122396 r_PS1 2125.6641 97.8905 19.181263389013232 0.05
OBS: 8.766413332244792 r_PS1 1975.9989 90.9981 19.26053327173932 0.05
OBS: 13.149619998367188 r_PS1 1639.8383 75.5173 19.46299744277831 0.05
OBS: 17.532826664489583 r_PS1 1284.4772 59.1524 19.728184042472208 0.05
OBS: 21.91603333061198 r_PS1 1046.6849 48.2016 19.95046006123902 0.05
OBS: 26.299239996734375 r_PS1 880.3107 40.5398 20.13841008435108 0.05
OBS: 30.68244666285677 r_PS1 725.272 33.4 20.348747682691645 0.05
OBS: 35.06565332897917 r_PS1 592.5235 27.2867 20.56823596882746 0.05
OBS: 39.448859995101564 r_PS1 506.0048 23.3024 20.73961341958657 0.05
OBS: -8.766413332244792 i_PS1 1264.7828 58.2454 19.744960090760742 0.05
OBS: -4.383206666122396 i_PS1 1579.0023 72.7157 19.504043111968684 0.05
OBS: 0.0 i_PS1 1579.6698 72.7465 19.50358421869511 0.05
OBS: 4.383206666122396 i_PS1 1607.4118 74.0241 19.484682086135294 0.05
OBS: 8.766413332244792 i_PS1 1432.6402 65.9755 19.60965718746379 0.05
OBS: 13.149619998367188 i_PS1 1115.2642 51.3598 19.88155561995395 0.05
OBS: 17.532826664489583 i_PS1 895.5365 41.241 20.119791711505094 0.05
OBS: 21.91603333061198 i_PS1 832.1442 38.3217 20.199503561273495 0.05
OBS: 26.299239996734375 i_PS1 847.0386 39.0076 20.180241933731857 0.05
OBS: 30.68244666285677 i_PS1 847.7331 39.0396 20.179352188148023 0.05
OBS: 35.06565332897917 i_PS1 762.3752 35.1087 20.294578044847356 0.05
OBS: 39.448859995101564 i_PS1 601.7887 27.7134 20.551389937462304 0.05
OBS: -8.766413332244792 z_PS1 907.193 41.7778 20.105750790161437 0.05
OBS: -4.383206666122396 z_PS1 1068.4242 49.2028 19.928140677206848 0.05
OBS: 0.0 z_PS1 990.8723 45.6314 20.009955756929067 0.05
OBS: 4.383206666122396 z_PS1 896.919 41.3046 20.118116951157063 0.05
OBS: 8.766413332244792 z_PS1 750.9597 34.583 20.310958483949285 0.05
OBS: 13.149619998367188 z_PS1 615.2825 28.3348 20.527313582549965 0.05
OBS: 17.532826664489583 z_PS1 529.4655 24.3828 20.69040582570836 0.05
OBS: 21.91603333061198 z_PS1 547.2734 25.2029 20.65448907327736 0.05
OBS: 26.299239996734375 z_PS1 616.9702 28.4125 20.52433957141629 0.05
OBS: 30.68244666285677 z_PS1 663.8094 30.5696 20.444891432021308 0.05
OBS: 35.06565332897917 z_PS1 624.9946 28.7821 20.51030929881876 0.05
OBS: 39.448859995101564 z_PS1 516.8872 23.8035 20.71651057608404 0.05
END: