# 248 
# SNANA-like file generated from user-provided data
# Zeropoint of the converted SNANA file: 27.5 mag
# -----------------------------------------------------------
# Data table created by: anonymous
# On date: 2023.03.14 (yyyy.mm.dd); 20.49 hrs (GMT).
# Script used: BayeSNmodel.io.write_snana_lcfile.py
# -----------------------------------------------------------
SNID: 248
MWEBV: 0
REDSHIFT_HELIO: 0.08541668405520664
REDSHIFT_CMB: 0.08541668405520664
REDSHIFT_CMB_ERR: 0.001
PEAKMJD: 0
FILTERS: g_PS1,i_PS1,r_PS1,z_PS1
# -----------------------------------------------------------
NOBS: 48
NVAR: 6
VARLIST: MJD FLT FLUXCAL FLUXCALERR MAG MAGERR
OBS: -8.683333472441653 g_PS1 1213.5256 55.8849 19.78987762558987 0.05
OBS: -4.3416667362208266 g_PS1 2061.8909 94.9536 19.214335816950022 0.05
OBS: 0.0 g_PS1 2329.2125 107.2642 19.08197720608121 0.05
OBS: 4.3416667362208266 g_PS1 2090.6713 96.279 19.19928561970303 0.05
OBS: 8.683333472441653 g_PS1 1591.3653 73.2851 19.495575271493802 0.05
OBS: 13.02500020866248 g_PS1 1059.8602 48.8084 19.936878516534694 0.05
OBS: 17.366666944883306 g_PS1 688.2358 31.6944 20.405656884989167 0.05
OBS: 21.708333681104133 g_PS1 438.6888 20.2024 20.894608567770174 0.05
OBS: 26.05000041732496 g_PS1 298.9942 13.7692 21.310843061762792 0.05
OBS: 30.391667153545786 g_PS1 234.7943 10.8127 21.57328093222331 0.05
OBS: 34.73333388976661 g_PS1 203.1494 9.3554 21.730461096616335 0.05
OBS: 39.07500062598744 g_PS1 182.1884 8.3901 21.8486982936622 0.05
OBS: -8.683333472441653 r_PS1 1251.2086 57.6203 19.756675716536606 0.05
OBS: -4.3416667362208266 r_PS1 1811.182 83.408 19.355094766646197 0.05
OBS: 0.0 r_PS1 2133.053 98.2307 19.177495889817614 0.05
OBS: 4.3416667362208266 r_PS1 2234.675 102.9106 19.1269640583967 0.05
OBS: 8.683333472441653 r_PS1 2094.433 96.4522 19.19733383089035 0.05
OBS: 13.02500020866248 r_PS1 1654.8215 76.2073 19.453122115079275 0.05
OBS: 17.366666944883306 r_PS1 1178.4174 54.2681 19.82175216603155 0.05
OBS: 21.708333681104133 r_PS1 882.8313 40.6559 20.135305709883028 0.05
OBS: 26.05000041732496 r_PS1 700.8859 32.277 20.385881672429996 0.05
OBS: 30.391667153545786 r_PS1 555.4472 25.5793 20.63839307880091 0.05
OBS: 34.73333388976661 r_PS1 453.125 20.8672 20.859455043688705 0.05
OBS: 39.07500062598744 r_PS1 399.8779 18.4151 20.9951814552106 0.05
OBS: -8.683333472441653 i_PS1 1162.0525 53.5145 19.836935613058472 0.05
OBS: -4.3416667362208266 i_PS1 1623.6526 74.772 19.473767250451665 0.05
OBS: 0.0 i_PS1 1694.7756 78.0473 19.427219504661757 0.05
OBS: 4.3416667362208266 i_PS1 1687.4721 77.711 19.431908478614112 0.05
OBS: 8.683333472441653 i_PS1 1451.8831 66.8617 19.59517087019062 0.05
OBS: 13.02500020866248 i_PS1 1155.3469 53.2057 19.84321901639835 0.05
OBS: 17.366666944883306 i_PS1 1006.412 46.347 19.99306051722813 0.05
OBS: 21.708333681104133 i_PS1 964.3247 44.4088 20.039441799968685 0.05
OBS: 26.05000041732496 i_PS1 893.5151 41.1479 20.122245235342774 0.05
OBS: 30.391667153545786 i_PS1 769.2477 35.4252 20.2848345188602 0.05
OBS: 34.73333388976661 i_PS1 619.0979 28.5105 20.520601675720556 0.05
OBS: 39.07500062598744 i_PS1 469.2322 21.6089 20.821530461870708 0.05
OBS: -8.683333472441653 z_PS1 989.17 45.553 20.01182264638289 0.05
OBS: -4.3416667362208266 z_PS1 1418.8056 65.3384 19.62019275750216 0.05
OBS: 0.0 z_PS1 1420.981 65.4386 19.618529332799795 0.05
OBS: 4.3416667362208266 z_PS1 1160.4371 53.4401 19.838445986801204 0.05
OBS: 8.683333472441653 z_PS1 856.7063 39.4528 20.16792009758752 0.05
OBS: 13.02500020866248 z_PS1 689.3098 31.7439 20.403963899959244 0.05
OBS: 17.366666944883306 z_PS1 655.7801 30.1998 20.45810434790318 0.05
OBS: 21.708333681104133 z_PS1 718.0835 33.069 20.35956269205856 0.05
OBS: 26.05000041732496 z_PS1 743.3389 34.232 20.322032863770424 0.05
OBS: 30.391667153545786 z_PS1 683.7555 31.4881 20.412747964941126 0.05
OBS: 34.73333388976661 z_PS1 562.3528 25.8973 20.624977823056135 0.05
OBS: 39.07500062598744 z_PS1 431.202 19.8576 20.913298147862797 0.05
END: