# 251 
# SNANA-like file generated from user-provided data
# Zeropoint of the converted SNANA file: 27.5 mag
# -----------------------------------------------------------
# Data table created by: anonymous
# On date: 2023.03.14 (yyyy.mm.dd); 20.49 hrs (GMT).
# Script used: BayeSNmodel.io.write_snana_lcfile.py
# -----------------------------------------------------------
SNID: 251
MWEBV: 0
REDSHIFT_HELIO: 0.09540843672570516
REDSHIFT_CMB: 0.09540843672570516
REDSHIFT_CMB_ERR: 0.001
PEAKMJD: 0
FILTERS: g_PS1,i_PS1,r_PS1,z_PS1
# -----------------------------------------------------------
NOBS: 48
NVAR: 6
VARLIST: MJD FLT FLUXCAL FLUXCALERR MAG MAGERR
OBS: -8.76326749380564 g_PS1 1143.8484 52.6762 19.85407880571 0.05
OBS: -4.38163374690282 g_PS1 1876.8286 86.4311 19.316438489365606 0.05
OBS: 0.0 g_PS1 1958.4652 90.1907 19.270210378225865 0.05
OBS: 4.38163374690282 g_PS1 1535.0639 70.6923 19.534683873099997 0.05
OBS: 8.76326749380564 g_PS1 1050.7755 48.39 19.946225135654178 0.05
OBS: 13.14490124070846 g_PS1 684.1254 31.5051 20.41216071435778 0.05
OBS: 17.52653498761128 g_PS1 466.9906 21.5057 20.826729547780953 0.05
OBS: 21.908168734514103 g_PS1 310.4154 14.2952 21.2701417993017 0.05
OBS: 26.28980248141692 g_PS1 205.0317 9.4421 21.72044767657003 0.05
OBS: 30.67143622831974 g_PS1 152.9877 7.0453 22.0383587046131 0.05
OBS: 35.05306997522256 g_PS1 133.9515 6.1687 22.182630793669357 0.05
OBS: 39.434703722125384 g_PS1 131.4047 6.0514 22.20347279137729 0.05
OBS: -8.76326749380564 r_PS1 1235.4627 56.8952 19.77042594142693 0.05
OBS: -4.38163374690282 r_PS1 1653.0288 76.1248 19.454298941624245 0.05
OBS: 0.0 r_PS1 1764.668 81.266 19.383342485660684 0.05
OBS: 4.38163374690282 r_PS1 1652.0706 76.0807 19.454928470655744 0.05
OBS: 8.76326749380564 r_PS1 1438.2879 66.2356 19.605385418757223 0.05
OBS: 13.14490124070846 r_PS1 1162.4267 53.5317 19.836586062347486 0.05
OBS: 17.52653498761128 r_PS1 916.4308 42.2032 20.094750806517254 0.05
OBS: 21.908168734514103 r_PS1 732.5296 33.7342 20.337937048370208 0.05
OBS: 26.28980248141692 r_PS1 540.0641 24.8709 20.66888682191749 0.05
OBS: 30.67143622831974 r_PS1 376.9855 17.3608 21.0591882745964 0.05
OBS: 35.05306997522256 r_PS1 290.9623 13.3993 21.34040837222461 0.05
OBS: 39.434703722125384 r_PS1 269.2107 12.3976 21.424769237879126 0.05
OBS: -8.76326749380564 i_PS1 1089.4486 50.171 19.906983126351832 0.05
OBS: -4.38163374690282 i_PS1 1527.5698 70.3472 19.539997352333565 0.05
OBS: 0.0 i_PS1 1513.0529 69.6787 19.550364699655198 0.05
OBS: 4.38163374690282 i_PS1 1320.1448 60.7949 19.69844604044195 0.05
OBS: 8.76326749380564 i_PS1 1046.3879 48.1879 19.95076823377194 0.05
OBS: 13.14490124070846 i_PS1 930.0195 42.829 20.078769819963966 0.05
OBS: 17.52653498761128 i_PS1 1026.7837 47.2851 19.97130255690268 0.05
OBS: 21.908168734514103 i_PS1 1088.984 50.1496 19.907446253403123 0.05
OBS: 26.28980248141692 i_PS1 820.6419 37.792 20.214615818172028 0.05
OBS: 30.67143622831974 i_PS1 512.1295 23.5844 20.726550504306473 0.05
OBS: 35.05306997522256 i_PS1 353.4459 16.2768 21.129192512077942 0.05
OBS: 39.434703722125384 i_PS1 294.77 13.5747 21.326291969053244 0.05
OBS: -8.76326749380564 z_PS1 758.1117 34.9123 20.3006669932794 0.05
OBS: -4.38163374690282 z_PS1 1139.5742 52.4793 19.858143470284823 0.05
OBS: 0.0 z_PS1 1168.8769 53.8288 19.830578027051004 0.05
OBS: 4.38163374690282 z_PS1 968.8325 44.6164 20.03437821602575 0.05
OBS: 8.76326749380564 z_PS1 725.2503 33.399 20.348780136565892 0.05
OBS: 13.14490124070846 z_PS1 635.5827 29.2697 20.4920698601781 0.05
OBS: 17.52653498761128 z_PS1 677.2208 31.1872 20.423174277924105 0.05
OBS: 21.908168734514103 z_PS1 757.256 34.8729 20.301893122773343 0.05
OBS: 26.28980248141692 z_PS1 658.766 30.3373 20.45317202626346 0.05
OBS: 30.67143622831974 z_PS1 472.482 21.7586 20.814036906556368 0.05
OBS: 35.05306997522256 z_PS1 342.3384 15.7653 21.1638610062773 0.05
OBS: 39.434703722125384 z_PS1 275.8073 12.7014 21.398485470945808 0.05
END: