# 256 
# SNANA-like file generated from user-provided data
# Zeropoint of the converted SNANA file: 27.5 mag
# -----------------------------------------------------------
# Data table created by: anonymous
# On date: 2023.03.14 (yyyy.mm.dd); 20.49 hrs (GMT).
# Script used: BayeSNmodel.io.write_snana_lcfile.py
# -----------------------------------------------------------
SNID: 256
MWEBV: 0
REDSHIFT_HELIO: 0.0924137111916494
REDSHIFT_CMB: 0.0924137111916494
REDSHIFT_CMB_ERR: 0.001
PEAKMJD: 0
FILTERS: g_PS1,i_PS1,r_PS1,z_PS1
# -----------------------------------------------------------
NOBS: 48
NVAR: 6
VARLIST: MJD FLT FLUXCAL FLUXCALERR MAG MAGERR
OBS: -8.739309689533195 g_PS1 1104.7087 50.8737 19.89188054629346 0.05
OBS: -4.369654844766598 g_PS1 2041.901 94.033 19.22491329132721 0.05
OBS: 0.0 g_PS1 2390.5594 110.0893 19.053751132959047 0.05
OBS: 4.369654844766598 g_PS1 2062.6671 94.9893 19.213927165064586 0.05
OBS: 8.739309689533195 g_PS1 1506.083 69.3577 19.555377727606437 0.05
OBS: 13.108964534299794 g_PS1 1075.3286 49.5207 19.921147030691937 0.05
OBS: 17.47861937906639 g_PS1 848.5121 39.0754 20.178354901105504 0.05
OBS: 21.848274223832988 g_PS1 647.5933 29.8228 20.47174411224559 0.05
OBS: 26.217929068599588 g_PS1 448.8669 20.6711 20.869706164107246 0.05
OBS: 30.587583913366185 g_PS1 322.6624 14.8592 21.228129012600004 0.05
OBS: 34.95723875813278 g_PS1 252.1995 11.6142 21.49563931497997 0.05
OBS: 39.32689360289938 g_PS1 210.3387 9.6865 21.692702241754187 0.05
OBS: -8.739309689533195 r_PS1 1151.9323 53.0484 19.8464326079352 0.05
OBS: -4.369654844766598 r_PS1 1848.3632 85.1203 19.333031720424778 0.05
OBS: 0.0 r_PS1 2183.1922 100.5397 19.152270061693066 0.05
OBS: 4.369654844766598 r_PS1 2013.7278 92.7356 19.239998106912886 0.05
OBS: 8.739309689533195 r_PS1 1660.5476 76.471 19.449371688600174 0.05
OBS: 13.108964534299794 r_PS1 1358.2582 62.5501 19.66754418935863 0.05
OBS: 17.47861937906639 r_PS1 1181.5062 54.4104 19.818909954249158 0.05
OBS: 21.848274223832988 r_PS1 1078.3408 49.6594 19.918109911554055 0.05
OBS: 26.217929068599588 r_PS1 936.4728 43.1262 20.07126206739961 0.05
OBS: 30.587583913366185 r_PS1 754.2198 34.7331 20.306255129431392 0.05
OBS: 34.95723875813278 r_PS1 601.0182 27.6779 20.552780903147983 0.05
OBS: 39.32689360289938 r_PS1 510.0408 23.4882 20.73098781065754 0.05
OBS: -8.739309689533195 i_PS1 1090.4532 50.2172 19.905982377532467 0.05
OBS: -4.369654844766598 i_PS1 1584.3691 72.9629 19.500359086011997 0.05
OBS: 0.0 i_PS1 1660.4922 76.4685 19.449407876420274 0.05
OBS: 4.369654844766598 i_PS1 1568.4759 72.231 19.51130535397659 0.05
OBS: 8.739309689533195 i_PS1 1272.2946 58.5913 19.7385307611461 0.05
OBS: 13.108964534299794 i_PS1 1002.4466 46.1644 19.997346829673823 0.05
OBS: 17.47861937906639 i_PS1 918.8778 42.3159 20.09185554726716 0.05
OBS: 21.848274223832988 i_PS1 959.5836 44.1905 20.04479298147095 0.05
OBS: 26.217929068599588 i_PS1 977.8029 45.0295 20.02437166924163 0.05
OBS: 30.587583913366185 i_PS1 911.0341 41.9547 20.101163410352825 0.05
OBS: 34.95723875813278 i_PS1 764.9069 35.2253 20.290978573203795 0.05
OBS: 39.32689360289938 i_PS1 582.8514 26.8413 20.58610530752798 0.05
OBS: -8.739309689533195 z_PS1 846.0419 38.9617 20.181520339841377 0.05
OBS: -4.369654844766598 z_PS1 1225.8732 56.4535 19.778886150001483 0.05
OBS: 0.0 z_PS1 1253.8096 57.7401 19.75442105820084 0.05
OBS: 4.369654844766598 z_PS1 1073.32 49.4282 19.923176949780512 0.05
OBS: 8.739309689533195 z_PS1 814.7907 37.5225 20.22238487627512 0.05
OBS: 13.108964534299794 z_PS1 659.3517 30.3643 20.452207233047623 0.05
OBS: 17.47861937906639 z_PS1 618.9365 28.5031 20.520884715114526 0.05
OBS: 21.848274223832988 z_PS1 684.3398 31.515 20.411820517311618 0.05
OBS: 26.217929068599588 z_PS1 736.6373 33.9234 20.331865689043447 0.05
OBS: 30.587583913366185 z_PS1 711.3081 32.7569 20.36985567536329 0.05
OBS: 34.95723875813278 z_PS1 619.4867 28.5284 20.519919964753363 0.05
OBS: 39.32689360289938 z_PS1 505.4768 23.2781 20.740746959186055 0.05
END: