# 269 
# SNANA-like file generated from user-provided data
# Zeropoint of the converted SNANA file: 27.5 mag
# -----------------------------------------------------------
# Data table created by: anonymous
# On date: 2023.03.14 (yyyy.mm.dd); 20.49 hrs (GMT).
# Script used: BayeSNmodel.io.write_snana_lcfile.py
# -----------------------------------------------------------
SNID: 269
MWEBV: 0
REDSHIFT_HELIO: 0.08120745043542309
REDSHIFT_CMB: 0.08120745043542309
REDSHIFT_CMB_ERR: 0.001
PEAKMJD: 0
FILTERS: g_PS1,i_PS1,r_PS1,z_PS1
# -----------------------------------------------------------
NOBS: 48
NVAR: 6
VARLIST: MJD FLT FLUXCAL FLUXCALERR MAG MAGERR
OBS: -8.649659603483384 g_PS1 1692.8884 77.9604 19.428429152188503 0.05
OBS: -4.324829801741692 g_PS1 3030.623 139.5653 18.79617022497565 0.05
OBS: 0.0 g_PS1 3466.2057 159.6247 18.6503641677773 0.05
OBS: 4.324829801741692 g_PS1 3002.4433 138.2676 18.806312954321893 0.05
OBS: 8.649659603483384 g_PS1 2214.461 101.9797 19.13682992866354 0.05
OBS: 12.974489405225075 g_PS1 1515.3503 69.7845 19.54871740016129 0.05
OBS: 17.299319206966768 g_PS1 1058.7735 48.7583 19.93799232365475 0.05
OBS: 21.62414900870846 g_PS1 708.8363 32.6431 20.373635119355914 0.05
OBS: 25.94897881045015 g_PS1 469.0147 21.5989 20.82203393783821 0.05
OBS: 30.273808612191843 g_PS1 343.263 15.8078 21.16093248156133 0.05
OBS: 34.598638413933536 g_PS1 281.9754 12.9854 21.374472105556034 0.05
OBS: 38.92346821567523 g_PS1 249.5138 11.4905 21.507263599065876 0.05
OBS: -8.649659603483384 r_PS1 1429.6256 65.8367 19.611944188196027 0.05
OBS: -4.324829801741692 r_PS1 2422.3328 111.5525 19.039415470671415 0.05
OBS: 0.0 r_PS1 3117.8 143.58 18.765379368668405 0.05
OBS: 4.324829801741692 r_PS1 3250.4476 149.6886 18.720142085924742 0.05
OBS: 8.649659603483384 r_PS1 2928.0197 134.8403 18.833564997412047 0.05
OBS: 12.974489405225075 r_PS1 2316.6695 106.6866 19.087839805511344 0.05
OBS: 17.299319206966768 r_PS1 1726.1488 79.4921 19.407304425356045 0.05
OBS: 21.62414900870846 r_PS1 1326.4436 61.085 19.693278044992027 0.05
OBS: 25.94897881045015 r_PS1 1008.9923 46.4658 19.990280331482587 0.05
OBS: 30.273808612191843 r_PS1 744.6354 34.2917 20.320140796596625 0.05
OBS: 34.598638413933536 r_PS1 583.0716 26.8514 20.585695294794583 0.05
OBS: 38.92346821567523 r_PS1 517.3588 23.8253 20.715520494748688 0.05
OBS: -8.649659603483384 i_PS1 1189.4287 54.7752 19.811653972773904 0.05
OBS: -4.324829801741692 i_PS1 1957.3153 90.1377 19.27084801758943 0.05
OBS: 0.0 i_PS1 2254.4116 103.8195 19.117416990266527 0.05
OBS: 4.324829801741692 i_PS1 2262.6063 104.1969 19.113477500562624 0.05
OBS: 8.649659603483384 i_PS1 1877.7809 86.475 19.31588772395076 0.05
OBS: 12.974489405225075 i_PS1 1478.1662 68.0721 19.575691812376398 0.05
OBS: 17.299319206966768 i_PS1 1322.241 60.8914 19.696723424868665 0.05
OBS: 21.62414900870846 i_PS1 1283.5554 59.1099 19.728963468620613 0.05
OBS: 25.94897881045015 i_PS1 1145.8946 52.7704 19.85213834653141 0.05
OBS: 30.273808612191843 i_PS1 939.6055 43.2704 20.067636150608507 0.05
OBS: 34.598638413933536 i_PS1 749.2021 34.502 20.31350256527154 0.05
OBS: 38.92346821567523 i_PS1 592.7638 27.2978 20.56779587494919 0.05
OBS: -8.649659603483384 z_PS1 1050.9003 48.3957 19.94609619417622 0.05
OBS: -4.324829801741692 z_PS1 1613.4539 74.3023 19.480608589886153 0.05
OBS: 0.0 z_PS1 1684.567 77.5772 19.433779298398868 0.05
OBS: 4.324829801741692 z_PS1 1373.643 63.2586 19.65531532146285 0.05
OBS: 8.649659603483384 z_PS1 1012.3571 46.6208 19.986665685013627 0.05
OBS: 12.974489405225075 z_PS1 834.2002 38.4163 20.196824308230696 0.05
OBS: 17.299319206966768 z_PS1 833.7606 38.3961 20.197396583849972 0.05
OBS: 21.62414900870846 z_PS1 933.8232 43.0041 20.07433831686705 0.05
OBS: 25.94897881045015 z_PS1 935.6866 43.09 20.07217399481013 0.05
OBS: 30.273808612191843 z_PS1 817.6858 37.6558 20.218533807633257 0.05
OBS: 34.598638413933536 z_PS1 654.3075 30.132 20.46054521271786 0.05
OBS: 38.92346821567523 z_PS1 506.6005 23.3298 20.738335940228993 0.05
END: