# 290 
# SNANA-like file generated from user-provided data
# Zeropoint of the converted SNANA file: 27.5 mag
# -----------------------------------------------------------
# Data table created by: anonymous
# On date: 2023.03.14 (yyyy.mm.dd); 20.49 hrs (GMT).
# Script used: BayeSNmodel.io.write_snana_lcfile.py
# -----------------------------------------------------------
SNID: 290
MWEBV: 0
REDSHIFT_HELIO: 0.08910756194006597
REDSHIFT_CMB: 0.08910756194006597
REDSHIFT_CMB_ERR: 0.001
PEAKMJD: 0
FILTERS: g_PS1,i_PS1,r_PS1,z_PS1
# -----------------------------------------------------------
NOBS: 48
NVAR: 6
VARLIST: MJD FLT FLUXCAL FLUXCALERR MAG MAGERR
OBS: -8.712860495520527 g_PS1 1891.3985 87.1021 19.30804241900407 0.05
OBS: -4.356430247760263 g_PS1 2697.3889 124.2193 18.922641104708003 0.05
OBS: 0.0 g_PS1 2790.6171 128.5127 18.88574935670125 0.05
OBS: 4.356430247760263 g_PS1 2568.794 118.2973 18.975676803712194 0.05
OBS: 8.712860495520527 g_PS1 2083.568 95.9519 19.202980790123075 0.05
OBS: 13.06929074328079 g_PS1 1415.5243 65.1873 19.622706657224636 0.05
OBS: 17.425720991041054 g_PS1 901.0572 41.4952 20.113119126181747 0.05
OBS: 21.78215123880132 g_PS1 585.5878 26.9673 20.581019886956742 0.05
OBS: 26.13858148656158 g_PS1 439.3274 20.2318 20.893029224085 0.05
OBS: 30.495011734321842 g_PS1 379.984 17.4989 21.05058661786636 0.05
OBS: 34.85144198208211 g_PS1 327.4547 15.0798 21.21212187696464 0.05
OBS: 39.20787222984237 g_PS1 259.3788 11.9448 21.465163650846957 0.05
OBS: -8.712860495520527 r_PS1 1592.1468 73.3211 19.495042219927534 0.05
OBS: -4.356430247760263 r_PS1 2315.1315 106.6157 19.088560822067862 0.05
OBS: 0.0 r_PS1 2656.9395 122.3566 18.93904584505666 0.05
OBS: 4.356430247760263 r_PS1 2614.4061 120.3979 18.956567372790595 0.05
OBS: 8.712860495520527 r_PS1 2310.4139 106.3985 19.090775547584556 0.05
OBS: 13.06929074328079 r_PS1 1813.8307 83.53 19.353508133853005 0.05
OBS: 17.425720991041054 r_PS1 1360.6797 62.6616 19.66561025054638 0.05
OBS: 21.78215123880132 r_PS1 1100.2888 50.6702 19.896233269914966 0.05
OBS: 26.13858148656158 r_PS1 940.622 43.3172 20.066462141459404 0.05
OBS: 30.495011734321842 r_PS1 782.0262 36.0136 20.266946796539848 0.05
OBS: 34.85144198208211 r_PS1 634.7613 29.2318 20.493473961032407 0.05
OBS: 39.20787222984237 r_PS1 529.3763 24.3787 20.690588668413348 0.05
OBS: -8.712860495520527 i_PS1 1344.6777 61.9247 19.678454477043786 0.05
OBS: -4.356430247760263 i_PS1 1806.9896 83.2149 19.357610846503107 0.05
OBS: 0.0 i_PS1 1824.6804 84.0296 19.34703299592674 0.05
OBS: 4.356430247760263 i_PS1 1734.0863 79.8576 19.402323259239964 0.05
OBS: 8.712860495520527 i_PS1 1438.7082 66.255 19.6050681769659 0.05
OBS: 13.06929074328079 i_PS1 1150.0208 52.9604 19.84823573594872 0.05
OBS: 17.425720991041054 i_PS1 1036.8301 47.7478 19.960731052553513 0.05
OBS: 21.78215123880132 i_PS1 1031.2335 47.4901 19.966607509187497 0.05
OBS: 26.13858148656158 i_PS1 973.0961 44.8127 20.02961069250948 0.05
OBS: 30.495011734321842 i_PS1 849.3411 39.1136 20.177294622729924 0.05
OBS: 34.85144198208211 i_PS1 705.534 32.491 20.378705055657655 0.05
OBS: 39.20787222984237 i_PS1 566.3687 26.0822 20.617251859914944 0.05
OBS: -8.712860495520527 z_PS1 1107.5412 51.0042 19.889100253440567 0.05
OBS: -4.356430247760263 z_PS1 1315.1162 60.5633 19.702589672062437 0.05
OBS: 0.0 z_PS1 1188.3883 54.7273 19.812604062163324 0.05
OBS: 4.356430247760263 z_PS1 993.5792 45.756 20.006993784373847 0.05
OBS: 8.712860495520527 z_PS1 791.1041 36.4317 20.25441591991261 0.05
OBS: 13.06929074328079 z_PS1 671.288 30.914 20.432727831546266 0.05
OBS: 17.425720991041054 z_PS1 640.8809 29.5137 20.483056647585933 0.05
OBS: 21.78215123880132 z_PS1 692.9157 31.9099 20.398299024019316 0.05
OBS: 26.13858148656158 z_PS1 714.3047 32.8949 20.36529123071078 0.05
OBS: 30.495011734321842 z_PS1 669.1448 30.8153 20.43619971852594 0.05
OBS: 34.85144198208211 z_PS1 584.2034 26.9036 20.583589782786362 0.05
OBS: 39.20787222984237 z_PS1 494.4281 22.7693 20.76474212461745 0.05
END: