# 291 
# SNANA-like file generated from user-provided data
# Zeropoint of the converted SNANA file: 27.5 mag
# -----------------------------------------------------------
# Data table created by: anonymous
# On date: 2023.03.14 (yyyy.mm.dd); 20.49 hrs (GMT).
# Script used: BayeSNmodel.io.write_snana_lcfile.py
# -----------------------------------------------------------
SNID: 291
MWEBV: 0
REDSHIFT_HELIO: 0.08990636701284893
REDSHIFT_CMB: 0.08990636701284893
REDSHIFT_CMB_ERR: 0.001
PEAKMJD: 0
FILTERS: g_PS1,i_PS1,r_PS1,z_PS1
# -----------------------------------------------------------
NOBS: 48
NVAR: 6
VARLIST: MJD FLT FLUXCAL FLUXCALERR MAG MAGERR
OBS: -8.719250936102792 g_PS1 1406.6132 64.7769 19.629563246856033 0.05
OBS: -4.359625468051396 g_PS1 2367.6277 109.0333 19.064216457827417 0.05
OBS: 0.0 g_PS1 2657.4142 122.3784 18.938851852750698 0.05
OBS: 4.359625468051396 g_PS1 2364.2727 108.8788 19.06575608548629 0.05
OBS: 8.719250936102792 g_PS1 1814.7517 83.5724 19.352956998188287 0.05
OBS: 13.078876404154189 g_PS1 1293.42 59.5642 19.720651109026175 0.05
OBS: 17.438501872205585 g_PS1 969.1032 44.6289 20.03407494635037 0.05
OBS: 21.798127340256983 g_PS1 713.9508 32.8786 20.365829296432384 0.05
OBS: 26.157752808308377 g_PS1 500.4719 23.0476 20.751550789863384 0.05
OBS: 30.51737827635977 g_PS1 371.6238 17.1139 21.07474133655487 0.05
OBS: 34.87700374441117 g_PS1 293.7613 13.5282 21.3300137035727 0.05
OBS: 39.23662921246257 g_PS1 238.8388 10.9989 21.554737644351444 0.05
OBS: -8.719250936102792 r_PS1 1613.8282 74.3195 19.480356729425374 0.05
OBS: -4.359625468051396 r_PS1 2286.8803 105.3147 19.10189143192317 0.05
OBS: 0.0 r_PS1 2478.2511 114.1277 19.014636734394166 0.05
OBS: 4.359625468051396 r_PS1 2208.2543 101.6939 19.139877274192564 0.05
OBS: 8.719250936102792 r_PS1 1814.9021 83.5793 19.352866980452454 0.05
OBS: 13.078876404154189 r_PS1 1486.0079 68.4332 19.569947192952853 0.05
OBS: 17.438501872205585 r_PS1 1288.1749 59.3226 19.725062939498763 0.05
OBS: 21.798127340256983 r_PS1 1178.772 54.2845 19.821425434846283 0.05
OBS: 26.157752808308377 r_PS1 1038.4858 47.824 19.958998593288875 0.05
OBS: 30.51737827635977 r_PS1 844.549 38.8929 20.183437910179144 0.05
OBS: 34.87700374441117 r_PS1 662.4659 30.5077 20.44709115969505 0.05
OBS: 39.23662921246257 r_PS1 537.5064 24.7531 20.67404080815252 0.05
OBS: -8.719250936102792 i_PS1 1408.2987 64.8546 19.62826308010675 0.05
OBS: -4.359625468051396 i_PS1 1793.4689 82.5923 19.365765357216844 0.05
OBS: 0.0 i_PS1 1724.8948 79.4343 19.408093465282143 0.05
OBS: 4.359625468051396 i_PS1 1591.7507 73.3028 19.49531236136486 0.05
OBS: 8.719250936102792 i_PS1 1291.4716 59.4745 19.722287866242354 0.05
OBS: 13.078876404154189 i_PS1 993.9867 45.7748 20.006548608523254 0.05
OBS: 17.438501872205585 i_PS1 869.5538 40.0444 20.15175883776513 0.05
OBS: 21.798127340256983 i_PS1 892.249 41.0896 20.123784778015228 0.05
OBS: 26.157752808308377 i_PS1 952.9194 43.8836 20.052359599745174 0.05
OBS: 30.51737827635977 i_PS1 951.3994 43.8136 20.054092790249662 0.05
OBS: 34.87700374441117 i_PS1 821.192 37.8173 20.21388820536164 0.05
OBS: 39.23662921246257 i_PS1 608.342 28.0152 20.5396304943962 0.05
OBS: -8.719250936102792 z_PS1 969.4469 44.6447 20.03368991084539 0.05
OBS: -4.359625468051396 z_PS1 1337.1818 61.5795 19.684523880187143 0.05
OBS: 0.0 z_PS1 1322.7121 60.9131 19.69633672254721 0.05
OBS: 4.359625468051396 z_PS1 1110.2946 51.131 19.88640441089276 0.05
OBS: 8.719250936102792 z_PS1 829.3082 38.1911 20.203210044191998 0.05
OBS: 13.078876404154189 z_PS1 639.2319 29.4377 20.485853971063136 0.05
OBS: 17.438501872205585 z_PS1 561.436 25.8551 20.626749388599812 0.05
OBS: 21.798127340256983 z_PS1 598.473 27.5607 20.557388558815923 0.05
OBS: 26.157752808308377 z_PS1 669.6779 30.8398 20.43533506602389 0.05
OBS: 30.51737827635977 z_PS1 701.9067 32.324 20.38430153702199 0.05
OBS: 34.87700374441117 z_PS1 652.773 30.0613 20.463094610612686 0.05
OBS: 39.23662921246257 z_PS1 548.4881 25.2588 20.65208190403314 0.05
END: