# 292 
# SNANA-like file generated from user-provided data
# Zeropoint of the converted SNANA file: 27.5 mag
# -----------------------------------------------------------
# Data table created by: anonymous
# On date: 2023.03.14 (yyyy.mm.dd); 20.49 hrs (GMT).
# Script used: BayeSNmodel.io.write_snana_lcfile.py
# -----------------------------------------------------------
SNID: 292
MWEBV: 0
REDSHIFT_HELIO: 0.07869278878700786
REDSHIFT_CMB: 0.07869278878700786
REDSHIFT_CMB_ERR: 0.001
PEAKMJD: 0
FILTERS: g_PS1,i_PS1,r_PS1,z_PS1
# -----------------------------------------------------------
NOBS: 48
NVAR: 6
VARLIST: MJD FLT FLUXCAL FLUXCALERR MAG MAGERR
OBS: -8.629542310296063 g_PS1 1857.9011 85.5595 19.327443497060084 0.05
OBS: -4.314771155148032 g_PS1 2603.4802 119.8947 18.9611142967176 0.05
OBS: 0.0 g_PS1 2649.0836 121.9948 18.942260852453078 0.05
OBS: 4.314771155148032 g_PS1 2420.8243 111.4831 19.04009181384607 0.05
OBS: 8.629542310296063 g_PS1 1964.6751 90.4766 19.26677316676138 0.05
OBS: 12.944313465444095 g_PS1 1369.5778 63.0714 19.65853326121984 0.05
OBS: 17.259084620592127 g_PS1 904.0177 41.6316 20.10955763002023 0.05
OBS: 21.573855775740157 g_PS1 587.2995 27.0461 20.57785091994433 0.05
OBS: 25.88862693088819 g_PS1 410.374 18.8984 20.967050461597676 0.05
OBS: 30.203398086036223 g_PS1 326.3314 15.0281 21.21585290380754 0.05
OBS: 34.51816924118425 g_PS1 273.5838 12.599 21.407273911766065 0.05
OBS: 38.83294039633228 g_PS1 227.5437 10.4788 21.60733813744812 0.05
OBS: -8.629542310296063 r_PS1 1565.2419 72.0821 19.513546307122347 0.05
OBS: -4.314771155148032 r_PS1 2512.4762 115.7038 18.999745091366492 0.05
OBS: 0.0 r_PS1 3027.9364 139.4416 18.797133111791773 0.05
OBS: 4.314771155148032 r_PS1 2906.0153 133.827 18.841755252784942 0.05
OBS: 8.629542310296063 r_PS1 2465.4489 113.5381 19.020259995786546 0.05
OBS: 12.944313465444095 r_PS1 1973.5985 90.8876 19.261852987528407 0.05
OBS: 17.259084620592127 r_PS1 1594.2995 73.4202 19.49357523982357 0.05
OBS: 21.573855775740157 r_PS1 1359.4437 62.6047 19.66659693764087 0.05
OBS: 25.88862693088819 r_PS1 1127.0591 51.903 19.87013326896618 0.05
OBS: 30.203398086036223 r_PS1 876.6693 40.3721 20.14291055986868 0.05
OBS: 34.51816924118425 r_PS1 697.0852 32.102 20.391785408814734 0.05
OBS: 38.83294039633228 r_PS1 608.6368 28.0288 20.539104413475826 0.05
OBS: -8.629542310296063 i_PS1 1529.4094 70.4319 19.538690640483004 0.05
OBS: -4.314771155148032 i_PS1 2165.7017 99.7342 19.161003430147638 0.05
OBS: 0.0 i_PS1 2187.3831 100.7327 19.150187854013048 0.05
OBS: 4.314771155148032 i_PS1 1970.4153 90.741 19.263605588378866 0.05
OBS: 8.629542310296063 i_PS1 1529.567 70.4392 19.53857871659413 0.05
OBS: 12.944313465444095 i_PS1 1210.8215 55.7604 19.792299668282027 0.05
OBS: 17.259084620592127 i_PS1 1172.2829 53.9856 19.827418952474844 0.05
OBS: 21.573855775740157 i_PS1 1280.7148 58.9791 19.73136888813432 0.05
OBS: 25.88862693088819 i_PS1 1292.6647 59.5294 19.721285258682848 0.05
OBS: 30.203398086036223 i_PS1 1168.0447 53.7904 19.831351353618153 0.05
OBS: 34.51816924118425 i_PS1 971.1875 44.7248 20.031742335256055 0.05
OBS: 38.83294039633228 i_PS1 757.5603 34.8869 20.301456970601265 0.05
OBS: -8.629542310296063 z_PS1 1399.2712 64.4388 19.635245222556662 0.05
OBS: -4.314771155148032 z_PS1 1841.9945 84.827 19.336779164490522 0.05
OBS: 0.0 z_PS1 1746.496 80.4291 19.39458102820867 0.05
OBS: 4.314771155148032 z_PS1 1376.1909 63.3759 19.6533032589563 0.05
OBS: 8.629542310296063 z_PS1 1021.1717 47.0267 19.977253040936624 0.05
OBS: 12.944313465444095 z_PS1 827.0944 38.0891 20.20611223783488 0.05
OBS: 17.259084620592127 z_PS1 803.2514 36.9911 20.237871319933966 0.05
OBS: 21.573855775740157 z_PS1 902.4601 41.5598 20.11142998779963 0.05
OBS: 25.88862693088819 z_PS1 974.0954 44.8588 20.02849621575534 0.05
OBS: 30.203398086036223 z_PS1 944.027 43.4741 20.06253893463071 0.05
OBS: 34.51816924118425 z_PS1 813.1527 37.4471 20.224569721943112 0.05
OBS: 38.83294039633228 z_PS1 649.1978 29.8967 20.469057426681893 0.05
END: