# 3 
# SNANA-like file generated from user-provided data
# Zeropoint of the converted SNANA file: 27.5 mag
# -----------------------------------------------------------
# Data table created by: anonymous
# On date: 2023.03.14 (yyyy.mm.dd); 20.49 hrs (GMT).
# Script used: BayeSNmodel.io.write_snana_lcfile.py
# -----------------------------------------------------------
SNID: 3
MWEBV: 0
REDSHIFT_HELIO: 0.09267732698765077
REDSHIFT_CMB: 0.09267732698765077
REDSHIFT_CMB_ERR: 0.001
PEAKMJD: 0
FILTERS: g_PS1,i_PS1,r_PS1,z_PS1
# -----------------------------------------------------------
NOBS: 48
NVAR: 6
VARLIST: MJD FLT FLUXCAL FLUXCALERR MAG MAGERR
OBS: -8.741418615901207 g_PS1 1640.5567 75.5504 19.46252191037664 0.05
OBS: -4.370709307950603 g_PS1 2758.5219 127.0346 18.89830889053137 0.05
OBS: 0.0 g_PS1 2985.9219 137.5068 18.812303891409112 0.05
OBS: 4.370709307950603 g_PS1 2461.464 113.3546 19.02201629519207 0.05
OBS: 8.741418615901207 g_PS1 1731.6989 79.7477 19.403819064258972 0.05
OBS: 13.11212792385181 g_PS1 1135.3867 52.2865 19.862140502579717 0.05
OBS: 17.482837231802414 g_PS1 773.3687 35.6149 20.279033512418717 0.05
OBS: 21.85354653975302 g_PS1 517.1304 23.8147 20.71599976428895 0.05
OBS: 26.22425584770362 g_PS1 351.2894 16.1775 21.135837482805368 0.05
OBS: 30.594965155654222 g_PS1 264.5356 12.1823 21.44378966844079 0.05
OBS: 34.96567446360483 g_PS1 218.0065 10.0396 21.653826606414864 0.05
OBS: 39.33638377155543 g_PS1 187.4934 8.6344 21.817535320287565 0.05
OBS: -8.741418615901207 r_PS1 1340.8476 61.7483 19.681551417407356 0.05
OBS: -4.370709307950603 r_PS1 2257.1298 103.9447 19.116108685851565 0.05
OBS: 0.0 r_PS1 2782.2608 128.1278 18.88900539936123 0.05
OBS: 4.370709307950603 r_PS1 2657.9054 122.4011 18.93865118194975 0.05
OBS: 8.741418615901207 r_PS1 2175.5063 100.1858 19.156099153947814 0.05
OBS: 13.11212792385181 r_PS1 1622.1214 74.7015 19.474791589256256 0.05
OBS: 17.482837231802414 r_PS1 1202.8529 55.3934 19.79946873319654 0.05
OBS: 21.85354653975302 r_PS1 956.0206 44.0264 20.048831827104358 0.05
OBS: 26.22425584770362 r_PS1 771.984 35.5512 20.280979237989605 0.05
OBS: 30.594965155654222 r_PS1 598.2878 27.5522 20.557724591723144 0.05
OBS: 34.96567446360483 r_PS1 466.076 21.4636 20.8288582162589 0.05
OBS: 39.33638377155543 r_PS1 388.9003 17.9095 21.025404348807733 0.05
OBS: -8.741418615901207 i_PS1 1189.0806 54.7592 19.81197179848786 0.05
OBS: -4.370709307950603 i_PS1 1782.4768 82.0861 19.37244027273568 0.05
OBS: 0.0 i_PS1 1869.5807 86.0974 19.32063948508624 0.05
OBS: 4.370709307950603 i_PS1 1665.6111 76.7042 19.446065993929366 0.05
OBS: 8.741418615901207 i_PS1 1268.8802 58.4341 19.74144841829743 0.05
OBS: 13.11212792385181 i_PS1 1011.6241 46.587 19.98745213579479 0.05
OBS: 17.482837231802414 i_PS1 983.8586 45.3084 20.01766832324671 0.05
OBS: 21.85354653975302 i_PS1 1037.1156 47.7609 19.960432109666776 0.05
OBS: 26.22425584770362 i_PS1 943.0014 43.4268 20.0637192005631 0.05
OBS: 30.594965155654222 i_PS1 749.4581 34.5138 20.313131548152924 0.05
OBS: 34.96567446360483 i_PS1 575.3565 26.4961 20.600157414882823 0.05
OBS: 39.33638377155543 i_PS1 444.0262 20.4482 20.881478546831673 0.05
OBS: -8.741418615901207 z_PS1 1026.6654 47.2797 19.971427703066006 0.05
OBS: -4.370709307950603 z_PS1 1307.4335 60.2095 19.708950993739883 0.05
OBS: 0.0 z_PS1 1180.9732 54.3858 19.819399855568186 0.05
OBS: 4.370709307950603 z_PS1 907.8706 41.809 20.1049401740895 0.05
OBS: 8.741418615901207 z_PS1 658.2335 30.3128 20.454049964330977 0.05
OBS: 13.11212792385181 z_PS1 565.3621 26.0359 20.61918320840681 0.05
OBS: 17.482837231802414 z_PS1 603.3806 27.7867 20.548521638605216 0.05
OBS: 21.85354653975302 z_PS1 719.5024 33.1343 20.35741942390265 0.05
OBS: 26.22425584770362 z_PS1 734.195 33.8109 20.335471488591402 0.05
OBS: 30.594965155654222 z_PS1 629.0417 28.9684 20.503301431560793 0.05
OBS: 34.96567446360483 z_PS1 498.085 22.9377 20.75674135689679 0.05
OBS: 39.33638377155543 z_PS1 390.7285 17.9937 21.020312339430177 0.05
END: