# 308 
# SNANA-like file generated from user-provided data
# Zeropoint of the converted SNANA file: 27.5 mag
# -----------------------------------------------------------
# Data table created by: anonymous
# On date: 2023.03.14 (yyyy.mm.dd); 20.49 hrs (GMT).
# Script used: BayeSNmodel.io.write_snana_lcfile.py
# -----------------------------------------------------------
SNID: 308
MWEBV: 0
REDSHIFT_HELIO: 0.0983521053608756
REDSHIFT_CMB: 0.0983521053608756
REDSHIFT_CMB_ERR: 0.001
PEAKMJD: 0
FILTERS: g_PS1,i_PS1,r_PS1,z_PS1
# -----------------------------------------------------------
NOBS: 48
NVAR: 6
VARLIST: MJD FLT FLUXCAL FLUXCALERR MAG MAGERR
OBS: -8.786816842887005 g_PS1 1879.4062 86.5499 19.3149483672512 0.05
OBS: -4.393408421443502 g_PS1 2958.5332 136.2455 18.822308891725438 0.05
OBS: 0.0 g_PS1 3229.8983 148.7423 18.727027872012957 0.05
OBS: 4.393408421443502 g_PS1 2940.7383 135.426 18.8288590574512 0.05
OBS: 8.786816842887005 g_PS1 2317.2283 106.7123 19.087577922306895 0.05
OBS: 13.180225264330506 g_PS1 1581.1545 72.8149 19.502564202236204 0.05
OBS: 17.57363368577401 g_PS1 1074.0039 49.4597 19.92248533350364 0.05
OBS: 21.967042107217512 g_PS1 747.3654 34.4174 20.316167550248434 0.05
OBS: 26.360450528661012 g_PS1 544.9388 25.0954 20.659130771912128 0.05
OBS: 30.753858950104515 g_PS1 434.9685 20.031 20.903855439784426 0.05
OBS: 35.14726737154802 g_PS1 350.0509 16.1204 21.13967201855576 0.05
OBS: 39.54067579299152 g_PS1 267.2895 12.3091 21.432545353389923 0.05
OBS: -8.786816842887005 r_PS1 1624.3319 74.8032 19.473313049209388 0.05
OBS: -4.393408421443502 r_PS1 2611.9724 120.2858 18.957578525242567 0.05
OBS: 0.0 r_PS1 3040.9752 140.0421 18.792467808340753 0.05
OBS: 4.393408421443502 r_PS1 2733.9611 125.9036 18.908019189645138 0.05
OBS: 8.786816842887005 r_PS1 2173.1618 100.0778 19.157269847808003 0.05
OBS: 13.180225264330506 r_PS1 1702.3722 78.3971 19.422363714087624 0.05
OBS: 17.57363368577401 r_PS1 1422.27 65.498 19.617544857603058 0.05
OBS: 21.967042107217512 r_PS1 1276.899 58.8034 19.73460865061871 0.05
OBS: 26.360450528661012 r_PS1 1135.6419 52.2982 19.86189647192456 0.05
OBS: 30.753858950104515 r_PS1 940.3369 43.3041 20.066791334580522 0.05
OBS: 35.14726737154802 r_PS1 738.4728 34.0079 20.329163726669996 0.05
OBS: 39.54067579299152 r_PS1 588.1168 27.0838 20.57634110373958 0.05
OBS: -8.786816842887005 i_PS1 1280.7232 58.9795 19.731361785949304 0.05
OBS: -4.393408421443502 i_PS1 1925.5249 88.6737 19.2886271479164 0.05
OBS: 0.0 i_PS1 2031.1435 93.5376 19.230648473457705 0.05
OBS: 4.393408421443502 i_PS1 1830.173 84.2826 19.34376963572972 0.05
OBS: 8.786816842887005 i_PS1 1389.3739 63.983 19.642952141703717 0.05
OBS: 13.180225264330506 i_PS1 1050.5855 48.3812 19.9464215034209 0.05
OBS: 17.57363368577401 i_PS1 951.9262 43.8378 20.05349175758826 0.05
OBS: 21.967042107217512 i_PS1 1025.9737 47.2478 19.972159468289767 0.05
OBS: 26.360450528661012 i_PS1 1121.1682 51.6317 19.87582308029458 0.05
OBS: 30.753858950104515 i_PS1 1111.3856 51.1812 19.885338044477763 0.05
OBS: 35.14726737154802 i_PS1 936.0091 43.1048 20.07179980077322 0.05
OBS: 39.54067579299152 i_PS1 668.8365 30.8011 20.436700071922424 0.05
OBS: -8.786816842887005 z_PS1 1087.4269 50.0779 19.90899980951739 0.05
OBS: -4.393408421443502 z_PS1 1472.9291 67.8309 19.57954537518762 0.05
OBS: 0.0 z_PS1 1394.1581 64.2034 19.639219906247867 0.05
OBS: 4.393408421443502 z_PS1 1102.5073 50.7723 19.894046344079527 0.05
OBS: 8.786816842887005 z_PS1 775.78 35.726 20.275653503577495 0.05
OBS: 13.180225264330506 z_PS1 603.9524 27.813 20.547493275179704 0.05
OBS: 17.57363368577401 z_PS1 569.8916 26.2445 20.61051929950208 0.05
OBS: 21.967042107217512 z_PS1 665.2868 30.6376 20.442477730430767 0.05
OBS: 26.360450528661012 z_PS1 789.4404 36.3551 20.25670157133294 0.05
OBS: 30.753858950104515 z_PS1 840.5965 38.7109 20.188531104234627 0.05
OBS: 35.14726737154802 z_PS1 767.5087 35.3451 20.287291682284717 0.05
OBS: 39.54067579299152 z_PS1 615.7526 28.3565 20.52648441517919 0.05
END: