# 315 
# SNANA-like file generated from user-provided data
# Zeropoint of the converted SNANA file: 27.5 mag
# -----------------------------------------------------------
# Data table created by: anonymous
# On date: 2023.03.14 (yyyy.mm.dd); 20.49 hrs (GMT).
# Script used: BayeSNmodel.io.write_snana_lcfile.py
# -----------------------------------------------------------
SNID: 315
MWEBV: 0
REDSHIFT_HELIO: 0.07563279375199769
REDSHIFT_CMB: 0.07563279375199769
REDSHIFT_CMB_ERR: 0.001
PEAKMJD: 0
FILTERS: g_PS1,i_PS1,r_PS1,z_PS1
# -----------------------------------------------------------
NOBS: 48
NVAR: 6
VARLIST: MJD FLT FLUXCAL FLUXCALERR MAG MAGERR
OBS: -8.60506235001598 g_PS1 2360.9258 108.7247 19.067294156028122 0.05
OBS: -4.30253117500799 g_PS1 4038.9283 185.9995 18.484334636675744 0.05
OBS: 0.0 g_PS1 4536.418 208.9098 18.35821733716676 0.05
OBS: 4.30253117500799 g_PS1 3986.0355 183.5637 18.498647087895076 0.05
OBS: 8.60506235001598 g_PS1 2951.4096 135.9174 18.8249262744206 0.05
OBS: 12.907593525023971 g_PS1 1974.9604 90.9503 19.261103997960152 0.05
OBS: 17.21012470003196 g_PS1 1330.6677 61.2795 19.689825982554613 0.05
OBS: 21.512655875039954 g_PS1 880.0889 40.5296 20.138683646260493 0.05
OBS: 25.815187050047943 g_PS1 601.2214 27.6873 20.55241399741706 0.05
OBS: 30.11771822505593 g_PS1 461.6617 21.2603 20.839190313445716 0.05
OBS: 34.42024940006392 g_PS1 388.1787 17.8763 21.027420637135517 0.05
OBS: 38.722780575071916 g_PS1 340.2274 15.668 21.170576895170807 0.05
OBS: -8.60506235001598 r_PS1 1982.3228 91.2893 19.257064055426127 0.05
OBS: -4.30253117500799 r_PS1 3113.5152 143.3827 18.766872509394773 0.05
OBS: 0.0 r_PS1 3691.4078 169.9956 18.582019941612714 0.05
OBS: 4.30253117500799 r_PS1 3536.191 162.8476 18.628660728646302 0.05
OBS: 8.60506235001598 r_PS1 2994.5308 137.9032 18.809178046871075 0.05
OBS: 12.907593525023971 r_PS1 2354.1532 108.4128 19.070413183475168 0.05
OBS: 17.21012470003196 r_PS1 1845.9079 85.0072 19.334474901989005 0.05
OBS: 21.512655875039954 r_PS1 1547.3323 71.2573 19.526041015957325 0.05
OBS: 25.815187050047943 r_PS1 1300.9062 59.9089 19.71438500961397 0.05
OBS: 30.11771822505593 r_PS1 1034.9745 47.6623 19.962675886700623 0.05
OBS: 34.42024940006392 r_PS1 818.9836 37.7156 20.21681199214664 0.05
OBS: 38.722780575071916 r_PS1 686.5451 31.6166 20.408327387724725 0.05
OBS: -8.60506235001598 i_PS1 1694.1281 78.0175 19.427634383391876 0.05
OBS: -4.30253117500799 i_PS1 2369.9307 109.1393 19.063160875656166 0.05
OBS: 0.0 i_PS1 2414.8792 111.2093 19.04276148401884 0.05
OBS: 4.30253117500799 i_PS1 2293.4101 105.6154 19.098795717838918 0.05
OBS: 8.60506235001598 i_PS1 1876.4525 86.4138 19.316656062745935 0.05
OBS: 12.907593525023971 i_PS1 1468.9924 67.6496 19.582451095138772 0.05
OBS: 17.21012470003196 i_PS1 1334.1878 61.4416 19.686957624221357 0.05
OBS: 21.512655875039954 i_PS1 1359.0773 62.5878 19.666889612689253 0.05
OBS: 25.815187050047943 i_PS1 1325.8176 61.0562 19.693790538105517 0.05
OBS: 30.11771822505593 i_PS1 1184.9736 54.5701 19.815728310622944 0.05
OBS: 34.42024940006392 i_PS1 971.3384 44.7318 20.03157359630775 0.05
OBS: 38.722780575071916 i_PS1 737.5525 33.9655 20.330517699384956 0.05
OBS: -8.60506235001598 z_PS1 1662.954 76.5819 19.447799402548128 0.05
OBS: -4.30253117500799 z_PS1 2218.3299 102.1579 19.134934663134793 0.05
OBS: 0.0 z_PS1 2153.9855 99.1947 19.166893069159535 0.05
OBS: 4.30253117500799 z_PS1 1760.529 81.0754 19.38589201689762 0.05
OBS: 8.60506235001598 z_PS1 1353.1397 62.3144 19.671643424430833 0.05
OBS: 12.907593525023971 z_PS1 1097.5244 50.5429 19.898964588032683 0.05
OBS: 17.21012470003196 z_PS1 1021.5162 47.0426 19.97688689867004 0.05
OBS: 21.512655875039954 z_PS1 1069.1668 49.237 19.92738631439301 0.05
OBS: 25.815187050047943 z_PS1 1064.7821 49.035 19.93184819434346 0.05
OBS: 30.11771822505593 z_PS1 968.0771 44.5816 20.03522517678193 0.05
OBS: 34.42024940006392 z_PS1 810.8672 37.3418 20.22762564706634 0.05
OBS: 38.722780575071916 z_PS1 652.9424 30.0691 20.46281284688461 0.05
END: