# 316 
# SNANA-like file generated from user-provided data
# Zeropoint of the converted SNANA file: 27.5 mag
# -----------------------------------------------------------
# Data table created by: anonymous
# On date: 2023.03.14 (yyyy.mm.dd); 20.49 hrs (GMT).
# Script used: BayeSNmodel.io.write_snana_lcfile.py
# -----------------------------------------------------------
SNID: 316
MWEBV: 0
REDSHIFT_HELIO: 0.09426385505853327
REDSHIFT_CMB: 0.09426385505853327
REDSHIFT_CMB_ERR: 0.001
PEAKMJD: 0
FILTERS: g_PS1,i_PS1,r_PS1,z_PS1
# -----------------------------------------------------------
NOBS: 48
NVAR: 6
VARLIST: MJD FLT FLUXCAL FLUXCALERR MAG MAGERR
OBS: -8.754110840468266 g_PS1 1901.3852 87.562 19.302324707829573 0.05
OBS: -4.377055420234133 g_PS1 2607.9172 120.099 18.959265500554974 0.05
OBS: 0.0 g_PS1 2603.938 119.9158 18.96092342110929 0.05
OBS: 4.377055420234133 g_PS1 2325.879 107.1107 19.083532215852774 0.05
OBS: 8.754110840468266 g_PS1 1870.7352 86.1505 19.319969184961028 0.05
OBS: 13.1311662607024 g_PS1 1309.7219 60.3149 19.707052259811785 0.05
OBS: 17.508221680936533 g_PS1 891.528 41.0564 20.124662505742055 0.05
OBS: 21.885277101170665 g_PS1 614.7993 28.3126 20.52816661148881 0.05
OBS: 26.2623325214048 g_PS1 459.2938 21.1513 20.844773537283462 0.05
OBS: 30.639387941638933 g_PS1 383.7046 17.6702 21.040007562022648 0.05
OBS: 35.016443361873065 g_PS1 326.0506 15.0152 21.216787475693035 0.05
OBS: 39.3934987821072 g_PS1 264.4888 12.1802 21.44398177708454 0.05
OBS: -8.754110840468266 r_PS1 1515.0319 69.7698 19.548945576334965 0.05
OBS: -4.377055420234133 r_PS1 2173.7828 100.1064 19.156959649211664 0.05
OBS: 0.0 r_PS1 2417.5528 111.3324 19.041560059783222 0.05
OBS: 4.377055420234133 r_PS1 2265.2213 104.3173 19.11222340308627 0.05
OBS: 8.754110840468266 r_PS1 1946.3812 89.6342 19.276930265503616 0.05
OBS: 13.1311662607024 r_PS1 1595.0427 73.4544 19.493069193010733 0.05
OBS: 17.508221680936533 r_PS1 1327.5606 61.1364 19.692364128407505 0.05
OBS: 21.885277101170665 r_PS1 1174.9084 54.1065 19.824990021787784 0.05
OBS: 26.2623325214048 r_PS1 1037.348 47.7716 19.960188809937357 0.05
OBS: 30.639387941638933 r_PS1 861.4639 39.6719 20.161907234580283 0.05
OBS: 35.016443361873065 r_PS1 699.6431 32.2198 20.38780858535798 0.05
OBS: 39.3934987821072 r_PS1 594.8999 27.3962 20.563890172199926 0.05
OBS: -8.754110840468266 i_PS1 1353.0101 62.3084 19.671747387202835 0.05
OBS: -4.377055420234133 i_PS1 1907.2866 87.8338 19.298960100596183 0.05
OBS: 0.0 i_PS1 1977.623 91.0729 19.2596412255061 0.05
OBS: 4.377055420234133 i_PS1 1881.7742 86.6589 19.31358123203558 0.05
OBS: 8.754110840468266 i_PS1 1556.541 71.6814 19.519598601835384 0.05
OBS: 13.1311662607024 i_PS1 1258.0731 57.9364 19.750735280696254 0.05
OBS: 17.508221680936533 i_PS1 1174.6141 54.093 19.825261975533365 0.05
OBS: 21.885277101170665 i_PS1 1218.3989 56.1093 19.78552621852218 0.05
OBS: 26.2623325214048 i_PS1 1196.6873 55.1095 19.805048256641584 0.05
OBS: 30.639387941638933 i_PS1 1066.6853 49.1227 19.929909219067973 0.05
OBS: 35.016443361873065 i_PS1 876.2914 40.3547 20.143378580379967 0.05
OBS: 39.3934987821072 i_PS1 673.3246 31.0077 20.429438804574716 0.05
OBS: -8.754110840468266 z_PS1 1193.9367 54.9828 19.80754672235326 0.05
OBS: -4.377055420234133 z_PS1 1459.5554 67.215 19.589448515628817 0.05
OBS: 0.0 z_PS1 1358.6094 62.5663 19.66726348026716 0.05
OBS: 4.377055420234133 z_PS1 1183.7924 54.5157 19.816811133870466 0.05
OBS: 8.754110840468266 z_PS1 958.8446 44.1564 20.04562939841803 0.05
OBS: 13.1311662607024 z_PS1 806.9893 37.1632 20.232830511908553 0.05
OBS: 17.508221680936533 z_PS1 747.3185 34.4153 20.316235675272104 0.05
OBS: 21.885277101170665 z_PS1 801.5646 36.9134 20.240153657643788 0.05
OBS: 26.2623325214048 z_PS1 848.7792 39.0877 20.178013138427133 0.05
OBS: 30.639387941638933 z_PS1 818.9094 37.7122 20.21691042145485 0.05
OBS: 35.016443361873065 z_PS1 717.4421 33.0394 20.360532818323463 0.05
OBS: 39.3934987821072 z_PS1 589.1284 27.1304 20.5744750707913 0.05
END: