# 330 
# SNANA-like file generated from user-provided data
# Zeropoint of the converted SNANA file: 27.5 mag
# -----------------------------------------------------------
# Data table created by: anonymous
# On date: 2023.03.14 (yyyy.mm.dd); 20.49 hrs (GMT).
# Script used: BayeSNmodel.io.write_snana_lcfile.py
# -----------------------------------------------------------
SNID: 330
MWEBV: 0
REDSHIFT_HELIO: 0.05510598651021431
REDSHIFT_CMB: 0.05510598651021431
REDSHIFT_CMB_ERR: 0.001
PEAKMJD: 0
FILTERS: g_PS1,i_PS1,r_PS1,z_PS1
# -----------------------------------------------------------
NOBS: 48
NVAR: 6
VARLIST: MJD FLT FLUXCAL FLUXCALERR MAG MAGERR
OBS: -8.440847892081715 g_PS1 980.4541 45.1516 20.021431861664237 0.05
OBS: -4.2204239460408575 g_PS1 1951.5205 89.8708 19.27406721155695 0.05
OBS: 0.0 g_PS1 2443.8127 112.5417 19.02983020996253 0.05
OBS: 4.2204239460408575 g_PS1 2290.3746 105.4757 19.100233681465095 0.05
OBS: 8.440847892081715 g_PS1 1746.5193 80.4302 19.394566506924217 0.05
OBS: 12.661271838122573 g_PS1 1137.3214 52.3756 19.86029194151327 0.05
OBS: 16.88169578416343 g_PS1 710.9749 32.7416 20.37036436895266 0.05
OBS: 21.102119730204286 g_PS1 441.2912 20.3222 20.888186849425676 0.05
OBS: 25.322543676245147 g_PS1 293.7085 13.5258 21.33020861400612 0.05
OBS: 29.542967622286003 g_PS1 226.2347 10.4185 21.61360207784291 0.05
OBS: 33.76339156832686 g_PS1 191.8535 8.8352 21.792575680019052 0.05
OBS: 37.98381551436772 g_PS1 170.5825 7.8556 21.920164062912104 0.05
OBS: -8.440847892081715 r_PS1 1226.9478 56.503 19.777934791986517 0.05
OBS: -4.2204239460408575 r_PS1 2201.8759 101.4001 19.14301792774276 0.05
OBS: 0.0 r_PS1 2890.5355 133.1141 18.847554221277072 0.05
OBS: 4.2204239460408575 r_PS1 2922.2008 134.5723 18.835724844321447 0.05
OBS: 8.440847892081715 r_PS1 2515.094 115.8244 18.998614435570857 0.05
OBS: 12.661271838122573 r_PS1 1985.4408 91.4329 19.255357622704892 0.05
OBS: 16.88169578416343 r_PS1 1552.5123 71.4958 19.52241234118334 0.05
OBS: 21.102119730204286 r_PS1 1276.455 58.7829 19.73498619964581 0.05
OBS: 25.322543676245147 r_PS1 989.8007 45.582 20.01113056507912 0.05
OBS: 29.542967622286003 r_PS1 725.2797 33.4004 20.34873620168822 0.05
OBS: 33.76339156832686 r_PS1 565.4082 26.038 20.619094692013824 0.05
OBS: 37.98381551436772 r_PS1 501.2194 23.082 20.749930427152613 0.05
OBS: -8.440847892081715 i_PS1 1220.3417 56.1988 19.783796330269766 0.05
OBS: -4.2204239460408575 i_PS1 2058.1085 94.7794 19.216329346670236 0.05
OBS: 0.0 i_PS1 2267.3044 104.4132 19.11122540878688 0.05
OBS: 4.2204239460408575 i_PS1 2068.6506 95.2649 19.210782122023446 0.05
OBS: 8.440847892081715 i_PS1 1567.8216 72.2009 19.511758398518893 0.05
OBS: 12.661271838122573 i_PS1 1231.1174 56.6951 19.77425130886629 0.05
OBS: 16.88169578416343 i_PS1 1232.5762 56.7622 19.77296551347669 0.05
OBS: 21.102119730204286 i_PS1 1314.8948 60.5531 19.70277246037493 0.05
OBS: 25.322543676245147 i_PS1 1158.1677 53.3356 19.840571417564185 0.05
OBS: 29.542967622286003 i_PS1 889.6559 40.9702 20.12694482883628 0.05
OBS: 33.76339156832686 i_PS1 692.8677 31.9077 20.398374196391487 0.05
OBS: 37.98381551436772 i_PS1 571.8896 26.3365 20.606719537969553 0.05
OBS: -8.440847892081715 z_PS1 1262.1043 58.122 19.747261922984627 0.05
OBS: -4.2204239460408575 z_PS1 1917.6482 88.311 19.293077659885924 0.05
OBS: 0.0 z_PS1 2075.2819 95.5703 19.2073072642364 0.05
OBS: 4.2204239460408575 z_PS1 1748.2446 80.5096 19.39349453834567 0.05
OBS: 8.440847892081715 z_PS1 1431.5774 65.9266 19.61046292817702 0.05
OBS: 12.661271838122573 z_PS1 1262.5434 58.1423 19.74688419556255 0.05
OBS: 16.88169578416343 z_PS1 1274.4372 58.69 19.73670393007557 0.05
OBS: 21.102119730204286 z_PS1 1340.5548 61.7348 19.681788566209512 0.05
OBS: 25.322543676245147 z_PS1 1203.3801 55.4177 19.79899289697719 0.05
OBS: 29.542967622286003 z_PS1 936.5706 43.1307 20.07114871483636 0.05
OBS: 33.76339156832686 z_PS1 694.9179 32.0022 20.39516622699673 0.05
OBS: 37.98381551436772 z_PS1 524.0561 24.1337 20.701555456928716 0.05
END: