# 331 
# SNANA-like file generated from user-provided data
# Zeropoint of the converted SNANA file: 27.5 mag
# -----------------------------------------------------------
# Data table created by: anonymous
# On date: 2023.03.14 (yyyy.mm.dd); 20.49 hrs (GMT).
# Script used: BayeSNmodel.io.write_snana_lcfile.py
# -----------------------------------------------------------
SNID: 331
MWEBV: 0
REDSHIFT_HELIO: 0.08573649578601106
REDSHIFT_CMB: 0.08573649578601106
REDSHIFT_CMB_ERR: 0.001
PEAKMJD: 0
FILTERS: g_PS1,i_PS1,r_PS1,z_PS1
# -----------------------------------------------------------
NOBS: 48
NVAR: 6
VARLIST: MJD FLT FLUXCAL FLUXCALERR MAG MAGERR
OBS: -8.68589196628809 g_PS1 1628.3997 74.9906 19.47059748333447 0.05
OBS: -4.342945983144045 g_PS1 2674.6547 123.1724 18.93183067785071 0.05
OBS: 0.0 g_PS1 2897.198 133.4209 18.845054570007495 0.05
OBS: 4.342945983144045 g_PS1 2467.0495 113.6118 19.019555325923793 0.05
OBS: 8.68589196628809 g_PS1 1836.6972 84.583 19.33990611431018 0.05
OBS: 13.028837949432134 g_PS1 1324.4271 60.9921 19.694929814534202 0.05
OBS: 17.37178393257618 g_PS1 1020.6161 47.0011 19.977843964772436 0.05
OBS: 21.714729915720223 g_PS1 757.1332 34.8673 20.302069314768044 0.05
OBS: 26.057675898864268 g_PS1 530.8976 24.4487 20.687473055566283 0.05
OBS: 30.400621882008313 g_PS1 391.3413 18.0219 21.01861076290211 0.05
OBS: 34.74356786515236 g_PS1 306.7375 14.1258 21.283082718799367 0.05
OBS: 39.086513848296406 g_PS1 248.4661 11.4423 21.51183194243448 0.05
OBS: -8.68589196628809 r_PS1 1531.4974 70.5281 19.53720935803659 0.05
OBS: -4.342945983144045 r_PS1 2378.4727 109.5327 19.059254580296546 0.05
OBS: 0.0 r_PS1 2775.6514 127.8235 18.89158768090804 0.05
OBS: 4.342945983144045 r_PS1 2610.4512 120.2157 18.958211055611308 0.05
OBS: 8.68589196628809 r_PS1 2225.6921 102.4969 19.131337276811117 0.05
OBS: 13.028837949432134 r_PS1 1864.7612 85.8754 19.32344196691823 0.05
OBS: 17.37178393257618 r_PS1 1615.6928 74.4054 19.479103013503213 0.05
OBS: 21.714729915720223 r_PS1 1423.9868 65.577 19.61623505465176 0.05
OBS: 26.057675898864268 r_PS1 1144.9897 52.7287 19.852996056823756 0.05
OBS: 30.400621882008313 r_PS1 842.5258 38.7997 20.18604202809218 0.05
OBS: 34.74356786515236 r_PS1 644.4283 29.677 20.477063500474316 0.05
OBS: 39.086513848296406 r_PS1 559.8195 25.7806 20.629880010114682 0.05
OBS: -8.68589196628809 i_PS1 1329.6237 61.2314 19.690678128851346 0.05
OBS: -4.342945983144045 i_PS1 1951.8472 89.8859 19.27388546674753 0.05
OBS: 0.0 i_PS1 2045.2587 94.1876 19.223129391643297 0.05
OBS: 4.342945983144045 i_PS1 1912.1749 88.0589 19.296180944465277 0.05
OBS: 8.68589196628809 i_PS1 1529.9761 70.458 19.538288411820865 0.05
OBS: 13.028837949432134 i_PS1 1209.7043 55.7089 19.793301963346693 0.05
OBS: 17.37178393257618 i_PS1 1118.3941 51.504 19.878512803135337 0.05
OBS: 21.714729915720223 i_PS1 1139.9593 52.4971 19.85777666786769 0.05
OBS: 26.057675898864268 i_PS1 1075.388 49.5234 19.92108704609393 0.05
OBS: 30.400621882008313 i_PS1 933.7556 43.001 20.07441691348091 0.05
OBS: 34.74356786515236 i_PS1 786.6344 36.2259 20.260567670079013 0.05
OBS: 39.086513848296406 i_PS1 655.5925 30.1911 20.458415071743715 0.05
OBS: -8.68589196628809 z_PS1 1030.6475 47.4631 19.96722462068699 0.05
OBS: -4.342945983144045 z_PS1 1409.4747 64.9087 19.627356792486857 0.05
OBS: 0.0 z_PS1 1401.3068 64.5326 19.633666950059897 0.05
OBS: 4.342945983144045 z_PS1 1199.6491 55.2459 19.802364429528893 0.05
OBS: 8.68589196628809 z_PS1 935.0094 43.0588 20.072960031253416 0.05
OBS: 13.028837949432134 z_PS1 757.0619 34.864 20.3021715304477 0.05
OBS: 17.37178393257618 z_PS1 693.6599 31.9442 20.397133557923993 0.05
OBS: 21.714729915720223 z_PS1 736.6879 33.9257 20.33179114748659 0.05
OBS: 26.057675898864268 z_PS1 776.1542 35.7432 20.275130005591244 0.05
OBS: 30.400621882008313 z_PS1 754.7949 34.7596 20.3054276413421 0.05
OBS: 34.74356786515236 z_PS1 671.3985 30.919 20.432549033280743 0.05
OBS: 39.086513848296406 z_PS1 563.6475 25.9569 20.622481087365536 0.05
END: