# 334 
# SNANA-like file generated from user-provided data
# Zeropoint of the converted SNANA file: 27.5 mag
# -----------------------------------------------------------
# Data table created by: anonymous
# On date: 2023.03.14 (yyyy.mm.dd); 20.49 hrs (GMT).
# Script used: BayeSNmodel.io.write_snana_lcfile.py
# -----------------------------------------------------------
SNID: 334
MWEBV: 0
REDSHIFT_HELIO: 0.07626279430167011
REDSHIFT_CMB: 0.07626279430167011
REDSHIFT_CMB_ERR: 0.001
PEAKMJD: 0
FILTERS: g_PS1,i_PS1,r_PS1,z_PS1
# -----------------------------------------------------------
NOBS: 48
NVAR: 6
VARLIST: MJD FLT FLUXCAL FLUXCALERR MAG MAGERR
OBS: -8.61010235441336 g_PS1 5244.4171 241.5143 18.200756931016816 0.05
OBS: -4.30505117720668 g_PS1 6386.6378 294.1155 17.986819287439122 0.05
OBS: 0.0 g_PS1 6056.835 278.9276 18.0443856394395 0.05
OBS: 4.30505117720668 g_PS1 5712.4249 263.0669 18.107948741805142 0.05
OBS: 8.61010235441336 g_PS1 5045.4505 232.3516 18.24275012794047 0.05
OBS: 12.91515353162004 g_PS1 3733.7239 171.9443 18.56964449685658 0.05
OBS: 17.22020470882672 g_PS1 2587.0113 119.1363 18.968004204265466 0.05
OBS: 21.5252558860334 g_PS1 1831.6397 84.3501 19.34289985607285 0.05
OBS: 25.83030706324008 g_PS1 1386.4266 63.8473 19.64525783059177 0.05
OBS: 30.135358240446763 g_PS1 1145.9558 52.7732 19.85208033100326 0.05
OBS: 34.44040941765344 g_PS1 910.8527 41.9463 20.10137968430867 0.05
OBS: 38.74546059486012 g_PS1 650.8416 29.9724 20.466311753264403 0.05
OBS: -8.61010235441336 r_PS1 4530.6725 208.6452 18.359593317616913 0.05
OBS: -4.30505117720668 r_PS1 5469.5859 251.8837 18.155113881519043 0.05
OBS: 0.0 r_PS1 5559.3821 256.019 18.13743367995528 0.05
OBS: 4.30505117720668 r_PS1 5314.7202 244.7519 18.18629899112456 0.05
OBS: 8.61010235441336 r_PS1 4805.3575 221.2949 18.29568573967245 0.05
OBS: 12.91515353162004 r_PS1 3889.5255 179.1193 18.52525844276608 0.05
OBS: 17.22020470882672 r_PS1 3019.5035 139.0533 18.800161140342382 0.05
OBS: 21.5252558860334 r_PS1 2588.4049 119.2004 18.967419486165554 0.05
OBS: 25.83030706324008 r_PS1 2455.2748 113.0696 19.024749734538155 0.05
OBS: 30.135358240446763 r_PS1 2276.1902 104.8224 19.106978628897274 0.05
OBS: 34.44040941765344 r_PS1 1895.0327 87.2695 19.3059582443936 0.05
OBS: 38.74546059486012 r_PS1 1449.8679 66.7689 19.596678912367018 0.05
OBS: -8.61010235441336 i_PS1 3291.1368 151.5624 18.706635173225088 0.05
OBS: -4.30505117720668 i_PS1 3575.0557 164.6374 18.61679297830287 0.05
OBS: 0.0 i_PS1 3146.426 144.8983 18.755456207339407 0.05
OBS: 4.30505117720668 i_PS1 2962.5985 136.4327 18.820818013608324 0.05
OBS: 8.61010235441336 i_PS1 2493.6595 114.8373 19.00790712710981 0.05
OBS: 12.91515353162004 i_PS1 1840.8041 84.7722 19.337481094284414 0.05
OBS: 17.22020470882672 i_PS1 1458.8461 67.1823 19.589976274029183 0.05
OBS: 21.5252558860334 i_PS1 1448.8453 66.7218 19.59744496810906 0.05
OBS: 25.83030706324008 i_PS1 1713.8142 78.9241 19.41509062974358 0.05
OBS: 30.135358240446763 i_PS1 2012.2992 92.6698 19.240768614154327 0.05
OBS: 34.44040941765344 i_PS1 1932.7039 89.0043 19.284586675404668 0.05
OBS: 38.74546059486012 i_PS1 1458.5457 67.1685 19.590199932924165 0.05
OBS: -8.61010235441336 z_PS1 2719.8055 125.2517 18.91365539017604 0.05
OBS: -4.30505117720668 z_PS1 2749.6592 126.6265 18.90180280982471 0.05
OBS: 0.0 z_PS1 2258.5196 104.0087 19.115440335723726 0.05
OBS: 4.30505117720668 z_PS1 1810.7317 83.3873 19.355364718712373 0.05
OBS: 8.61010235441336 z_PS1 1442.5102 66.43 19.602202792791154 0.05
OBS: 12.91515353162004 z_PS1 1134.668 52.2534 19.86282799531329 0.05
OBS: 17.22020470882672 z_PS1 973.9577 44.8524 20.028649769184987 0.05
OBS: 21.5252558860334 z_PS1 1018.9191 46.923 19.979650721886287 0.05
OBS: 25.83030706324008 z_PS1 1204.6413 55.4758 19.797855661159723 0.05
OBS: 30.135358240446763 z_PS1 1398.6159 64.4086 19.635753819667464 0.05
OBS: 34.44040941765344 z_PS1 1401.5468 64.5436 19.6334809727785 0.05
OBS: 38.74546059486012 z_PS1 1214.2839 55.9198 19.789199448901222 0.05
END: