# 335 
# SNANA-like file generated from user-provided data
# Zeropoint of the converted SNANA file: 27.5 mag
# -----------------------------------------------------------
# Data table created by: anonymous
# On date: 2023.03.14 (yyyy.mm.dd); 20.49 hrs (GMT).
# Script used: BayeSNmodel.io.write_snana_lcfile.py
# -----------------------------------------------------------
SNID: 335
MWEBV: 0
REDSHIFT_HELIO: 0.07935171531000504
REDSHIFT_CMB: 0.07935171531000504
REDSHIFT_CMB_ERR: 0.001
PEAKMJD: 0
FILTERS: g_PS1,i_PS1,r_PS1,z_PS1
# -----------------------------------------------------------
NOBS: 48
NVAR: 6
VARLIST: MJD FLT FLUXCAL FLUXCALERR MAG MAGERR
OBS: -8.63481372248004 g_PS1 2584.0057 118.9979 18.96926631603642 0.05
OBS: -4.31740686124002 g_PS1 3858.7741 177.7031 18.533876601874855 0.05
OBS: 0.0 g_PS1 4247.32 195.5963 18.42971255222913 0.05
OBS: 4.31740686124002 g_PS1 4232.2628 194.9029 18.4335684397865 0.05
OBS: 8.63481372248004 g_PS1 3654.6793 168.3042 18.592876830845942 0.05
OBS: 12.95222058372006 g_PS1 2534.0232 116.6961 18.99047354887369 0.05
OBS: 17.26962744496008 g_PS1 1572.9463 72.4369 19.508215251318187 0.05
OBS: 21.5870343062001 g_PS1 965.5437 44.4649 20.038070192267764 0.05
OBS: 25.90444116744012 g_PS1 663.7103 30.565 20.44505361319707 0.05
OBS: 30.22184802868014 g_PS1 533.7257 24.579 20.681704811787885 0.05
OBS: 34.53925488992016 g_PS1 455.187 20.9621 20.854525474126543 0.05
OBS: 38.856661751160175 g_PS1 382.1822 17.6001 21.04432390151202 0.05
OBS: -8.63481372248004 r_PS1 2206.0222 101.5911 19.140975279143305 0.05
OBS: -4.31740686124002 r_PS1 3368.6517 155.1321 18.681359709878862 0.05
OBS: 0.0 r_PS1 3875.64 178.4798 18.529141425389746 0.05
OBS: 4.31740686124002 r_PS1 3607.6508 166.1385 18.6069387529648 0.05
OBS: 8.63481372248004 r_PS1 3042.7421 140.1235 18.791837148040003 0.05
OBS: 12.95222058372006 r_PS1 2471.9471 113.8374 19.017402075873882 0.05
OBS: 17.26962744496008 r_PS1 2053.4599 94.5653 19.21878442643753 0.05
OBS: 21.5870343062001 r_PS1 1818.8409 83.7607 19.350513201163167 0.05
OBS: 25.90444116744012 r_PS1 1569.8675 72.2951 19.510342510319646 0.05
OBS: 30.22184802868014 r_PS1 1243.9963 57.2881 19.762952253306928 0.05
OBS: 34.53925488992016 r_PS1 963.7347 44.3816 20.040106266840574 0.05
OBS: 38.856661751160175 r_PS1 786.3384 36.2122 20.260976291834332 0.05
OBS: -8.63481372248004 i_PS1 1657.3309 76.3229 19.451476924533786 0.05
OBS: -4.31740686124002 i_PS1 2557.0456 117.7563 18.980653818551517 0.05
OBS: 0.0 i_PS1 2671.9176 123.0464 18.93294232878607 0.05
OBS: 4.31740686124002 i_PS1 2350.8452 108.2604 19.07193993195672 0.05
OBS: 8.63481372248004 i_PS1 1759.9617 81.0492 19.38624197706509 0.05
OBS: 12.95222058372006 i_PS1 1387.1973 63.8828 19.644654412015925 0.05
OBS: 17.26962744496008 i_PS1 1398.6227 64.409 19.635748544554303 0.05
OBS: 21.5870343062001 i_PS1 1608.7268 74.0846 19.48379422905049 0.05
OBS: 25.90444116744012 i_PS1 1686.2863 77.6564 19.43267168912321 0.05
OBS: 30.22184802868014 i_PS1 1540.3821 70.9372 19.53092884800037 0.05
OBS: 34.53925488992016 i_PS1 1248.241 57.4836 19.75925387343434 0.05
OBS: 38.856661751160175 i_PS1 920.1663 42.3752 20.090334137335077 0.05
OBS: -8.63481372248004 z_PS1 1306.711 60.1763 19.709551135409328 0.05
OBS: -4.31740686124002 z_PS1 1951.0143 89.8475 19.274348851465618 0.05
OBS: 0.0 z_PS1 2062.809 94.9959 19.213852464023248 0.05
OBS: 4.31740686124002 z_PS1 1777.108 81.8388 19.37571546139916 0.05
OBS: 8.63481372248004 z_PS1 1378.8333 63.4976 19.65122062605031 0.05
OBS: 12.95222058372006 z_PS1 1100.0834 50.6607 19.89643599567821 0.05
OBS: 17.26962744496008 z_PS1 1006.0808 46.3317 19.99341783329468 0.05
OBS: 21.5870343062001 z_PS1 1078.0879 49.6478 19.918364605365618 0.05
OBS: 25.90444116744012 z_PS1 1164.3254 53.6192 19.834814066428088 0.05
OBS: 30.22184802868014 z_PS1 1159.1611 53.3813 19.839640538354708 0.05
OBS: 34.53925488992016 z_PS1 1031.1023 47.484 19.966745591961214 0.05
OBS: 38.856661751160175 z_PS1 847.7794 39.0417 20.179292832560435 0.05
END: