# 337 
# SNANA-like file generated from user-provided data
# Zeropoint of the converted SNANA file: 27.5 mag
# -----------------------------------------------------------
# Data table created by: anonymous
# On date: 2023.03.14 (yyyy.mm.dd); 20.49 hrs (GMT).
# Script used: BayeSNmodel.io.write_snana_lcfile.py
# -----------------------------------------------------------
SNID: 337
MWEBV: 0
REDSHIFT_HELIO: 0.09689182261706016
REDSHIFT_CMB: 0.09689182261706016
REDSHIFT_CMB_ERR: 0.001
PEAKMJD: 0
FILTERS: g_PS1,i_PS1,r_PS1,z_PS1
# -----------------------------------------------------------
NOBS: 48
NVAR: 6
VARLIST: MJD FLT FLUXCAL FLUXCALERR MAG MAGERR
OBS: -8.77513458093648 g_PS1 970.26 44.6821 20.03277972093127 0.05
OBS: -4.38756729046824 g_PS1 1716.6475 79.0545 19.41329716015402 0.05
OBS: 0.0 g_PS1 1911.2382 88.0158 19.296712930849356 0.05
OBS: 4.38756729046824 g_PS1 1571.8006 72.3841 19.50900639958108 0.05
OBS: 8.77513458093648 g_PS1 1106.6777 50.9644 19.889947073769452 0.05
OBS: 13.162701871404721 g_PS1 753.1643 34.6845 20.30777573046318 0.05
OBS: 17.55026916187296 g_PS1 549.6481 25.3122 20.649788177705094 0.05
OBS: 21.9378364523412 g_PS1 385.974 17.7748 21.03360479455829 0.05
OBS: 26.325403742809442 g_PS1 261.2994 12.0333 21.45715383581408 0.05
OBS: 30.712971033277682 g_PS1 191.3321 8.8112 21.79553039371314 0.05
OBS: 35.10053832374592 g_PS1 155.4253 7.1576 22.021195739321126 0.05
OBS: 39.48810561421416 g_PS1 135.601 6.2447 22.16934266473331 0.05
OBS: -8.77513458093648 r_PS1 820.4166 37.7816 20.214913952868436 0.05
OBS: -4.38756729046824 r_PS1 1411.862 65.0187 19.625519339662254 0.05
OBS: 0.0 r_PS1 1805.2281 83.1338 19.35866977455099 0.05
OBS: 4.38756729046824 r_PS1 1827.4554 84.1574 19.345383012776374 0.05
OBS: 8.77513458093648 r_PS1 1599.0848 73.6406 19.49032124295986 0.05
OBS: 13.162701871404721 r_PS1 1267.8613 58.3872 19.742320640828716 0.05
OBS: 17.55026916187296 r_PS1 981.7845 45.2128 20.01995952401154 0.05
OBS: 21.9378364523412 r_PS1 787.3046 36.2567 20.259642974840176 0.05
OBS: 26.325403742809442 r_PS1 619.9817 28.5512 20.51905281065629 0.05
OBS: 30.712971033277682 r_PS1 466.4081 21.4789 20.828084882622385 0.05
OBS: 35.10053832374592 r_PS1 361.7545 16.6594 21.103965135038017 0.05
OBS: 39.48810561421416 r_PS1 310.889 14.317 21.268486534411345 0.05
OBS: -8.77513458093648 i_PS1 901.3752 41.5099 20.11273596059879 0.05
OBS: -4.38756729046824 i_PS1 1340.6068 61.7372 19.681746451542665 0.05
OBS: 0.0 i_PS1 1446.0986 66.5953 19.599505262142983 0.05
OBS: 4.38756729046824 i_PS1 1393.8937 64.1912 19.639425875662077 0.05
OBS: 8.77513458093648 i_PS1 1163.5994 53.5857 19.835491274673217 0.05
OBS: 13.162701871404721 i_PS1 975.6301 44.9294 20.026787026987222 0.05
OBS: 17.55026916187296 i_PS1 945.806 43.556 20.060494802213462 0.05
OBS: 21.9378364523412 i_PS1 959.1584 44.1709 20.045274207474748 0.05
OBS: 26.325403742809442 i_PS1 829.8144 38.2144 20.20254762425482 0.05
OBS: 30.712971033277682 i_PS1 630.8081 29.0498 20.50025677968746 0.05
OBS: 35.10053832374592 i_PS1 474.5566 21.8541 20.809279973824403 0.05
OBS: 39.48810561421416 i_PS1 368.0992 16.9516 21.085087778484592 0.05
OBS: -8.77513458093648 z_PS1 869.5786 40.0456 20.151727829982697 0.05
OBS: -4.38756729046824 z_PS1 1135.267 52.281 19.862254963026054 0.05
OBS: 0.0 z_PS1 1064.283 49.012 19.932357155629987 0.05
OBS: 4.38756729046824 z_PS1 867.7713 39.9623 20.15398678129268 0.05
OBS: 8.77513458093648 z_PS1 659.9797 30.3932 20.45117350745837 0.05
OBS: 13.162701871404721 z_PS1 578.8754 26.6582 20.5935372445252 0.05
OBS: 17.55026916187296 z_PS1 607.9366 27.9965 20.54035422534036 0.05
OBS: 21.9378364523412 z_PS1 702.3505 32.3444 20.383615314306503 0.05
OBS: 26.325403742809442 z_PS1 691.4814 31.8439 20.400548765047667 0.05
OBS: 30.712971033277682 z_PS1 571.6855 26.3271 20.60710709088061 0.05
OBS: 35.10053832374592 z_PS1 439.6116 20.2449 20.89232719406776 0.05
OBS: 39.48810561421416 z_PS1 336.9361 15.5165 21.181131297597943 0.05
END: