# 344 
# SNANA-like file generated from user-provided data
# Zeropoint of the converted SNANA file: 27.5 mag
# -----------------------------------------------------------
# Data table created by: anonymous
# On date: 2023.03.14 (yyyy.mm.dd); 20.49 hrs (GMT).
# Script used: BayeSNmodel.io.write_snana_lcfile.py
# -----------------------------------------------------------
SNID: 344
MWEBV: 0
REDSHIFT_HELIO: 0.08786322695427345
REDSHIFT_CMB: 0.08786322695427345
REDSHIFT_CMB_ERR: 0.001
PEAKMJD: 0
FILTERS: g_PS1,i_PS1,r_PS1,z_PS1
# -----------------------------------------------------------
NOBS: 48
NVAR: 6
VARLIST: MJD FLT FLUXCAL FLUXCALERR MAG MAGERR
OBS: -8.702905815634187 g_PS1 2155.8187 99.2791 19.165969409972444 0.05
OBS: -4.351452907817094 g_PS1 3195.4537 147.1561 18.738668692180216 0.05
OBS: 0.0 g_PS1 3354.2367 154.4683 18.686015740260483 0.05
OBS: 4.351452907817094 g_PS1 3031.2049 139.5921 18.795961755711854 0.05
OBS: 8.702905815634187 g_PS1 2417.0232 111.308 19.041797949649858 0.05
OBS: 13.05435872345128 g_PS1 1695.9697 78.1023 19.42645480455978 0.05
OBS: 17.405811631268374 g_PS1 1159.2492 53.3854 19.839558002887795 0.05
OBS: 21.75726453908547 g_PS1 777.7521 35.8168 20.27289708416468 0.05
OBS: 26.10871744690256 g_PS1 542.8119 24.9974 20.663376674015094 0.05
OBS: 30.460170354719654 g_PS1 421.6116 19.4159 20.937718719120458 0.05
OBS: 34.81162326253675 g_PS1 346.5247 15.9581 21.15066463932376 0.05
OBS: 39.16307617035384 g_PS1 285.1054 13.1296 21.362486412470066 0.05
OBS: -8.702905815634187 r_PS1 1829.8845 84.2693 19.34394077680428 0.05
OBS: -4.351452907817094 r_PS1 2838.1164 130.7001 18.867424504418658 0.05
OBS: 0.0 r_PS1 3357.5033 154.6187 18.684958888837933 0.05
OBS: 4.351452907817094 r_PS1 3248.9731 149.6207 18.720634716335063 0.05
OBS: 8.702905815634187 r_PS1 2785.4726 128.2758 18.887752763343286 0.05
OBS: 13.05435872345128 r_PS1 2190.8094 100.8905 19.148488501375233 0.05
OBS: 17.405811631268374 r_PS1 1703.4544 78.447 19.421673701375127 0.05
OBS: 21.75726453908547 r_PS1 1415.5007 65.1862 19.622724779672332 0.05
OBS: 26.10871744690256 r_PS1 1204.862 55.4859 19.79765675355496 0.05
OBS: 30.460170354719654 r_PS1 976.174 44.9545 20.026181884251038 0.05
OBS: 34.81162326253675 r_PS1 765.6947 35.2615 20.2898608354922 0.05
OBS: 39.16307617035384 r_PS1 617.0648 28.4169 20.524173123017327 0.05
OBS: -8.702905815634187 i_PS1 1591.7909 73.3047 19.4952849503769 0.05
OBS: -4.351452907817094 i_PS1 2280.6306 105.0269 19.10486263531702 0.05
OBS: 0.0 i_PS1 2349.1527 108.1825 19.072721882215113 0.05
OBS: 4.351452907817094 i_PS1 2156.3253 99.3024 19.16571432499004 0.05
OBS: 8.702905815634187 i_PS1 1701.4408 78.3542 19.42295791774623 0.05
OBS: 13.05435872345128 i_PS1 1345.7568 61.9744 19.6775835085313 0.05
OBS: 17.405811631268374 i_PS1 1263.9948 58.2091 19.74563677625872 0.05
OBS: 21.75726453908547 i_PS1 1346.0679 61.9887 19.677332592679363 0.05
OBS: 26.10871744690256 i_PS1 1349.2126 62.1335 19.674799043347008 0.05
OBS: 30.460170354719654 i_PS1 1206.8001 55.5752 19.795911684817668 0.05
OBS: 34.81162326253675 i_PS1 967.695 44.564 20.035653702206623 0.05
OBS: 39.16307617035384 i_PS1 708.637 32.6339 20.373940480757504 0.05
OBS: -8.702905815634187 z_PS1 1326.0013 61.0646 19.69364013245316 0.05
OBS: -4.351452907817094 z_PS1 1638.7964 75.4694 19.46368750704419 0.05
OBS: 0.0 z_PS1 1495.54 68.8722 19.56300488992178 0.05
OBS: 4.351452907817094 z_PS1 1209.6939 55.7085 19.79331127657877 0.05
OBS: 8.702905815634187 z_PS1 922.6419 42.4892 20.087417038803565 0.05
OBS: 13.05435872345128 z_PS1 766.692 35.3075 20.288447650190115 0.05
OBS: 17.405811631268374 z_PS1 748.0282 34.448 20.315205005607865 0.05
OBS: 21.75726453908547 z_PS1 850.5972 39.1715 20.175690071940643 0.05
OBS: 26.10871744690256 z_PS1 924.4473 42.5724 20.08529455596912 0.05
OBS: 30.460170354719654 z_PS1 887.519 40.8718 20.129555878862135 0.05
OBS: 34.81162326253675 z_PS1 760.583 35.0261 20.297133405557794 0.05
OBS: 39.16307617035384 z_PS1 608.5832 28.0263 20.53920006016582 0.05
END: