# 348 
# SNANA-like file generated from user-provided data
# Zeropoint of the converted SNANA file: 27.5 mag
# -----------------------------------------------------------
# Data table created by: anonymous
# On date: 2023.03.14 (yyyy.mm.dd); 20.49 hrs (GMT).
# Script used: BayeSNmodel.io.write_snana_lcfile.py
# -----------------------------------------------------------
SNID: 348
MWEBV: 0
REDSHIFT_HELIO: 0.09750459576390928
REDSHIFT_CMB: 0.09750459576390928
REDSHIFT_CMB_ERR: 0.001
PEAKMJD: 0
FILTERS: g_PS1,i_PS1,r_PS1,z_PS1
# -----------------------------------------------------------
NOBS: 48
NVAR: 6
VARLIST: MJD FLT FLUXCAL FLUXCALERR MAG MAGERR
OBS: -8.780036766111275 g_PS1 1193.2987 54.9534 19.808127072877493 0.05
OBS: -4.390018383055637 g_PS1 1626.7404 74.9142 19.471704371582074 0.05
OBS: 0.0 g_PS1 1680.5419 77.3918 19.43637663218566 0.05
OBS: 4.390018383055637 g_PS1 1639.41 75.4976 19.46328106786417 0.05
OBS: 8.780036766111275 g_PS1 1444.7876 66.5349 19.60049000494887 0.05
OBS: 13.170055149166913 g_PS1 1045.318 48.1387 19.95187889422014 0.05
OBS: 17.56007353222255 g_PS1 694.2924 31.9733 20.39614404076004 0.05
OBS: 21.950091915278186 g_PS1 451.9217 20.8118 20.862342004689136 0.05
OBS: 26.340110298333826 g_PS1 314.045 14.4623 21.257520232710466 0.05
OBS: 30.730128681389463 g_PS1 248.3574 11.4373 21.512307428729645 0.05
OBS: 35.1201470644451 g_PS1 206.9437 9.5301 21.710369221262763 0.05
OBS: 39.51016544750074 g_PS1 170.4712 7.8505 21.920872637453503 0.05
OBS: -8.780036766111275 r_PS1 1122.0541 51.6725 19.874965466859905 0.05
OBS: -4.390018383055637 r_PS1 1609.1878 74.1058 19.483483157537115 0.05
OBS: 0.0 r_PS1 1817.3067 83.6901 19.35142941676422 0.05
OBS: 4.390018383055637 r_PS1 1766.7744 81.363 19.38204727899621 0.05
OBS: 8.780036766111275 r_PS1 1585.3087 73.0062 19.499715377749958 0.05
OBS: 13.170055149166913 r_PS1 1337.7939 61.6077 19.684026996102908 0.05
OBS: 17.56007353222255 r_PS1 1113.9757 51.3005 19.88281072173924 0.05
OBS: 21.950091915278186 r_PS1 950.9425 43.7925 20.054614410462754 0.05
OBS: 26.340110298333826 r_PS1 788.9337 36.3317 20.257398721329757 0.05
OBS: 30.730128681389463 r_PS1 621.0394 28.5999 20.51720218365009 0.05
OBS: 35.1201470644451 r_PS1 498.883 22.9744 20.755003338274115 0.05
OBS: 39.51016544750074 r_PS1 440.6984 20.2949 20.88964641706803 0.05
OBS: -8.780036766111275 i_PS1 1040.1748 47.9018 19.957234158419695 0.05
OBS: -4.390018383055637 i_PS1 1433.1962 66.0011 19.609235889172226 0.05
OBS: 0.0 i_PS1 1496.7922 68.9298 19.562096197608078 0.05
OBS: 4.390018383055637 i_PS1 1479.5048 68.1337 19.574709023818755 0.05
OBS: 8.780036766111275 i_PS1 1253.0156 57.7035 19.755108767399214 0.05
OBS: 13.170055149166913 i_PS1 963.4089 44.3666 20.040473420889782 0.05
OBS: 17.56007353222255 i_PS1 808.7029 37.2421 20.230527519370263 0.05
OBS: 21.950091915278186 i_PS1 793.5288 36.5434 20.251093246796174 0.05
OBS: 26.340110298333826 i_PS1 834.7783 38.443 20.196072110539184 0.05
OBS: 30.730128681389463 i_PS1 844.6639 38.8982 20.18329013430033 0.05
OBS: 35.1201470644451 i_PS1 750.1166 34.5441 20.312178003532203 0.05
OBS: 39.51016544750074 i_PS1 570.8894 26.2904 20.608619960764628 0.05
OBS: -8.780036766111275 z_PS1 916.6583 42.2137 20.09448130769905 0.05
OBS: -4.390018383055637 z_PS1 1218.1785 56.0992 19.785722711242222 0.05
OBS: 0.0 z_PS1 1197.4185 55.1432 19.804385123425675 0.05
OBS: 4.390018383055637 z_PS1 1049.3051 48.3223 19.947745527886887 0.05
OBS: 8.780036766111275 z_PS1 804.5145 37.0493 20.23616537171327 0.05
OBS: 13.170055149166913 z_PS1 598.453 27.5598 20.55742494727877 0.05
OBS: 17.56007353222255 z_PS1 479.4887 22.0813 20.798054028431295 0.05
OBS: 21.950091915278186 z_PS1 489.2444 22.5305 20.776185307684102 0.05
OBS: 26.340110298333826 z_PS1 589.0841 27.1283 20.574556802817064 0.05
OBS: 30.730128681389463 z_PS1 695.2709 32.0184 20.394614926558333 0.05
OBS: 35.1201470644451 z_PS1 684.1163 31.5047 20.41217510290742 0.05
OBS: 39.51016544750074 z_PS1 550.7119 25.3612 20.64768894155224 0.05
END: