# 358 
# SNANA-like file generated from user-provided data
# Zeropoint of the converted SNANA file: 27.5 mag
# -----------------------------------------------------------
# Data table created by: anonymous
# On date: 2023.03.14 (yyyy.mm.dd); 20.49 hrs (GMT).
# Script used: BayeSNmodel.io.write_snana_lcfile.py
# -----------------------------------------------------------
SNID: 358
MWEBV: 0
REDSHIFT_HELIO: 0.09958951888635924
REDSHIFT_CMB: 0.09958951888635924
REDSHIFT_CMB_ERR: 0.001
PEAKMJD: 0
FILTERS: g_PS1,i_PS1,r_PS1,z_PS1
# -----------------------------------------------------------
NOBS: 48
NVAR: 6
VARLIST: MJD FLT FLUXCAL FLUXCALERR MAG MAGERR
OBS: -8.796716151090873 g_PS1 1228.0705 56.5547 19.776941795342633 0.05
OBS: -4.398358075545437 g_PS1 1906.6239 87.8033 19.299337391291335 0.05
OBS: 0.0 g_PS1 1993.9278 91.8238 19.250726430502265 0.05
OBS: 4.398358075545437 g_PS1 1672.8903 77.0394 19.441331335013214 0.05
OBS: 8.796716151090873 g_PS1 1235.2412 56.885 19.77062058573959 0.05
OBS: 13.19507422663631 g_PS1 831.9675 38.3135 20.199734079075522 0.05
OBS: 17.593432302181746 g_PS1 560.8527 25.8282 20.627877920979675 0.05
OBS: 21.991790377727185 g_PS1 365.8662 16.8488 21.091694374133493 0.05
OBS: 26.39014845327262 g_PS1 243.8454 11.2295 21.532213728018338 0.05
OBS: 30.788506528818054 g_PS1 184.287 8.4867 21.836263089663635 0.05
OBS: 35.18686460436349 g_PS1 159.8505 7.3614 21.990715063636042 0.05
OBS: 39.58522267990893 g_PS1 151.5224 6.9779 22.048808147572917 0.05
OBS: -8.796716151090873 r_PS1 1234.9517 56.8716 19.770875028335425 0.05
OBS: -4.398358075545437 r_PS1 1688.7859 77.7715 19.43106352086952 0.05
OBS: 0.0 r_PS1 1796.3281 82.724 19.364035851891792 0.05
OBS: 4.398358075545437 r_PS1 1625.6385 74.8634 19.472440046585575 0.05
OBS: 8.796716151090873 r_PS1 1378.4714 63.481 19.65150561560194 0.05
OBS: 13.19507422663631 r_PS1 1142.1036 52.5958 19.85573623708099 0.05
OBS: 17.593432302181746 r_PS1 963.4938 44.3705 20.040377638706744 0.05
OBS: 21.991790377727185 r_PS1 821.3562 37.8248 20.213671182486188 0.05
OBS: 26.39014845327262 r_PS1 626.3249 28.8433 20.508000786822954 0.05
OBS: 30.788506528818054 r_PS1 438.5203 20.1946 20.895025731426934 0.05
OBS: 35.18686460436349 r_PS1 334.1388 15.3877 21.190182627517352 0.05
OBS: 39.58522267990893 r_PS1 305.1556 14.0529 21.288696623840927 0.05
OBS: -8.796716151090873 i_PS1 1074.7879 49.4958 19.921693063442476 0.05
OBS: -4.398358075545437 i_PS1 1547.5412 71.2669 19.52589442933801 0.05
OBS: 0.0 i_PS1 1555.268 71.6227 19.520486875172452 0.05
OBS: 4.398358075545437 i_PS1 1338.0634 61.6201 19.68380829776759 0.05
OBS: 8.796716151090873 i_PS1 1028.0432 47.3431 19.9699716326148 0.05
OBS: 13.19507422663631 i_PS1 878.9559 40.4774 20.140082326062526 0.05
OBS: 17.593432302181746 i_PS1 943.1908 43.4355 20.063501122465084 0.05
OBS: 21.991790377727185 i_PS1 1019.5242 46.9508 19.9790061971835 0.05
OBS: 26.39014845327262 i_PS1 837.1495 38.5522 20.19299249216769 0.05
OBS: 30.788506528818054 i_PS1 578.9102 26.6598 20.59347203314534 0.05
OBS: 35.18686460436349 i_PS1 420.9077 19.3835 20.93953278306325 0.05
OBS: 39.58522267990893 i_PS1 345.5946 15.9152 21.153582551434823 0.05
OBS: -8.796716151090873 z_PS1 627.0455 28.8765 20.50675241319943 0.05
OBS: -4.398358075545437 z_PS1 932.704 42.9526 20.07564045622224 0.05
OBS: 0.0 z_PS1 969.5524 44.6495 20.033571841525422 0.05
OBS: 4.398358075545437 z_PS1 848.6038 39.0796 20.17823757855131 0.05
OBS: 8.796716151090873 z_PS1 661.3866 30.458 20.44886148815403 0.05
OBS: 13.19507422663631 z_PS1 571.2392 26.3065 20.607955069118574 0.05
OBS: 17.593432302181746 z_PS1 570.9204 26.2919 20.608561017342687 0.05
OBS: 21.991790377727185 z_PS1 617.3105 28.4282 20.523740917994935 0.05
OBS: 26.39014845327262 z_PS1 568.3747 26.1746 20.613413098466786 0.05
OBS: 30.788506528818054 z_PS1 454.4588 20.9286 20.856263821088262 0.05
OBS: 35.18686460436349 z_PS1 362.567 16.6968 21.10152920369481 0.05
OBS: 39.58522267990893 z_PS1 308.7991 14.2207 21.27580994645603 0.05
END: