# 363 
# SNANA-like file generated from user-provided data
# Zeropoint of the converted SNANA file: 27.5 mag
# -----------------------------------------------------------
# Data table created by: anonymous
# On date: 2023.03.14 (yyyy.mm.dd); 20.49 hrs (GMT).
# Script used: BayeSNmodel.io.write_snana_lcfile.py
# -----------------------------------------------------------
SNID: 363
MWEBV: 0
REDSHIFT_HELIO: 0.0858844228061735
REDSHIFT_CMB: 0.0858844228061735
REDSHIFT_CMB_ERR: 0.001
PEAKMJD: 0
FILTERS: g_PS1,i_PS1,r_PS1,z_PS1
# -----------------------------------------------------------
NOBS: 48
NVAR: 6
VARLIST: MJD FLT FLUXCAL FLUXCALERR MAG MAGERR
OBS: -8.687075382449388 g_PS1 1808.0267 83.2627 19.356987924975368 0.05
OBS: -4.343537691224694 g_PS1 2840.7029 130.8192 18.86643544987953 0.05
OBS: 0.0 g_PS1 2997.0912 138.0212 18.808250087624113 0.05
OBS: 4.343537691224694 g_PS1 2553.3016 117.5839 18.98224472267005 0.05
OBS: 8.687075382449388 g_PS1 1908.8875 87.9075 19.298049180130942 0.05
OBS: 13.030613073674083 g_PS1 1308.6346 60.2649 19.707953979913338 0.05
OBS: 17.374150764898776 g_PS1 900.9026 41.4881 20.113305432269197 0.05
OBS: 21.71768845612347 g_PS1 600.1813 27.6394 20.554293761806388 0.05
OBS: 26.061226147348165 g_PS1 407.1123 18.7482 20.975714373697596 0.05
OBS: 30.40476383857286 g_PS1 307.8547 14.1772 21.279135616356076 0.05
OBS: 34.74830152979755 g_PS1 255.3247 11.7581 21.482268061014015 0.05
OBS: 39.09183922102225 g_PS1 221.1717 10.1853 21.63817635290116 0.05
OBS: -8.687075382449388 r_PS1 1743.757 80.303 19.396285107739835 0.05
OBS: -4.343537691224694 r_PS1 2466.3625 113.5802 19.019857725353738 0.05
OBS: 0.0 r_PS1 2698.5663 124.2736 18.92216726305844 0.05
OBS: 4.343537691224694 r_PS1 2478.5676 114.1423 19.01449810094023 0.05
OBS: 8.687075382449388 r_PS1 2093.6259 96.415 19.19775228855373 0.05
OBS: 13.030613073674083 r_PS1 1682.5129 77.4826 19.435104001138455 0.05
OBS: 17.374150764898776 r_PS1 1356.5868 62.4731 19.668881032418135 0.05
OBS: 21.71768845612347 r_PS1 1140.167 52.5066 19.857578848642603 0.05
OBS: 26.061226147348165 r_PS1 910.6949 41.9391 20.10156772740398 0.05
OBS: 30.40476383857286 r_PS1 678.0741 31.2265 20.421807034148138 0.05
OBS: 34.74830152979755 r_PS1 523.8563 24.1245 20.70196956248703 0.05
OBS: 39.09183922102225 r_PS1 454.0629 20.9104 20.85720991980609 0.05
OBS: -8.687075382449388 i_PS1 1507.4768 69.4219 19.554373397115576 0.05
OBS: -4.343537691224694 i_PS1 2117.6577 97.5217 19.185360576459722 0.05
OBS: 0.0 i_PS1 2077.8815 95.69 19.205948055827513 0.05
OBS: 4.343537691224694 i_PS1 1780.8211 82.0098 19.373449273456743 0.05
OBS: 8.687075382449388 i_PS1 1347.5324 62.0562 19.676151952626938 0.05
OBS: 13.030613073674083 i_PS1 1101.6133 50.7312 19.89492709806715 0.05
OBS: 17.374150764898776 i_PS1 1133.0392 52.1784 19.864387665016345 0.05
OBS: 21.71768845612347 i_PS1 1235.8987 56.9152 19.77004280669209 0.05
OBS: 26.061226147348165 i_PS1 1110.5319 51.1419 19.88617238427134 0.05
OBS: 30.40476383857286 i_PS1 859.8087 39.5957 20.16399543142486 0.05
OBS: 34.74830152979755 i_PS1 658.4625 30.3233 20.453672398479085 0.05
OBS: 39.09183922102225 i_PS1 524.3024 24.145 20.701045338444587 0.05
OBS: -8.687075382449388 z_PS1 1096.0472 50.4748 19.90042686151356 0.05
OBS: -4.343537691224694 z_PS1 1537.6948 70.8135 19.532824655940665 0.05
OBS: 0.0 z_PS1 1501.7518 69.1582 19.55850462653237 0.05
OBS: 4.343537691224694 z_PS1 1198.6221 55.1986 19.803294258358214 0.05
OBS: 8.687075382449388 z_PS1 884.6113 40.7379 20.13311875955958 0.05
OBS: 13.030613073674083 z_PS1 750.4553 34.5597 20.311687903164604 0.05
OBS: 17.374150764898776 z_PS1 778.2961 35.8419 20.27213780863226 0.05
OBS: 21.71768845612347 z_PS1 894.9836 41.2155 20.12046225952863 0.05
OBS: 26.061226147348165 z_PS1 889.9328 40.9829 20.12660698807275 0.05
OBS: 30.40476383857286 z_PS1 753.4212 34.6963 20.307405464110758 0.05
OBS: 34.74830152979755 z_PS1 593.111 27.3138 20.56716004885994 0.05
OBS: 39.09183922102225 z_PS1 464.7197 21.4011 20.832022388238208 0.05
END: