# 370 
# SNANA-like file generated from user-provided data
# Zeropoint of the converted SNANA file: 27.5 mag
# -----------------------------------------------------------
# Data table created by: anonymous
# On date: 2023.03.14 (yyyy.mm.dd); 20.49 hrs (GMT).
# Script used: BayeSNmodel.io.write_snana_lcfile.py
# -----------------------------------------------------------
SNID: 370
MWEBV: 0
REDSHIFT_HELIO: 0.0984248164710789
REDSHIFT_CMB: 0.0984248164710789
REDSHIFT_CMB_ERR: 0.001
PEAKMJD: 0
FILTERS: g_PS1,i_PS1,r_PS1,z_PS1
# -----------------------------------------------------------
NOBS: 48
NVAR: 6
VARLIST: MJD FLT FLUXCAL FLUXCALERR MAG MAGERR
OBS: -8.78739853176863 g_PS1 2454.3936 113.029 19.02513946091305 0.05
OBS: -4.393699265884315 g_PS1 3610.4565 166.2677 18.606094694854594 0.05
OBS: 0.0 g_PS1 3771.0966 173.6654 18.55883084800249 0.05
OBS: 4.393699265884315 g_PS1 3400.8743 156.6161 18.671023537179334 0.05
OBS: 8.78739853176863 g_PS1 2727.9076 125.6248 18.910425845450906 0.05
OBS: 13.181097797652946 g_PS1 1932.2551 88.9836 19.284838836352794 0.05
OBS: 17.57479706353726 g_PS1 1331.284 61.3079 19.689323247973416 0.05
OBS: 21.968496329421576 g_PS1 872.8038 40.1941 20.147708475244155 0.05
OBS: 26.36219559530589 g_PS1 566.0489 26.0675 20.617865080718264 0.05
OBS: 30.755894861190207 g_PS1 408.6588 18.8194 20.971597918637936 0.05
OBS: 35.14959412707452 g_PS1 332.5718 15.3155 21.19528629181541 0.05
OBS: 39.54329339295884 g_PS1 292.0803 13.4508 21.336244288733138 0.05
OBS: -8.78739853176863 r_PS1 1757.9669 80.9574 19.387473252304524 0.05
OBS: -4.393699265884315 r_PS1 2737.4714 126.0652 18.906626015178077 0.05
OBS: 0.0 r_PS1 3180.6478 146.4742 18.74371103952287 0.05
OBS: 4.393699265884315 r_PS1 2967.8128 136.6728 18.818908737236377 0.05
OBS: 8.78739853176863 r_PS1 2456.6463 113.1327 19.024143411066007 0.05
OBS: 13.181097797652946 r_PS1 1923.3934 88.5755 19.289829708278496 0.05
OBS: 17.57479706353726 r_PS1 1525.6055 70.2567 19.54139437975379 0.05
OBS: 21.968496329421576 r_PS1 1279.1894 58.9088 19.73266289052693 0.05
OBS: 26.36219559530589 r_PS1 1088.4493 50.1249 19.907979493420328 0.05
OBS: 30.755894861190207 r_PS1 893.6056 41.1521 20.12213528615934 0.05
OBS: 35.14959412707452 r_PS1 718.146 33.0718 20.35946812725478 0.05
OBS: 39.54329339295884 r_PS1 600.7131 27.6639 20.553332228387113 0.05
OBS: -8.78739853176863 i_PS1 1608.5031 74.0743 19.48394526137851 0.05
OBS: -4.393699265884315 i_PS1 2107.6799 97.0622 19.19048838510639 0.05
OBS: 0.0 i_PS1 2067.8466 95.2279 19.211204200551215 0.05
OBS: 4.393699265884315 i_PS1 1862.2453 85.7596 19.324907785372574 0.05
OBS: 8.78739853176863 i_PS1 1457.2656 67.1096 19.591153229158387 0.05
OBS: 13.181097797652946 i_PS1 1115.7532 51.3823 19.881079678194048 0.05
OBS: 17.57479706353726 i_PS1 998.643 45.9892 20.0014743826637 0.05
OBS: 21.968496329421576 i_PS1 1060.2084 48.8244 19.93652192190794 0.05
OBS: 26.36219559530589 i_PS1 1162.2218 53.5223 19.83677743826368 0.05
OBS: 30.755894861190207 i_PS1 1161.7579 53.5009 19.837210930408524 0.05
OBS: 35.14959412707452 i_PS1 971.2082 44.7258 20.031719157926588 0.05
OBS: 39.54329339295884 i_PS1 674.0544 31.0414 20.428262559978087 0.05
OBS: -8.78739853176863 z_PS1 1571.6964 72.3793 19.509078367213725 0.05
OBS: -4.393699265884315 z_PS1 1772.0256 81.6048 19.378824995793813 0.05
OBS: 0.0 z_PS1 1521.8474 70.0837 19.544072226860706 0.05
OBS: 4.393699265884315 z_PS1 1222.1051 56.28 19.782228624049772 0.05
OBS: 8.78739853176863 z_PS1 913.1758 42.0533 20.09861405107442 0.05
OBS: 13.181097797652946 z_PS1 718.8785 33.1056 20.358361266400074 0.05
OBS: 17.57479706353726 z_PS1 643.6669 29.642 20.47834706263901 0.05
OBS: 21.968496329421576 z_PS1 711.2519 32.7544 20.36994138524134 0.05
OBS: 26.36219559530589 z_PS1 830.1457 38.2296 20.202114132879863 0.05
OBS: 30.755894861190207 z_PS1 881.6232 40.6002 20.136792490032015 0.05
OBS: 35.14959412707452 z_PS1 785.1491 36.1575 20.26261971142405 0.05
OBS: 39.54329339295884 z_PS1 594.5709 27.381 20.56449080644061 0.05
END: