# 371 
# SNANA-like file generated from user-provided data
# Zeropoint of the converted SNANA file: 27.5 mag
# -----------------------------------------------------------
# Data table created by: anonymous
# On date: 2023.03.14 (yyyy.mm.dd); 20.49 hrs (GMT).
# Script used: BayeSNmodel.io.write_snana_lcfile.py
# -----------------------------------------------------------
SNID: 371
MWEBV: 0
REDSHIFT_HELIO: 0.09514474076748138
REDSHIFT_CMB: 0.09514474076748138
REDSHIFT_CMB_ERR: 0.001
PEAKMJD: 0
FILTERS: g_PS1,i_PS1,r_PS1,z_PS1
# -----------------------------------------------------------
NOBS: 48
NVAR: 6
VARLIST: MJD FLT FLUXCAL FLUXCALERR MAG MAGERR
OBS: -8.761157926139852 g_PS1 1512.1695 69.638 19.55099881273814 0.05
OBS: -4.380578963069926 g_PS1 2467.1525 113.6166 19.019510023443456 0.05
OBS: 0.0 g_PS1 2631.0385 121.1638 18.94968197617293 0.05
OBS: 4.380578963069926 g_PS1 2178.8286 100.3388 19.154442346290768 0.05
OBS: 8.761157926139852 g_PS1 1559.7496 71.8291 19.517362789752607 0.05
OBS: 13.141736889209778 g_PS1 1024.3501 47.1731 19.97387895782438 0.05
OBS: 17.522315852279704 g_PS1 684.124 31.5051 20.41216287109435 0.05
OBS: 21.90289481534963 g_PS1 447.0623 20.588 20.87407993674009 0.05
OBS: 26.283473778419555 g_PS1 300.1985 13.8247 21.30647873044121 0.05
OBS: 30.66405274148948 g_PS1 227.413 10.4728 21.607961790184323 0.05
OBS: 35.04463170455941 g_PS1 193.3334 8.9033 21.78423281071657 0.05
OBS: 39.42521066762933 g_PS1 175.1059 8.0639 21.89174777825367 0.05
OBS: -8.761157926139852 r_PS1 1441.6488 66.3904 19.60285130247837 0.05
OBS: -4.380578963069926 r_PS1 2202.5341 101.4304 19.142693419589364 0.05
OBS: 0.0 r_PS1 2532.1648 116.6105 18.9912700838831 0.05
OBS: 4.380578963069926 r_PS1 2349.053 108.1779 19.072767954264343 0.05
OBS: 8.761157926139852 r_PS1 1935.9337 89.153 19.28277380306811 0.05
OBS: 13.141736889209778 r_PS1 1484.3964 68.359 19.571125246878154 0.05
OBS: 17.522315852279704 r_PS1 1132.1035 52.1353 19.86528471001703 0.05
OBS: 21.90289481534963 r_PS1 895.4801 41.2384 20.119860204564937 0.05
OBS: 26.283473778419555 r_PS1 675.72 31.1181 20.42558308732857 0.05
OBS: 30.66405274148948 r_PS1 487.5074 22.4505 20.78004703794324 0.05
OBS: 35.04463170455941 r_PS1 381.4747 17.5676 21.046335662066156 0.05
OBS: 39.42521066762933 r_PS1 350.0258 16.1193 21.139749818111582 0.05
OBS: -8.761157926139852 i_PS1 1285.8961 59.2177 19.726985300007122 0.05
OBS: -4.380578963069926 i_PS1 1860.0028 85.6563 19.326215977206992 0.05
OBS: 0.0 i_PS1 1883.5383 86.7401 19.31256387646122 0.05
OBS: 4.380578963069926 i_PS1 1630.8239 75.1022 19.468982321660512 0.05
OBS: 8.761157926139852 i_PS1 1240.3913 57.1221 19.766103208256844 0.05
OBS: 13.141736889209778 i_PS1 1025.5138 47.2267 19.972646206129042 0.05
OBS: 17.522315852279704 i_PS1 1050.1829 48.3627 19.946837602446934 0.05
OBS: 21.90289481534963 i_PS1 1108.9308 51.0682 19.887738879507772 0.05
OBS: 26.283473778419555 i_PS1 931.0504 42.8765 20.077566971678195 0.05
OBS: 30.66405274148948 i_PS1 670.7093 30.8873 20.433664207564263 0.05
OBS: 35.04463170455941 i_PS1 498.0689 22.9369 20.756776456558505 0.05
OBS: 39.42521066762933 i_PS1 404.3796 18.6224 20.98302696767393 0.05
OBS: -8.761157926139852 z_PS1 943.1323 43.4328 20.06356848715123 0.05
OBS: -4.380578963069926 z_PS1 1265.3045 58.2694 19.74451234382792 0.05
OBS: 0.0 z_PS1 1186.9531 54.6612 19.81391609793944 0.05
OBS: 4.380578963069926 z_PS1 932.892 42.9613 20.0754216015403 0.05
OBS: 8.761157926139852 z_PS1 680.8095 31.3524 20.417435947573118 0.05
OBS: 13.141736889209778 z_PS1 589.6657 27.1551 20.57348528080737 0.05
OBS: 17.522315852279704 z_PS1 631.5309 29.0831 20.499013436252255 0.05
OBS: 21.90289481534963 z_PS1 746.4816 34.3768 20.31745216635614 0.05
OBS: 26.283473778419555 z_PS1 739.4735 34.054 20.327693515533277 0.05
OBS: 30.66405274148948 z_PS1 610.113 28.0967 20.53647431468263 0.05
OBS: 35.04463170455941 z_PS1 469.5421 21.6232 20.82081363408613 0.05
OBS: 39.42521066762933 z_PS1 362.5675 16.6968 21.101527944252233 0.05
END: