# 377 
# SNANA-like file generated from user-provided data
# Zeropoint of the converted SNANA file: 27.5 mag
# -----------------------------------------------------------
# Data table created by: anonymous
# On date: 2023.03.14 (yyyy.mm.dd); 20.49 hrs (GMT).
# Script used: BayeSNmodel.io.write_snana_lcfile.py
# -----------------------------------------------------------
SNID: 377
MWEBV: 0
REDSHIFT_HELIO: 0.09439961431289534
REDSHIFT_CMB: 0.09439961431289534
REDSHIFT_CMB_ERR: 0.001
PEAKMJD: 0
FILTERS: g_PS1,i_PS1,r_PS1,z_PS1
# -----------------------------------------------------------
NOBS: 48
NVAR: 6
VARLIST: MJD FLT FLUXCAL FLUXCALERR MAG MAGERR
OBS: -8.755196914503163 g_PS1 1002.8636 46.1836 19.99689531614101 0.05
OBS: -4.377598457251581 g_PS1 1681.3243 77.4278 19.435871296044812 0.05
OBS: 0.0 g_PS1 1844.762 84.9544 19.33514915817788 0.05
OBS: 4.377598457251581 g_PS1 1573.0491 72.4416 19.508144309238144 0.05
OBS: 8.755196914503163 g_PS1 1160.5242 53.4441 19.83836449194229 0.05
OBS: 13.132795371754744 g_PS1 792.5069 36.4963 20.252492428445837 0.05
OBS: 17.510393829006325 g_PS1 556.4891 25.6273 20.63635840173038 0.05
OBS: 21.887992286257905 g_PS1 384.1126 17.689 21.038853703446375 0.05
OBS: 26.265590743509488 g_PS1 272.3152 12.5406 21.412320477584014 0.05
OBS: 30.64318920076107 g_PS1 212.7313 9.7966 21.68042156196758 0.05
OBS: 35.02078765801265 g_PS1 175.9036 8.1007 21.886812923146746 0.05
OBS: 39.39838611526423 g_PS1 146.3854 6.7413 22.086255697244145 0.05
OBS: -8.755196914503163 r_PS1 1055.466 48.606 19.9413893371036 0.05
OBS: -4.377598457251581 r_PS1 1543.2897 71.0711 19.528881388883967 0.05
OBS: 0.0 r_PS1 1770.3086 81.5257 19.379877556042842 0.05
OBS: 4.377598457251581 r_PS1 1730.64 79.6989 19.40448314961609 0.05
OBS: 8.755196914503163 r_PS1 1529.513 70.4367 19.53861708661293 0.05
OBS: 13.132795371754744 r_PS1 1225.7853 56.4495 19.778963973908027 0.05
OBS: 17.510393829006325 r_PS1 942.8951 43.4219 20.063841608508994 0.05
OBS: 21.887992286257905 r_PS1 744.6663 34.2932 20.32009572906412 0.05
OBS: 26.265590743509488 r_PS1 575.7061 26.5122 20.59949801400888 0.05
OBS: 30.64318920076107 r_PS1 430.6703 19.8331 20.91463777160636 0.05
OBS: 35.02078765801265 r_PS1 341.5755 15.7301 21.166283188995813 0.05
OBS: 39.39838611526423 r_PS1 308.4885 14.2064 21.276902651641144 0.05
OBS: -8.755196914503163 i_PS1 1046.5559 48.1957 19.950593889506116 0.05
OBS: -4.377598457251581 i_PS1 1488.1275 68.5308 19.568399675151284 0.05
OBS: 0.0 i_PS1 1543.9722 71.1025 19.52840128698181 0.05
OBS: 4.377598457251581 i_PS1 1459.2347 67.2002 19.589687148867043 0.05
OBS: 8.755196914503163 i_PS1 1190.7366 54.8354 19.81046069827346 0.05
OBS: 13.132795371754744 i_PS1 940.8042 43.3256 20.06625189015277 0.05
OBS: 17.510393829006325 i_PS1 836.5744 38.5257 20.193738522539697 0.05
OBS: 21.887992286257905 i_PS1 782.165 36.02 20.266754084858526 0.05
OBS: 26.265590743509488 i_PS1 651.0534 29.9821 20.465958474977832 0.05
OBS: 30.64318920076107 i_PS1 503.1152 23.1693 20.745831334243306 0.05
OBS: 35.02078765801265 i_PS1 405.2976 18.6646 20.980564861870135 0.05
OBS: 39.39838611526423 i_PS1 350.1777 16.1263 21.139278864219833 0.05
OBS: -8.755196914503163 z_PS1 776.8341 35.7745 20.274179298482757 0.05
OBS: -4.377598457251581 z_PS1 1054.0714 48.5418 19.9428248770773 0.05
OBS: 0.0 z_PS1 1037.0286 47.7569 19.960523210590246 0.05
OBS: 4.377598457251581 z_PS1 893.8517 41.1634 20.12183631204234 0.05
OBS: 8.755196914503163 z_PS1 695.7932 32.0425 20.39379957194671 0.05
OBS: 13.132795371754744 z_PS1 576.4499 26.5465 20.598096078293253 0.05
OBS: 17.510393829006325 z_PS1 536.6121 24.7119 20.675848827054025 0.05
OBS: 21.887992286257905 z_PS1 559.0918 25.7471 20.631292271709718 0.05
OBS: 26.265590743509488 z_PS1 542.1342 24.9662 20.664732947632515 0.05
OBS: 30.64318920076107 z_PS1 473.1167 21.7878 20.812579231696894 0.05
OBS: 35.02078765801265 z_PS1 391.3405 18.0219 21.01861299821101 0.05
OBS: 39.39838611526423 z_PS1 320.6932 14.7685 21.234775554181354 0.05
END: