# 380 
# SNANA-like file generated from user-provided data
# Zeropoint of the converted SNANA file: 27.5 mag
# -----------------------------------------------------------
# Data table created by: anonymous
# On date: 2023.03.14 (yyyy.mm.dd); 20.49 hrs (GMT).
# Script used: BayeSNmodel.io.write_snana_lcfile.py
# -----------------------------------------------------------
SNID: 380
MWEBV: 0
REDSHIFT_HELIO: 0.07353148338029113
REDSHIFT_CMB: 0.07353148338029113
REDSHIFT_CMB_ERR: 0.001
PEAKMJD: 0
FILTERS: g_PS1,i_PS1,r_PS1,z_PS1
# -----------------------------------------------------------
NOBS: 48
NVAR: 6
VARLIST: MJD FLT FLUXCAL FLUXCALERR MAG MAGERR
OBS: -8.58825186704233 g_PS1 2282.624 105.1187 19.10391403155212 0.05
OBS: -4.294125933521165 g_PS1 3862.3904 177.8696 18.53285958691964 0.05
OBS: 0.0 g_PS1 4391.5341 202.2376 18.39345934707583 0.05
OBS: 4.294125933521165 g_PS1 4027.8343 185.4886 18.487321008131833 0.05
OBS: 8.58825186704233 g_PS1 3093.7337 142.4717 18.77379268704671 0.05
OBS: 12.882377800563493 g_PS1 2040.2138 93.9553 19.22581078465603 0.05
OBS: 17.17650373408466 g_PS1 1298.6877 59.8068 19.716238196267287 0.05
OBS: 21.470629667605824 g_PS1 828.9942 38.1766 20.203621233669043 0.05
OBS: 25.764755601126986 g_PS1 584.2288 26.9047 20.583542678209977 0.05
OBS: 30.05888153464815 g_PS1 474.6351 21.8578 20.809100387754743 0.05
OBS: 34.35300746816932 g_PS1 406.7635 18.7322 20.97664502861677 0.05
OBS: 38.64713340169048 g_PS1 344.2858 15.8549 21.15770214445467 0.05
OBS: -8.58825186704233 r_PS1 1967.4444 90.6042 19.265243837700908 0.05
OBS: -4.294125933521165 r_PS1 3126.9651 144.0021 18.76219242837248 0.05
OBS: 0.0 r_PS1 3768.0819 173.5266 18.55969917973696 0.05
OBS: 4.294125933521165 r_PS1 3687.9522 169.8365 18.583036799927953 0.05
OBS: 8.58825186704233 r_PS1 3185.2174 146.6847 18.74215229491601 0.05
OBS: 12.882377800563493 r_PS1 2518.7947 115.9948 18.99701808346336 0.05
OBS: 17.17650373408466 r_PS1 1963.5875 90.4265 19.267374360372692 0.05
OBS: 21.470629667605824 r_PS1 1639.149 75.4856 19.463453887160206 0.05
OBS: 25.764755601126986 r_PS1 1368.839 63.0374 19.65911904927338 0.05
OBS: 30.05888153464815 r_PS1 1081.097 49.7864 19.91533838492294 0.05
OBS: 34.35300746816932 r_PS1 853.3551 39.2985 20.172175508790154 0.05
OBS: 38.64713340169048 r_PS1 715.6408 32.9565 20.363262219822964 0.05
OBS: -8.58825186704233 i_PS1 1694.5602 78.0374 19.427357482083302 0.05
OBS: -4.294125933521165 i_PS1 2420.623 111.4738 19.04018210323882 0.05
OBS: 0.0 i_PS1 2480.6276 114.2371 19.013596078740903 0.05
OBS: 4.294125933521165 i_PS1 2329.6132 107.2827 19.08179043690936 0.05
OBS: 8.58825186704233 i_PS1 1899.4865 87.4746 19.303409459435372 0.05
OBS: 12.882377800563493 i_PS1 1541.3316 70.9809 19.53025978131442 0.05
OBS: 17.17650373408466 i_PS1 1488.1753 68.533 19.568364786364384 0.05
OBS: 21.470629667605824 i_PS1 1552.1183 71.4777 19.522687936660212 0.05
OBS: 25.764755601126986 i_PS1 1432.2528 65.9577 19.60995081184985 0.05
OBS: 30.05888153464815 i_PS1 1180.1319 54.3471 19.820173670674052 0.05
OBS: 34.35300746816932 i_PS1 935.0602 43.0611 20.072901084267222 0.05
OBS: 38.64713340169048 i_PS1 734.1019 33.8066 20.335609154298773 0.05
OBS: -8.58825186704233 z_PS1 1449.1104 66.734 19.59724632471312 0.05
OBS: -4.294125933521165 z_PS1 1999.961 92.1016 19.247446182231045 0.05
OBS: 0.0 z_PS1 2036.5756 93.7878 19.22774863435498 0.05
OBS: 4.294125933521165 z_PS1 1768.1551 81.4266 19.381199119963767 0.05
OBS: 8.58825186704233 z_PS1 1443.3477 66.4686 19.601572592815906 0.05
OBS: 12.882377800563493 z_PS1 1207.5513 55.6098 19.79523604877398 0.05
OBS: 17.17650373408466 z_PS1 1123.4206 51.7354 19.8736440049502 0.05
OBS: 21.470629667605824 z_PS1 1154.0641 53.1466 19.844425191807467 0.05
OBS: 25.764755601126986 z_PS1 1123.3833 51.7337 19.87368010221863 0.05
OBS: 30.05888153464815 z_PS1 994.9201 45.8178 20.005529485222993 0.05
OBS: 34.35300746816932 z_PS1 820.2974 37.7761 20.2150716085443 0.05
OBS: 38.64713340169048 z_PS1 661.918 30.4825 20.447989441724644 0.05
END: