# 387 
# SNANA-like file generated from user-provided data
# Zeropoint of the converted SNANA file: 27.5 mag
# -----------------------------------------------------------
# Data table created by: anonymous
# On date: 2023.03.14 (yyyy.mm.dd); 20.49 hrs (GMT).
# Script used: BayeSNmodel.io.write_snana_lcfile.py
# -----------------------------------------------------------
SNID: 387
MWEBV: 0
REDSHIFT_HELIO: 0.08995227909967973
REDSHIFT_CMB: 0.08995227909967973
REDSHIFT_CMB_ERR: 0.001
PEAKMJD: 0
FILTERS: g_PS1,i_PS1,r_PS1,z_PS1
# -----------------------------------------------------------
NOBS: 48
NVAR: 6
VARLIST: MJD FLT FLUXCAL FLUXCALERR MAG MAGERR
OBS: -8.719618232797437 g_PS1 1784.1104 82.1613 19.371445711104652 0.05
OBS: -4.3598091163987185 g_PS1 2959.9702 136.3117 18.821781654333723 0.05
OBS: 0.0 g_PS1 3122.4827 143.7956 18.76374989225337 0.05
OBS: 4.3598091163987185 g_PS1 2474.7412 113.966 19.016175510743917 0.05
OBS: 8.719618232797437 g_PS1 1689.8343 77.8197 19.430389704661255 0.05
OBS: 13.079427349196155 g_PS1 1132.5005 52.1536 19.864903985005274 0.05
OBS: 17.439236465594874 g_PS1 820.8889 37.8033 20.214288999264443 0.05
OBS: 21.799045581993592 g_PS1 568.8542 26.1967 20.612497496821984 0.05
OBS: 26.15885469839231 g_PS1 371.9112 17.1271 21.073901759489434 0.05
OBS: 30.51866381479103 g_PS1 264.0418 12.1596 21.445818233226117 0.05
OBS: 34.87847293118975 g_PS1 216.6243 9.9759 21.660731903785457 0.05
OBS: 39.23828204758847 g_PS1 199.8784 9.2047 21.748085325235838 0.05
OBS: -8.719618232797437 r_PS1 1422.4116 65.5045 19.617436761311218 0.05
OBS: -4.3598091163987185 r_PS1 2234.5487 102.9048 19.127025444437557 0.05
OBS: 0.0 r_PS1 2578.1449 118.728 18.97173171371564 0.05
OBS: 4.3598091163987185 r_PS1 2334.3878 107.5025 19.079567466284665 0.05
OBS: 8.719618232797437 r_PS1 1879.4671 86.5527 19.314913195745845 0.05
OBS: 13.079427349196155 r_PS1 1474.1776 67.8884 19.57862546997842 0.05
OBS: 17.439236465594874 r_PS1 1199.8901 55.257 19.802146356433894 0.05
OBS: 21.799045581993592 r_PS1 1011.3897 46.5762 19.987703639960742 0.05
OBS: 26.15885469839231 r_PS1 798.7997 36.7861 20.243905258660497 0.05
OBS: 30.51866381479103 r_PS1 591.4362 27.2366 20.570230242325778 0.05
OBS: 34.87847293118975 r_PS1 465.4227 21.4335 20.830381045311917 0.05
OBS: 39.23828204758847 r_PS1 423.8352 19.5183 20.93200744935948 0.05
OBS: -8.719618232797437 i_PS1 1230.9961 56.6895 19.77435830371909 0.05
OBS: -4.3598091163987185 i_PS1 1782.3448 82.08 19.372520718586053 0.05
OBS: 0.0 i_PS1 1815.2836 83.5969 19.35263880196402 0.05
OBS: 4.3598091163987185 i_PS1 1616.7188 74.4527 19.4784138054734 0.05
OBS: 8.719618232797437 i_PS1 1255.419 57.8142 19.75302829368885 0.05
OBS: 13.079427349196155 i_PS1 1022.9248 47.1074 19.975390778081483 0.05
OBS: 17.439236465594874 i_PS1 1022.4909 47.0874 19.975851355545693 0.05
OBS: 21.799045581993592 i_PS1 1094.9885 50.4261 19.90147606822834 0.05
OBS: 26.15885469839231 i_PS1 998.5855 45.9866 20.00153685321358 0.05
OBS: 30.51866381479103 i_PS1 793.6324 36.5481 20.250951497325147 0.05
OBS: 34.87847293118975 i_PS1 613.9066 28.2714 20.529744241335607 0.05
OBS: 39.23828204758847 i_PS1 481.9655 22.1953 20.7924600811928 0.05
OBS: -8.719618232797437 z_PS1 1084.6508 49.95 19.911775124221577 0.05
OBS: -4.3598091163987185 z_PS1 1491.5551 68.6887 19.565901738340884 0.05
OBS: 0.0 z_PS1 1419.5121 65.3709 19.61965222322592 0.05
OBS: 4.3598091163987185 z_PS1 1102.6941 50.7809 19.893862370874565 0.05
OBS: 8.719618232797437 z_PS1 786.5879 36.2237 20.260631880980405 0.05
OBS: 13.079427349196155 z_PS1 652.1621 30.0332 20.464111088401054 0.05
OBS: 17.439236465594874 z_PS1 667.4698 30.7381 20.438920979471895 0.05
OBS: 21.799045581993592 z_PS1 767.9148 35.3638 20.286717442988767 0.05
OBS: 26.15885469839231 z_PS1 767.809 35.3589 20.28686705786386 0.05
OBS: 30.51866381479103 z_PS1 653.5974 30.0993 20.461724275620632 0.05
OBS: 34.87847293118975 z_PS1 518.894 23.896 20.712303279448314 0.05
OBS: 39.23828204758847 z_PS1 410.7134 18.9141 20.96615279575242 0.05
END: