# 394 
# SNANA-like file generated from user-provided data
# Zeropoint of the converted SNANA file: 27.5 mag
# -----------------------------------------------------------
# Data table created by: anonymous
# On date: 2023.03.14 (yyyy.mm.dd); 20.49 hrs (GMT).
# Script used: BayeSNmodel.io.write_snana_lcfile.py
# -----------------------------------------------------------
SNID: 394
MWEBV: 0
REDSHIFT_HELIO: 0.08685396564463582
REDSHIFT_CMB: 0.08685396564463582
REDSHIFT_CMB_ERR: 0.001
PEAKMJD: 0
FILTERS: g_PS1,i_PS1,r_PS1,z_PS1
# -----------------------------------------------------------
NOBS: 48
NVAR: 6
VARLIST: MJD FLT FLUXCAL FLUXCALERR MAG MAGERR
OBS: -8.694831725157087 g_PS1 1555.6439 71.6401 19.520224490877677 0.05
OBS: -4.3474158625785435 g_PS1 2454.5413 113.0358 19.025074152576554 0.05
OBS: 0.0 g_PS1 2613.5834 120.36 18.956909084451244 0.05
OBS: 4.3474158625785435 g_PS1 2253.6102 103.7826 19.117803008147586 0.05
OBS: 8.694831725157087 g_PS1 1706.8403 78.6029 19.419517786184056 0.05
OBS: 13.04224758773563 g_PS1 1207.3814 55.602 19.795388801761202 0.05
OBS: 17.389663450314174 g_PS1 876.9142 40.3834 20.142607270466033 0.05
OBS: 21.737079312892718 g_PS1 617.417 28.4331 20.52355354582531 0.05
OBS: 26.08449517547126 g_PS1 431.3372 19.8638 20.912957782296555 0.05
OBS: 30.431911038049805 g_PS1 324.3844 14.9385 21.222350159236395 0.05
OBS: 34.77932690062835 g_PS1 256.6723 11.8202 21.476552557455175 0.05
OBS: 39.12674276320689 g_PS1 204.9263 9.4372 21.721005752083652 0.05
OBS: -8.694831725157087 r_PS1 1190.0468 54.8037 19.811089875042924 0.05
OBS: -4.3474158625785435 r_PS1 1908.5505 87.892 19.298240863868592 0.05
OBS: 0.0 r_PS1 2349.3119 108.1898 19.072648287125638 0.05
OBS: 4.3474158625785435 r_PS1 2387.9801 109.9705 19.054923250882204 0.05
OBS: 8.694831725157087 r_PS1 2153.3042 99.1633 19.167236510401793 0.05
OBS: 13.04224758773563 r_PS1 1764.6272 81.2641 19.383367559667462 0.05
OBS: 17.389663450314174 r_PS1 1403.6465 64.6403 19.631855653418526 0.05
OBS: 21.737079312892718 r_PS1 1160.5287 53.4443 19.83836027275388 0.05
OBS: 26.08449517547126 r_PS1 947.2908 43.6244 20.0587917164895 0.05
OBS: 30.431911038049805 r_PS1 731.6008 33.6915 20.339314559953948 0.05
OBS: 34.77932690062835 r_PS1 567.4336 26.1313 20.615212293825728 0.05
OBS: 39.12674276320689 r_PS1 472.842 21.7752 20.81320982885036 0.05
OBS: -8.694831725157087 i_PS1 1172.4746 53.9945 19.827241396571864 0.05
OBS: -4.3474158625785435 i_PS1 1812.0788 83.4493 19.35455730544274 0.05
OBS: 0.0 i_PS1 1913.0928 88.1012 19.295659910681195 0.05
OBS: 4.3474158625785435 i_PS1 1718.1549 79.124 19.412344238516432 0.05
OBS: 8.694831725157087 i_PS1 1330.7217 61.282 19.689781888300992 0.05
OBS: 13.04224758773563 i_PS1 1098.7 50.597 19.89780217969436 0.05
OBS: 17.389663450314174 i_PS1 1131.4924 52.1072 19.865870874579336 0.05
OBS: 21.737079312892718 i_PS1 1271.0293 58.5331 19.73961106433576 0.05
OBS: 26.08449517547126 i_PS1 1207.388 55.6023 19.79538289357854 0.05
OBS: 30.431911038049805 i_PS1 978.7757 45.0743 20.023292057885584 0.05
OBS: 34.77932690062835 i_PS1 751.2469 34.5962 20.310543286128386 0.05
OBS: 39.12674276320689 i_PS1 570.7885 26.2858 20.608811930227205 0.05
OBS: -8.694831725157087 z_PS1 1107.6727 51.0102 19.888971328185946 0.05
OBS: -4.3474158625785435 z_PS1 1492.5868 68.7362 19.56515104102023 0.05
OBS: 0.0 z_PS1 1392.2983 64.1177 19.64066927597525 0.05
OBS: 4.3474158625785435 z_PS1 1059.948 48.8124 19.93678862572633 0.05
OBS: 8.694831725157087 z_PS1 759.1754 34.9613 20.29914471506497 0.05
OBS: 13.04224758773563 z_PS1 647.7 29.8277 20.47156521003668 0.05
OBS: 17.389663450314174 z_PS1 705.7081 32.4991 20.378437190374207 0.05
OBS: 21.737079312892718 z_PS1 873.4892 40.2257 20.146856180539423 0.05
OBS: 26.08449517547126 z_PS1 924.4749 42.5736 20.08526222722218 0.05
OBS: 30.431911038049805 z_PS1 802.9228 36.976 20.238315522384653 0.05
OBS: 34.77932690062835 z_PS1 622.9368 28.6873 20.513889999470166 0.05
OBS: 39.12674276320689 z_PS1 465.5983 21.4416 20.829971429024816 0.05
END: