# 410 
# SNANA-like file generated from user-provided data
# Zeropoint of the converted SNANA file: 27.5 mag
# -----------------------------------------------------------
# Data table created by: anonymous
# On date: 2023.03.14 (yyyy.mm.dd); 20.49 hrs (GMT).
# Script used: BayeSNmodel.io.write_snana_lcfile.py
# -----------------------------------------------------------
SNID: 410
MWEBV: 0
REDSHIFT_HELIO: 0.09522737059795428
REDSHIFT_CMB: 0.09522737059795428
REDSHIFT_CMB_ERR: 0.001
PEAKMJD: 0
FILTERS: g_PS1,i_PS1,r_PS1,z_PS1
# -----------------------------------------------------------
NOBS: 48
NVAR: 6
VARLIST: MJD FLT FLUXCAL FLUXCALERR MAG MAGERR
OBS: -8.761818964783634 g_PS1 1505.2422 69.319 19.555984069972002 0.05
OBS: -4.380909482391817 g_PS1 2587.6316 119.1648 18.967743872100915 0.05
OBS: 0.0 g_PS1 2815.1238 129.6412 18.876256236405478 0.05
OBS: 4.380909482391817 g_PS1 2266.3875 104.371 19.111664585949537 0.05
OBS: 8.761818964783634 g_PS1 1549.5047 71.3573 19.524517751677816 0.05
OBS: 13.14272844717545 g_PS1 1020.0374 46.9745 19.978459776947116 0.05
OBS: 17.52363792956727 g_PS1 730.2141 33.6276 20.341374471460714 0.05
OBS: 21.904547411959086 g_PS1 529.8371 24.3999 20.689644167168485 0.05
OBS: 26.2854568943509 g_PS1 393.9564 18.1424 21.01137969039699 0.05
OBS: 30.66636637674272 g_PS1 320.2005 14.7458 21.236444879328143 0.05
OBS: 35.04727585913454 g_PS1 274.3933 12.6363 21.404066430920214 0.05
OBS: 39.42818534152635 g_PS1 236.215 10.8781 21.566731453914006 0.05
OBS: -8.761818964783634 r_PS1 1281.557 59.0179 19.73065519464499 0.05
OBS: -4.380909482391817 r_PS1 2120.2726 97.6422 19.184020761058278 0.05
OBS: 0.0 r_PS1 2514.6804 115.8053 18.99879300292917 0.05
OBS: 4.380909482391817 r_PS1 2262.2504 104.1805 19.11364831473754 0.05
OBS: 8.761818964783634 r_PS1 1789.3941 82.4046 19.368234976428923 0.05
OBS: 13.14272844717545 r_PS1 1403.5952 64.6379 19.631895307579242 0.05
OBS: 17.52363792956727 r_PS1 1174.0079 54.0651 19.825822432344822 0.05
OBS: 21.904547411959086 r_PS1 1025.2947 47.2166 19.972878270324394 0.05
OBS: 26.2854568943509 r_PS1 828.7845 38.1669 20.203895885471987 0.05
OBS: 30.66636637674272 r_PS1 621.1147 28.6034 20.51707056422945 0.05
OBS: 35.04727585913454 r_PS1 488.3662 22.4901 20.778135947755153 0.05
OBS: 39.42818534152635 r_PS1 438.3614 20.1873 20.895419321629284 0.05
OBS: -8.761818964783634 i_PS1 1170.8042 53.9175 19.828789352672224 0.05
OBS: -4.380909482391817 i_PS1 1764.8482 81.2743 19.383231634028057 0.05
OBS: 0.0 i_PS1 1862.5223 85.7723 19.324746271682585 0.05
OBS: 4.380909482391817 i_PS1 1681.8977 77.4543 19.435501061115964 0.05
OBS: 8.761818964783634 i_PS1 1317.6333 60.6793 19.700513586784027 0.05
OBS: 13.14272844717545 i_PS1 1089.0582 50.153 19.90737232274663 0.05
OBS: 17.52363792956727 i_PS1 1090.735 50.2302 19.905701894359986 0.05
OBS: 21.904547411959086 i_PS1 1121.3408 51.6397 19.87565597677004 0.05
OBS: 26.2854568943509 i_PS1 930.1169 42.8335 20.078656188658996 0.05
OBS: 30.66636637674272 i_PS1 676.5753 31.1574 20.42420960980457 0.05
OBS: 35.04727585913454 i_PS1 520.3982 23.9652 20.70916056693163 0.05
OBS: 39.42818534152635 i_PS1 447.642 20.6147 20.872672988323608 0.05
OBS: -8.761818964783634 z_PS1 947.8731 43.6512 20.058124466215745 0.05
OBS: -4.380909482391817 z_PS1 1273.5868 58.6508 19.73742866131439 0.05
OBS: 0.0 z_PS1 1240.1567 57.1113 19.766308560576277 0.05
OBS: 4.380909482391817 z_PS1 1059.4119 48.7877 19.937337907775927 0.05
OBS: 8.761818964783634 z_PS1 832.7087 38.3477 20.19876730628026 0.05
OBS: 13.14272844717545 z_PS1 721.0138 33.2039 20.35514113233812 0.05
OBS: 17.52363792956727 z_PS1 716.1117 32.9782 20.362548048185694 0.05
OBS: 21.904547411959086 z_PS1 773.4967 35.6208 20.27885380098718 0.05
OBS: 26.2854568943509 z_PS1 727.1524 33.4866 20.34593632882963 0.05
OBS: 30.66636637674272 z_PS1 600.4215 27.6504 20.5538593893195 0.05
OBS: 35.04727585913454 z_PS1 491.2289 22.6219 20.771790234255484 0.05
OBS: 39.42818534152635 z_PS1 424.8949 19.5671 20.929296201387977 0.05
END: