# 412 
# SNANA-like file generated from user-provided data
# Zeropoint of the converted SNANA file: 27.5 mag
# -----------------------------------------------------------
# Data table created by: anonymous
# On date: 2023.03.14 (yyyy.mm.dd); 20.49 hrs (GMT).
# Script used: BayeSNmodel.io.write_snana_lcfile.py
# -----------------------------------------------------------
SNID: 412
MWEBV: 0
REDSHIFT_HELIO: 0.08937573157062745
REDSHIFT_CMB: 0.08937573157062745
REDSHIFT_CMB_ERR: 0.001
PEAKMJD: 0
FILTERS: g_PS1,i_PS1,r_PS1,z_PS1
# -----------------------------------------------------------
NOBS: 48
NVAR: 6
VARLIST: MJD FLT FLUXCAL FLUXCALERR MAG MAGERR
OBS: -8.71500585256502 g_PS1 1990.8579 91.6824 19.25239932610469 0.05
OBS: -4.35750292628251 g_PS1 3363.7847 154.908 18.68292952175379 0.05
OBS: 0.0 g_PS1 3648.302 168.0105 18.594773043475886 0.05
OBS: 4.35750292628251 g_PS1 2994.4816 137.901 18.809195893633987 0.05
OBS: 8.71500585256502 g_PS1 2131.1717 98.1441 19.178453895096755 0.05
OBS: 13.072508778847528 g_PS1 1507.734 69.4337 19.554188211271576 0.05
OBS: 17.43001170513004 g_PS1 1174.874 54.1049 19.825021803117092 0.05
OBS: 21.78751463141255 g_PS1 883.1009 40.6683 20.134974169450583 0.05
OBS: 26.145017557695056 g_PS1 613.3672 28.2466 20.530698596869964 0.05
OBS: 30.502520483977566 g_PS1 443.7027 20.4333 20.88226971381709 0.05
OBS: 34.86002341026008 g_PS1 346.6364 15.9632 21.15031471769719 0.05
OBS: 39.21752633654258 g_PS1 285.8429 13.1636 21.35968140232953 0.05
OBS: -8.71500585256502 r_PS1 1866.1083 85.9375 19.322657860687684 0.05
OBS: -4.35750292628251 r_PS1 2643.3704 121.7317 18.944604947221457 0.05
OBS: 0.0 r_PS1 2905.7155 133.8131 18.841867260812556 0.05
OBS: 4.35750292628251 r_PS1 2694.5013 124.0864 18.923804013871944 0.05
OBS: 8.71500585256502 r_PS1 2310.1013 106.3841 19.090922457693004 0.05
OBS: 13.072508778847528 r_PS1 1916.787 88.2713 19.293565368974882 0.05
OBS: 17.43001170513004 r_PS1 1617.5981 74.4931 19.477823460366373 0.05
OBS: 21.78751463141255 r_PS1 1404.7888 64.6929 19.63097241234604 0.05
OBS: 26.145017557695056 r_PS1 1158.3855 53.3456 19.84036722776729 0.05
OBS: 30.502520483977566 r_PS1 895.2757 41.229 20.120107961506726 0.05
OBS: 34.86002341026008 r_PS1 709.5687 32.6768 20.372513950880645 0.05
OBS: 39.21752633654258 r_PS1 622.8551 28.6835 20.514032381716255 0.05
OBS: -8.71500585256502 i_PS1 1570.8505 72.3403 19.509662843153976 0.05
OBS: -4.35750292628251 i_PS1 2079.9031 95.7831 19.20489224473335 0.05
OBS: 0.0 i_PS1 2033.766 93.6584 19.229247518110597 0.05
OBS: 4.35750292628251 i_PS1 1864.0018 85.8405 19.32388415403235 0.05
OBS: 8.71500585256502 i_PS1 1512.1848 69.6387 19.55098785806895 0.05
OBS: 13.072508778847528 i_PS1 1216.4708 56.0206 19.787245736048973 0.05
OBS: 17.43001170513004 i_PS1 1130.2242 52.0487 19.867088475260736 0.05
OBS: 21.78751463141255 i_PS1 1156.8051 53.2728 19.84184955946988 0.05
OBS: 26.145017557695056 i_PS1 1099.0742 50.6142 19.897432428201505 0.05
OBS: 30.502520483977566 i_PS1 958.4325 44.1374 20.04609612850504 0.05
OBS: 34.86002341026008 i_PS1 808.0042 37.21 20.231465913759635 0.05
OBS: 39.21752633654258 i_PS1 672.6055 30.9746 20.430598893235697 0.05
OBS: -8.71500585256502 z_PS1 1127.0973 51.9047 19.870096455047936 0.05
OBS: -4.35750292628251 z_PS1 1567.7717 72.1986 19.511792916575637 0.05
OBS: 0.0 z_PS1 1538.6705 70.8584 19.532135911781495 0.05
OBS: 4.35750292628251 z_PS1 1259.7115 58.0119 19.749322276465932 0.05
OBS: 8.71500585256502 z_PS1 933.0632 42.9692 20.07522229852127 0.05
OBS: 13.072508778847528 z_PS1 753.2604 34.6889 20.30763720915177 0.05
OBS: 17.43001170513004 z_PS1 716.9315 33.0159 20.361305834158223 0.05
OBS: 21.78751463141255 z_PS1 784.4156 36.1237 20.2636344211991 0.05
OBS: 26.145017557695056 z_PS1 804.5205 37.0495 20.236157193259345 0.05
OBS: 30.502520483977566 z_PS1 737.8318 33.9784 20.330106566851562 0.05
OBS: 34.86002341026008 z_PS1 634.0388 29.1986 20.494710347058565 0.05
OBS: 39.21752633654258 z_PS1 535.6878 24.6693 20.67772058443368 0.05
END: