# 415 
# SNANA-like file generated from user-provided data
# Zeropoint of the converted SNANA file: 27.5 mag
# -----------------------------------------------------------
# Data table created by: anonymous
# On date: 2023.03.14 (yyyy.mm.dd); 20.49 hrs (GMT).
# Script used: BayeSNmodel.io.write_snana_lcfile.py
# -----------------------------------------------------------
SNID: 415
MWEBV: 0
REDSHIFT_HELIO: 0.07736542338329128
REDSHIFT_CMB: 0.07736542338329128
REDSHIFT_CMB_ERR: 0.001
PEAKMJD: 0
FILTERS: g_PS1,i_PS1,r_PS1,z_PS1
# -----------------------------------------------------------
NOBS: 48
NVAR: 6
VARLIST: MJD FLT FLUXCAL FLUXCALERR MAG MAGERR
OBS: -8.61892338706633 g_PS1 1787.3613 82.311 19.369469116207835 0.05
OBS: -4.309461693533165 g_PS1 2993.2248 137.8431 18.809651674819644 0.05
OBS: 0.0 g_PS1 3295.865 151.7802 18.70507647369215 0.05
OBS: 4.309461693533165 g_PS1 2855.4788 131.4997 18.860802653960707 0.05
OBS: 8.61892338706633 g_PS1 2124.9609 97.8581 19.181622624167506 0.05
OBS: 12.928385080599494 g_PS1 1469.4118 67.6689 19.582141223529835 0.05
OBS: 17.23784677413266 g_PS1 1037.0446 47.7577 19.960506415223062 0.05
OBS: 21.547308467665825 g_PS1 700.8293 32.2744 20.385969394445535 0.05
OBS: 25.856770161198988 g_PS1 466.7587 21.495 20.827268972945884 0.05
OBS: 30.166231854732153 g_PS1 342.6534 15.7798 21.162862391958047 0.05
OBS: 34.47569354826532 g_PS1 280.4281 12.9142 21.38044623595818 0.05
OBS: 38.785155241798485 g_PS1 246.4203 11.3481 21.520808968859566 0.05
OBS: -8.61892338706633 r_PS1 1627.7657 74.9614 19.47102028571431 0.05
OBS: -4.309461693533165 r_PS1 2581.5601 118.8852 18.970294408561585 0.05
OBS: 0.0 r_PS1 3106.9096 143.0785 18.76917846169846 0.05
OBS: 4.309461693533165 r_PS1 3034.4175 139.7401 18.79481165310235 0.05
OBS: 8.61892338706633 r_PS1 2617.5682 120.5435 18.95525499106651 0.05
OBS: 12.928385080599494 r_PS1 2081.428 95.8533 19.20409650555549 0.05
OBS: 17.23784677413266 r_PS1 1625.5841 74.8609 19.472476368603196 0.05
OBS: 21.547308467665825 r_PS1 1318.9786 60.7412 19.69940563901922 0.05
OBS: 25.856770161198988 r_PS1 1041.5286 47.9642 19.955821966014035 0.05
OBS: 30.166231854732153 r_PS1 786.817 36.2343 20.260315617134566 0.05
OBS: 34.47569354826532 r_PS1 627.4526 28.8953 20.506047630421946 0.05
OBS: 38.785155241798485 r_PS1 566.5816 26.092 20.616843793722502 0.05
OBS: -8.61892338706633 i_PS1 1672.5751 77.0249 19.441535929209152 0.05
OBS: -4.309461693533165 i_PS1 2139.2261 98.515 19.17435828511705 0.05
OBS: 0.0 i_PS1 2063.3987 95.023 19.213542105106136 0.05
OBS: 4.309461693533165 i_PS1 1925.5569 88.6752 19.288609114279062 0.05
OBS: 8.61892338706633 i_PS1 1592.3467 73.3303 19.49490589685471 0.05
OBS: 12.928385080599494 i_PS1 1283.2421 59.0955 19.7292284834148 0.05
OBS: 17.23784677413266 i_PS1 1189.4975 54.7784 19.811591121689105 0.05
OBS: 21.547308467665825 i_PS1 1202.6676 55.3849 19.799635967186433 0.05
OBS: 25.856770161198988 i_PS1 1117.6488 51.4696 19.879236624487618 0.05
OBS: 30.166231854732153 i_PS1 951.9445 43.8387 20.05347091400747 0.05
OBS: 34.47569354826532 i_PS1 785.6195 36.1791 20.261969302674764 0.05
OBS: 38.785155241798485 i_PS1 641.2486 29.5306 20.482433858220496 0.05
OBS: -8.61892338706633 z_PS1 1449.7562 66.7637 19.59676257709493 0.05
OBS: -4.309461693533165 z_PS1 1842.681 84.8586 19.33637457675696 0.05
OBS: 0.0 z_PS1 1714.2003 78.9418 19.414846074652154 0.05
OBS: 4.309461693533165 z_PS1 1352.3542 62.2782 19.672273855760487 0.05
OBS: 8.61892338706633 z_PS1 1023.5547 47.1364 19.97472232815531 0.05
OBS: 12.928385080599494 z_PS1 849.9389 39.1411 20.176530690382826 0.05
OBS: 17.23784677413266 z_PS1 833.2759 38.3738 20.198027922676935 0.05
OBS: 21.547308467665825 z_PS1 912.2104 42.0088 20.099762451303867 0.05
OBS: 25.856770161198988 z_PS1 916.7525 42.218 20.09436974785836 0.05
OBS: 30.166231854732153 z_PS1 820.0458 37.7645 20.215404720543468 0.05
OBS: 34.47569354826532 z_PS1 677.5771 31.2036 20.422603243366844 0.05
OBS: 38.785155241798485 z_PS1 545.5079 25.1216 20.657997426186633 0.05
END: