# 423 
# SNANA-like file generated from user-provided data
# Zeropoint of the converted SNANA file: 27.5 mag
# -----------------------------------------------------------
# Data table created by: anonymous
# On date: 2023.03.14 (yyyy.mm.dd); 20.49 hrs (GMT).
# Script used: BayeSNmodel.io.write_snana_lcfile.py
# -----------------------------------------------------------
SNID: 423
MWEBV: 0
REDSHIFT_HELIO: 0.08145133088310483
REDSHIFT_CMB: 0.08145133088310483
REDSHIFT_CMB_ERR: 0.001
PEAKMJD: 0
FILTERS: g_PS1,i_PS1,r_PS1,z_PS1
# -----------------------------------------------------------
NOBS: 48
NVAR: 6
VARLIST: MJD FLT FLUXCAL FLUXCALERR MAG MAGERR
OBS: -8.651610647064839 g_PS1 1646.9231 75.8436 19.458316666299947 0.05
OBS: -4.325805323532419 g_PS1 2679.3639 123.3893 18.929920766071294 0.05
OBS: 0.0 g_PS1 2860.87 131.7479 18.85875468914482 0.05
OBS: 4.325805323532419 g_PS1 2396.5886 110.367 19.051016258336002 0.05
OBS: 8.651610647064839 g_PS1 1707.056 78.6128 19.41938057883647 0.05
OBS: 12.977415970597258 g_PS1 1110.9271 51.1601 19.88578605442211 0.05
OBS: 17.303221294129678 g_PS1 740.9611 34.1225 20.325511455557862 0.05
OBS: 21.6290266176621 g_PS1 497.4687 22.9093 20.758085615135624 0.05
OBS: 25.954831941194517 g_PS1 355.3702 16.3654 21.12329754762963 0.05
OBS: 30.280637264726934 g_PS1 284.7502 13.1132 21.363840022818604 0.05
OBS: 34.606442588259355 g_PS1 239.2228 11.0166 21.552993700933673 0.05
OBS: 38.93224791179178 g_PS1 198.8184 9.1559 21.75385880012171 0.05
OBS: -8.651610647064839 r_PS1 1521.7921 70.0811 19.54411169854624 0.05
OBS: -4.325805323532419 r_PS1 2348.8356 108.1679 19.072868436274014 0.05
OBS: 0.0 r_PS1 2763.4101 127.2597 18.896386656670437 0.05
OBS: 4.325805323532419 r_PS1 2655.6181 122.2957 18.939585964285342 0.05
OBS: 8.651610647064839 r_PS1 2240.6451 103.1855 19.124067312658866 0.05
OBS: 12.977415970597258 r_PS1 1704.9337 78.5151 19.420731244005623 0.05
OBS: 17.303221294129678 r_PS1 1265.581 58.2822 19.74427509489417 0.05
OBS: 21.6290266176621 r_PS1 1007.5178 46.3979 19.991868183964925 0.05
OBS: 25.954831941194517 r_PS1 822.3779 37.8719 20.212321446952224 0.05
OBS: 30.280637264726934 r_PS1 650.1552 29.9408 20.46745734314115 0.05
OBS: 34.606442588259355 r_PS1 520.8452 23.9858 20.7082283565286 0.05
OBS: 38.93224791179178 r_PS1 447.6188 20.6136 20.87272925822866 0.05
OBS: -8.651610647064839 i_PS1 1370.069 63.094 19.658143933475564 0.05
OBS: -4.325805323532419 i_PS1 2005.2235 92.344 19.244593054012682 0.05
OBS: 0.0 i_PS1 2034.6983 93.7013 19.2287499592611 0.05
OBS: 4.325805323532419 i_PS1 1792.7562 82.5595 19.366196937414742 0.05
OBS: 8.651610647064839 i_PS1 1342.8136 61.8389 19.679960655765996 0.05
OBS: 12.977415970597258 i_PS1 1019.2972 46.9404 19.97924794602193 0.05
OBS: 17.303221294129678 i_PS1 936.4063 43.1231 20.071339220660427 0.05
OBS: 21.6290266176621 i_PS1 965.4321 44.4598 20.038195651178903 0.05
OBS: 25.954831941194517 i_PS1 916.2234 42.1936 20.094996568699408 0.05
OBS: 30.280637264726934 i_PS1 789.6398 36.3643 20.256427483665995 0.05
OBS: 34.606442588259355 i_PS1 651.4056 29.9983 20.465371248997627 0.05
OBS: 38.93224791179178 i_PS1 525.9609 24.2214 20.69761628307382 0.05
OBS: -8.651610647064839 z_PS1 1277.5807 58.8348 19.734029148009668 0.05
OBS: -4.325805323532419 z_PS1 1686.0447 77.6452 19.432827263544766 0.05
OBS: 0.0 z_PS1 1550.4456 71.4007 19.523858693957514 0.05
OBS: 4.325805323532419 z_PS1 1154.4069 53.1624 19.844102702069044 0.05
OBS: 8.651610647064839 z_PS1 803.1209 36.9851 20.238047685939677 0.05
OBS: 12.977415970597258 z_PS1 640.4038 29.4917 20.483865183752187 0.05
OBS: 17.303221294129678 z_PS1 637.6668 29.3656 20.48851550462983 0.05
OBS: 21.6290266176621 z_PS1 731.5651 33.6898 20.339367572131543 0.05
OBS: 25.954831941194517 z_PS1 773.1792 35.6062 20.27929954546797 0.05
OBS: 30.280637264726934 z_PS1 718.0446 33.0672 20.3596214371468 0.05
OBS: 34.606442588259355 z_PS1 603.0264 27.7704 20.5491592029989 0.05
OBS: 38.93224791179178 z_PS1 482.6384 22.2263 20.790945304438075 0.05
END: