# 433 
# SNANA-like file generated from user-provided data
# Zeropoint of the converted SNANA file: 27.5 mag
# -----------------------------------------------------------
# Data table created by: anonymous
# On date: 2023.03.14 (yyyy.mm.dd); 20.49 hrs (GMT).
# Script used: BayeSNmodel.io.write_snana_lcfile.py
# -----------------------------------------------------------
SNID: 433
MWEBV: 0
REDSHIFT_HELIO: 0.0945497496256575
REDSHIFT_CMB: 0.0945497496256575
REDSHIFT_CMB_ERR: 0.001
PEAKMJD: 0
FILTERS: g_PS1,i_PS1,r_PS1,z_PS1
# -----------------------------------------------------------
NOBS: 48
NVAR: 6
VARLIST: MJD FLT FLUXCAL FLUXCALERR MAG MAGERR
OBS: -8.75639799700526 g_PS1 2754.485 126.8487 18.899898962574053 0.05
OBS: -4.37819899850263 g_PS1 3677.8323 169.3704 18.5860201817998 0.05
OBS: 0.0 g_PS1 3759.8729 173.1485 18.562067079199547 0.05
OBS: 4.37819899850263 g_PS1 3675.7955 169.2766 18.586621639402967 0.05
OBS: 8.75639799700526 g_PS1 3274.7905 150.8097 18.71204118847461 0.05
OBS: 13.134596995507891 g_PS1 2386.667 109.9101 19.05552044085611 0.05
OBS: 17.51279599401052 g_PS1 1604.9926 73.9126 19.486317410918435 0.05
OBS: 21.89099499251315 g_PS1 1089.5437 50.1753 19.90688836349597 0.05
OBS: 26.269193991015783 g_PS1 798.4552 36.7702 20.24437366157652 0.05
OBS: 30.647392989518412 g_PS1 652.8239 30.0637 20.463009833985385 0.05
OBS: 35.02559198802104 g_PS1 533.8739 24.5858 20.68140327911004 0.05
OBS: 39.403790986523674 g_PS1 407.075 18.7465 20.97581392059715 0.05
OBS: -8.75639799700526 r_PS1 2349.1788 108.1837 19.072709811985497 0.05
OBS: -4.37819899850263 r_PS1 3197.6524 147.2573 18.737921858813365 0.05
OBS: 0.0 r_PS1 3411.3806 157.0999 18.667674550868092 0.05
OBS: 4.37819899850263 r_PS1 3128.6885 144.0814 18.761594178445982 0.05
OBS: 8.75639799700526 r_PS1 2689.2238 123.8433 18.925932636627216 0.05
OBS: 13.134596995507891 r_PS1 2253.6505 103.7844 19.117783566919577 0.05
OBS: 17.51279599401052 r_PS1 1937.1534 89.2092 19.28208998582216 0.05
OBS: 21.89099499251315 r_PS1 1751.3215 80.6513 19.3915853105401 0.05
OBS: 26.269193991015783 r_PS1 1558.0154 71.7493 19.518570656861527 0.05
OBS: 30.647392989518412 r_PS1 1290.2505 59.4182 19.72331493818408 0.05
OBS: 35.02559198802104 r_PS1 1022.6581 47.0951 19.975673877025315 0.05
OBS: 39.403790986523674 r_PS1 830.4005 38.2414 20.201781016755483 0.05
OBS: -8.75639799700526 i_PS1 1984.8344 91.405 19.25568930162757 0.05
OBS: -4.37819899850263 i_PS1 2420.899 111.4865 19.040058311681094 0.05
OBS: 0.0 i_PS1 2315.0596 106.6124 19.088594560276874 0.05
OBS: 4.37819899850263 i_PS1 2191.8858 100.9401 19.147955186325696 0.05
OBS: 8.75639799700526 i_PS1 1846.206 85.0209 19.33429960530337 0.05
OBS: 13.134596995507891 i_PS1 1445.5549 66.5703 19.599913520977694 0.05
OBS: 17.51279599401052 i_PS1 1255.1968 57.804 19.75322040993494 0.05
OBS: 21.89099499251315 i_PS1 1287.1692 59.2763 19.7259108761165 0.05
OBS: 26.269193991015783 i_PS1 1417.7653 65.2905 19.62098915272548 0.05
OBS: 30.647392989518412 i_PS1 1471.0963 67.7465 19.58089722955856 0.05
OBS: 35.02559198802104 i_PS1 1285.7345 59.2103 19.727121789969594 0.05
OBS: 39.403790986523674 i_PS1 927.83 42.7282 20.08132892351444 0.05
OBS: -8.75639799700526 z_PS1 1578.7196 72.7027 19.504237494726162 0.05
OBS: -4.37819899850263 z_PS1 1716.2455 79.036 19.413551500268568 0.05
OBS: 0.0 z_PS1 1499.7455 69.0658 19.559956045865775 0.05
OBS: 4.37819899850263 z_PS1 1315.7577 60.5929 19.702060190393603 0.05
OBS: 8.75639799700526 z_PS1 1091.4354 50.2625 19.905004880348848 0.05
OBS: 13.134596995507891 z_PS1 889.2501 40.9515 20.127440139904927 0.05
OBS: 17.51279599401052 z_PS1 763.2871 35.1507 20.293280146881983 0.05
OBS: 21.89099499251315 z_PS1 806.1616 37.1251 20.233944726581555 0.05
OBS: 26.269193991015783 z_PS1 962.8775 44.3421 20.041072385705156 0.05
OBS: 30.647392989518412 z_PS1 1102.6733 50.78 19.89388284823326 0.05
OBS: 35.02559198802104 z_PS1 1058.8117 48.7601 19.93795311983712 0.05
OBS: 39.403790986523674 z_PS1 846.5771 38.9863 20.180833722528185 0.05
END: