# 44 
# SNANA-like file generated from user-provided data
# Zeropoint of the converted SNANA file: 27.5 mag
# -----------------------------------------------------------
# Data table created by: anonymous
# On date: 2023.03.14 (yyyy.mm.dd); 20.49 hrs (GMT).
# Script used: BayeSNmodel.io.write_snana_lcfile.py
# -----------------------------------------------------------
SNID: 44
MWEBV: 0
REDSHIFT_HELIO: 0.05920966492015736
REDSHIFT_CMB: 0.05920966492015736
REDSHIFT_CMB_ERR: 0.001
PEAKMJD: 0
FILTERS: g_PS1,i_PS1,r_PS1,z_PS1
# -----------------------------------------------------------
NOBS: 48
NVAR: 6
VARLIST: MJD FLT FLUXCAL FLUXCALERR MAG MAGERR
OBS: -8.47367731936126 g_PS1 4613.601 212.4642 18.339899916249646 0.05
OBS: -4.23683865968063 g_PS1 7979.5976 367.474 17.74504752526857 0.05
OBS: 0.0 g_PS1 8935.8539 411.5113 17.62215985245201 0.05
OBS: 4.23683865968063 g_PS1 7709.4733 355.0344 17.782438233557503 0.05
OBS: 8.47367731936126 g_PS1 5613.0075 258.4886 18.1270109344032 0.05
OBS: 12.71051597904189 g_PS1 3839.7792 176.8284 18.53923436640159 0.05
OBS: 16.94735463872252 g_PS1 2744.4784 126.3879 18.903850448194543 0.05
OBS: 21.184193298403148 g_PS1 1927.37 88.7587 19.287587262566657 0.05
OBS: 25.42103195808378 g_PS1 1335.5492 61.5043 19.685850258550634 0.05
OBS: 29.65787061776441 g_PS1 997.9408 45.9569 20.0022380911058 0.05
OBS: 33.89470927744504 g_PS1 793.4914 36.5416 20.251144460690522 0.05
OBS: 38.13154793712567 g_PS1 651.2227 29.9899 20.46567616135643 0.05
OBS: -8.47367731936126 r_PS1 3639.5987 167.6097 18.597366251061487 0.05
OBS: -4.23683865968063 r_PS1 6364.4058 293.0917 17.99060534192195 0.05
OBS: 0.0 r_PS1 8001.6563 368.4899 17.742050262043662 0.05
OBS: 4.23683865968063 r_PS1 7563.5925 348.3163 17.803179692522114 0.05
OBS: 8.47367731936126 r_PS1 6046.1535 278.4357 18.04630207523767 0.05
OBS: 12.71051597904189 r_PS1 4532.0514 208.7087 18.359262924680998 0.05
OBS: 16.94735463872252 r_PS1 3486.8382 160.5748 18.643920498265246 0.05
OBS: 21.184193298403148 r_PS1 2930.9964 134.9774 18.832461772772653 0.05
OBS: 25.42103195808378 r_PS1 2520.2362 116.0612 18.996396899910827 0.05
OBS: 29.65787061776441 r_PS1 2077.2052 95.6588 19.206301506840283 0.05
OBS: 33.89470927744504 r_PS1 1680.7777 77.4027 19.436224294887147 0.05
OBS: 38.13154793712567 r_PS1 1403.7004 64.6428 19.631813937602537 0.05
OBS: -8.47367731936126 i_PS1 2559.1754 117.8544 18.979749866933723 0.05
OBS: -4.23683865968063 i_PS1 3997.9863 184.1141 18.495396739353453 0.05
OBS: 0.0 i_PS1 4199.6651 193.4017 18.441963347121813 0.05
OBS: 4.23683865968063 i_PS1 3743.8414 172.4103 18.566706383310574 0.05
OBS: 8.47367731936126 i_PS1 2747.11 126.5091 18.90280988753733 0.05
OBS: 12.71051597904189 i_PS1 1986.6653 91.4893 19.25468825273736 0.05
OBS: 16.94735463872252 i_PS1 1799.7853 82.8832 19.361948249577352 0.05
OBS: 21.184193298403148 i_PS1 1922.9817 88.5566 19.290062149554565 0.05
OBS: 25.42103195808378 i_PS1 1981.2845 91.2415 19.257632891515286 0.05
OBS: 29.65787061776441 i_PS1 1868.0902 86.0287 19.32150540741879 0.05
OBS: 33.89470927744504 i_PS1 1625.9561 74.878 19.472227976475125 0.05
OBS: 38.13154793712567 i_PS1 1319.4424 60.7626 19.69902391775789 0.05
OBS: -8.47367731936126 z_PS1 2644.6025 121.7884 18.944098979367133 0.05
OBS: -4.23683865968063 z_PS1 3705.0478 170.6238 18.578015459403083 0.05
OBS: 0.0 z_PS1 3651.4841 168.1571 18.593826455897762 0.05
OBS: 4.23683865968063 z_PS1 2778.5561 127.9572 18.890452063882016 0.05
OBS: 8.47367731936126 z_PS1 2052.4992 94.5211 19.219292496086062 0.05
OBS: 12.71051597904189 z_PS1 1685.4986 77.6201 19.43317898873591 0.05
OBS: 16.94735463872252 z_PS1 1688.0561 77.7379 19.431532797493333 0.05
OBS: 21.184193298403148 z_PS1 1881.5353 86.6479 19.31371907429559 0.05
OBS: 25.42103195808378 z_PS1 1906.2276 87.785 19.299563144845386 0.05
OBS: 29.65787061776441 z_PS1 1722.1148 79.3063 19.40984474059433 0.05
OBS: 33.89470927744504 z_PS1 1451.7376 66.855 19.59527967793604 0.05
OBS: 38.13154793712567 z_PS1 1199.3044 55.23 19.80267645820731 0.05
END: