# 440 
# SNANA-like file generated from user-provided data
# Zeropoint of the converted SNANA file: 27.5 mag
# -----------------------------------------------------------
# Data table created by: anonymous
# On date: 2023.03.14 (yyyy.mm.dd); 20.49 hrs (GMT).
# Script used: BayeSNmodel.io.write_snana_lcfile.py
# -----------------------------------------------------------
SNID: 440
MWEBV: 0
REDSHIFT_HELIO: 0.08774969500014422
REDSHIFT_CMB: 0.08774969500014422
REDSHIFT_CMB_ERR: 0.001
PEAKMJD: 0
FILTERS: g_PS1,i_PS1,r_PS1,z_PS1
# -----------------------------------------------------------
NOBS: 48
NVAR: 6
VARLIST: MJD FLT FLUXCAL FLUXCALERR MAG MAGERR
OBS: -8.701997560001153 g_PS1 797.6955 36.7352 20.245407118463913 0.05
OBS: -4.350998780000577 g_PS1 1397.3096 64.3485 19.63676838705008 0.05
OBS: 0.0 g_PS1 1613.6194 74.3099 19.480497255975703 0.05
OBS: 4.350998780000577 g_PS1 1459.1835 67.1979 19.58972521480565 0.05
OBS: 8.701997560001153 g_PS1 1123.7402 51.7501 19.873335222727828 0.05
OBS: 13.05299634000173 g_PS1 798.9917 36.7949 20.24364431471015 0.05
OBS: 17.403995120002307 g_PS1 586.7093 27.019 20.578942520319554 0.05
OBS: 21.754993900002884 g_PS1 416.8818 19.1981 20.94996777158443 0.05
OBS: 26.10599268000346 g_PS1 292.2087 13.4567 21.33576729879977 0.05
OBS: 30.456991460004037 g_PS1 222.3792 10.2409 21.63226442786757 0.05
OBS: 34.807990240004614 g_PS1 181.1793 8.3436 21.854728743566238 0.05
OBS: 39.158989020005194 g_PS1 152.231 7.0105 22.043742505400356 0.05
OBS: -8.701997560001153 r_PS1 900.7633 41.4817 20.11347333171468 0.05
OBS: -4.350998780000577 r_PS1 1572.317 72.4079 19.508649706497728 0.05
OBS: 0.0 r_PS1 1963.3346 90.4149 19.267514214399824 0.05
OBS: 4.350998780000577 r_PS1 1837.4479 84.6176 19.339462405124472 0.05
OBS: 8.701997560001153 r_PS1 1492.9526 68.753 19.564884948799104 0.05
OBS: 13.05299634000173 r_PS1 1184.1895 54.5339 19.816446949768547 0.05
OBS: 17.403995120002307 r_PS1 989.6373 45.5745 20.011309826371424 0.05
OBS: 21.754993900002884 r_PS1 872.2601 40.1691 20.148385032635353 0.05
OBS: 26.10599268000346 r_PS1 731.6344 33.693 20.339264717602227 0.05
OBS: 30.456991460004037 r_PS1 566.1426 26.0718 20.61768541026361 0.05
OBS: 34.807990240004614 r_PS1 440.9977 20.3087 20.888909241029772 0.05
OBS: 39.158989020005194 r_PS1 374.339 17.2389 21.066837267723457 0.05
OBS: -8.701997560001153 i_PS1 782.0089 36.0128 20.26697081178621 0.05
OBS: -4.350998780000577 i_PS1 1342.2347 61.8122 19.680428820171002 0.05
OBS: 0.0 i_PS1 1553.9207 71.5607 19.521427860726973 0.05
OBS: 4.350998780000577 i_PS1 1476.8358 68.0108 19.576669459240705 0.05
OBS: 8.701997560001153 i_PS1 1159.3204 53.3887 19.83949134779735 0.05
OBS: 13.05299634000173 i_PS1 914.7996 42.1281 20.096685077039638 0.05
OBS: 17.403995120002307 i_PS1 875.0931 40.2995 20.14486441052118 0.05
OBS: 21.754993900002884 i_PS1 918.5443 42.3005 20.092249760731235 0.05
OBS: 26.10599268000346 i_PS1 863.9569 39.7867 20.15876981534025 0.05
OBS: 30.456991460004037 i_PS1 724.8972 33.3828 20.349308928173876 0.05
OBS: 34.807990240004614 i_PS1 580.6412 26.7395 20.590230385823475 0.05
OBS: 39.158989020005194 i_PS1 457.2622 21.0577 20.849586827639364 0.05
OBS: -8.701997560001153 z_PS1 676.9757 31.1759 20.4235672899326 0.05
OBS: -4.350998780000577 z_PS1 1045.6967 48.1561 19.951485638614464 0.05
OBS: 0.0 z_PS1 1138.4745 52.4287 19.859191751018734 0.05
OBS: 4.350998780000577 z_PS1 1021.2404 47.0299 19.977180005705854 0.05
OBS: 8.701997560001153 z_PS1 813.7422 37.4742 20.223782935190783 0.05
OBS: 13.05299634000173 z_PS1 680.7359 31.349 20.41755331508687 0.05
OBS: 17.403995120002307 z_PS1 646.8332 29.7878 20.473019266522847 0.05
OBS: 21.754993900002884 z_PS1 691.4269 31.8414 20.400634342188397 0.05
OBS: 26.10599268000346 z_PS1 690.2438 31.7869 20.40249365170949 0.05
OBS: 30.456991460004037 z_PS1 618.3947 28.4781 20.52183566710712 0.05
OBS: 34.807990240004614 z_PS1 521.489 24.0155 20.706887083109528 0.05
OBS: 39.158989020005194 z_PS1 434.7941 20.023 20.904290969374003 0.05
END: