# 441 
# SNANA-like file generated from user-provided data
# Zeropoint of the converted SNANA file: 27.5 mag
# -----------------------------------------------------------
# Data table created by: anonymous
# On date: 2023.03.14 (yyyy.mm.dd); 20.49 hrs (GMT).
# Script used: BayeSNmodel.io.write_snana_lcfile.py
# -----------------------------------------------------------
SNID: 441
MWEBV: 0
REDSHIFT_HELIO: 0.08443157595751638
REDSHIFT_CMB: 0.08443157595751638
REDSHIFT_CMB_ERR: 0.001
PEAKMJD: 0
FILTERS: g_PS1,i_PS1,r_PS1,z_PS1
# -----------------------------------------------------------
NOBS: 48
NVAR: 6
VARLIST: MJD FLT FLUXCAL FLUXCALERR MAG MAGERR
OBS: -8.67545260766013 g_PS1 1688.335 77.7507 19.431353439364262 0.05
OBS: -4.337726303830065 g_PS1 2598.1101 119.6474 18.963356114118742 0.05
OBS: 0.0 g_PS1 2786.6875 128.3317 18.88727934554417 0.05
OBS: 4.337726303830065 g_PS1 2528.2441 116.4299 18.99295247556027 0.05
OBS: 8.67545260766013 g_PS1 1986.7287 91.4922 19.254653603550704 0.05
OBS: 13.013178911490195 g_PS1 1360.2822 62.6433 19.66592746142776 0.05
OBS: 17.35090521532026 g_PS1 910.2221 41.9173 20.10213152374268 0.05
OBS: 21.688631519150327 g_PS1 611.085 28.1415 20.53474599132584 0.05
OBS: 26.02635782298039 g_PS1 443.6936 20.4328 20.88229202410393 0.05
OBS: 30.364084126810454 g_PS1 361.7768 16.6604 21.103898120837425 0.05
OBS: 34.70181043064052 g_PS1 301.5722 13.8879 21.30152184207677 0.05
OBS: 39.03953673447059 g_PS1 241.3962 11.1167 21.54317382409346 0.05
OBS: -8.67545260766013 r_PS1 1572.5592 72.419 19.508482469229925 0.05
OBS: -4.337726303830065 r_PS1 2420.7747 111.4808 19.040114051570946 0.05
OBS: 0.0 r_PS1 2798.3281 128.8678 18.882753429565106 0.05
OBS: 4.337726303830065 r_PS1 2600.9332 119.7774 18.962176983559367 0.05
OBS: 8.67545260766013 r_PS1 2168.622 99.8687 19.159540353726463 0.05
OBS: 13.013178911490195 r_PS1 1736.1785 79.954 19.40101403858364 0.05
OBS: 17.35090521532026 r_PS1 1426.6687 65.7005 19.61419215460885 0.05
OBS: 21.688631519150327 r_PS1 1244.7241 57.3217 19.76231724778188 0.05
OBS: 26.02635782298039 r_PS1 1057.148 48.6835 19.939660548804348 0.05
OBS: 30.364084126810454 r_PS1 835.0897 38.4573 20.195667186296724 0.05
OBS: 34.70181043064052 r_PS1 658.8803 30.3426 20.45298368695265 0.05
OBS: 39.03953673447059 r_PS1 558.465 25.7183 20.632510051585342 0.05
OBS: -8.67545260766013 i_PS1 1307.5852 60.2165 19.708824984178946 0.05
OBS: -4.337726303830065 i_PS1 1939.0795 89.2979 19.28101093690711 0.05
OBS: 0.0 i_PS1 2023.0464 93.1647 19.23498539743381 0.05
OBS: 4.337726303830065 i_PS1 1850.2524 85.2073 19.331922581782365 0.05
OBS: 8.67545260766013 i_PS1 1445.404 66.5633 19.60002688417468 0.05
OBS: 13.013178911490195 i_PS1 1135.1065 52.2736 19.8624084379896 0.05
OBS: 17.35090521532026 i_PS1 1074.6645 49.4901 19.921817748538423 0.05
OBS: 21.688631519150327 i_PS1 1144.0649 52.6861 19.853873365565647 0.05
OBS: 26.02635782298039 i_PS1 1135.6775 52.2999 19.86186242012007 0.05
OBS: 30.364084126810454 i_PS1 1016.9421 46.8319 19.981759416166483 0.05
OBS: 34.70181043064052 i_PS1 841.4035 38.7481 20.18748927796191 0.05
OBS: 39.03953673447059 i_PS1 654.5709 30.1441 20.46010832699369 0.05
OBS: -8.67545260766013 z_PS1 1080.353 49.7521 19.916085780765933 0.05
OBS: -4.337726303830065 z_PS1 1536.9836 70.7807 19.533326883392313 0.05
OBS: 0.0 z_PS1 1528.2729 70.3796 19.53949770961833 0.05
OBS: 4.337726303830065 z_PS1 1237.8875 57.0068 19.76829709568583 0.05
OBS: 8.67545260766013 z_PS1 911.4735 41.9749 20.100639848699792 0.05
OBS: 13.013178911490195 z_PS1 735.5986 33.8756 20.333397796635303 0.05
OBS: 17.35090521532026 z_PS1 710.9881 32.7422 20.370344162234048 0.05
OBS: 21.688631519150327 z_PS1 801.7063 36.9199 20.239961743410767 0.05
OBS: 26.02635782298039 z_PS1 867.1263 39.9326 20.15479415903082 0.05
OBS: 30.364084126810454 z_PS1 841.3327 38.7448 20.18758060001307 0.05
OBS: 34.70181043064052 z_PS1 730.2065 33.6272 20.34138583478653 0.05
OBS: 39.03953673447059 z_PS1 589.2897 27.1378 20.574177826416943 0.05
END: