# 444 
# SNANA-like file generated from user-provided data
# Zeropoint of the converted SNANA file: 27.5 mag
# -----------------------------------------------------------
# Data table created by: anonymous
# On date: 2023.03.14 (yyyy.mm.dd); 20.49 hrs (GMT).
# Script used: BayeSNmodel.io.write_snana_lcfile.py
# -----------------------------------------------------------
SNID: 444
MWEBV: 0
REDSHIFT_HELIO: 0.07646281890361872
REDSHIFT_CMB: 0.07646281890361872
REDSHIFT_CMB_ERR: 0.001
PEAKMJD: 0
FILTERS: g_PS1,i_PS1,r_PS1,z_PS1
# -----------------------------------------------------------
NOBS: 48
NVAR: 6
VARLIST: MJD FLT FLUXCAL FLUXCALERR MAG MAGERR
OBS: -8.61170255122895 g_PS1 1828.096 84.1869 19.34500250988638 0.05
OBS: -4.305851275614475 g_PS1 3040.375 140.0144 18.79268212610634 0.05
OBS: 0.0 g_PS1 3480.8981 160.3013 18.645771738630554 0.05
OBS: 4.305851275614475 g_PS1 3291.4606 151.5774 18.706528335866086 0.05
OBS: 8.61170255122895 g_PS1 2673.2377 123.1071 18.93240607252076 0.05
OBS: 12.917553826843424 g_PS1 1931.8803 88.9664 19.285049443382018 0.05
OBS: 17.2234051024579 g_PS1 1397.4726 64.356 19.636641772884342 0.05
OBS: 21.529256378072375 g_PS1 999.0943 46.01 20.00098376148274 0.05
OBS: 25.835107653686848 g_PS1 717.6548 33.0492 20.360210958838646 0.05
OBS: 30.140958929301323 g_PS1 559.7677 25.7783 20.629980345582137 0.05
OBS: 34.4468102049158 g_PS1 454.4457 20.928 20.856294898015253 0.05
OBS: 38.75266148053027 g_PS1 367.4408 16.9213 21.087031599692768 0.05
OBS: -8.61170255122895 r_PS1 1673.2811 77.0574 19.441077729935373 0.05
OBS: -4.305851275614475 r_PS1 2943.5493 135.5555 18.82782170622626 0.05
OBS: 0.0 r_PS1 3710.9521 170.8957 18.576286624435618 0.05
OBS: 4.305851275614475 r_PS1 3512.8303 161.7718 18.635857079653952 0.05
OBS: 8.61170255122895 r_PS1 2876.8108 132.482 18.85272176211801 0.05
OBS: 12.917553826843424 r_PS1 2298.659 105.8572 19.096313627001393 0.05
OBS: 17.2234051024579 r_PS1 1944.2332 89.5352 19.278129127087702 0.05
OBS: 21.529256378072375 r_PS1 1765.5126 81.3049 19.382822940818706 0.05
OBS: 25.835107653686848 r_PS1 1567.2158 72.173 19.512178014507974 0.05
OBS: 30.140958929301323 r_PS1 1291.4449 59.4732 19.72231028976892 0.05
OBS: 34.4468102049158 r_PS1 1039.3366 47.8632 19.95810943613492 0.05
OBS: 38.75266148053027 r_PS1 872.7475 40.1915 20.14777841016356 0.05
OBS: -8.61170255122895 i_PS1 1472.142 67.7946 19.580125772327833 0.05
OBS: -4.305851275614475 i_PS1 2256.9753 103.9376 19.1161829654 0.05
OBS: 0.0 i_PS1 2448.9581 112.7787 19.027546619640432 0.05
OBS: 4.305851275614475 i_PS1 2352.5563 108.3392 19.071149940093868 0.05
OBS: 8.61170255122895 i_PS1 1885.6528 86.8375 19.311345697125653 0.05
OBS: 12.917553826843424 i_PS1 1442.6144 66.4349 19.60212430746632 0.05
OBS: 17.2234051024579 i_PS1 1302.5233 59.9834 19.71303620807678 0.05
OBS: 21.529256378072375 i_PS1 1374.7933 63.3116 19.654406465474658 0.05
OBS: 25.835107653686848 i_PS1 1461.0142 67.2822 19.58836388419531 0.05
OBS: 30.140958929301323 i_PS1 1440.1727 66.3224 19.60396353721373 0.05
OBS: 34.4468102049158 i_PS1 1256.5053 57.8642 19.752089189928256 0.05
OBS: 38.75266148053027 i_PS1 969.0717 44.6274 20.03411017962666 0.05
OBS: -8.61170255122895 z_PS1 1363.3756 62.7858 19.663461234869132 0.05
OBS: -4.305851275614475 z_PS1 1814.2761 83.5505 19.353241541019635 0.05
OBS: 0.0 z_PS1 1818.4828 83.7442 19.35072702919394 0.05
OBS: 4.305851275614475 z_PS1 1602.3922 73.7929 19.48807794504623 0.05
OBS: 8.61170255122895 z_PS1 1319.4323 60.7621 19.699032221927325 0.05
OBS: 12.917553826843424 z_PS1 1076.5489 49.5769 19.919915646419007 0.05
OBS: 17.2234051024579 z_PS1 959.8629 44.2033 20.04447700554087 0.05
OBS: 21.529256378072375 z_PS1 991.7861 45.6734 20.008954981575847 0.05
OBS: 25.835107653686848 z_PS1 1062.6428 48.9365 19.934031778619456 0.05
OBS: 30.140958929301323 z_PS1 1079.0933 49.6941 19.917352499476074 0.05
OBS: 34.4468102049158 z_PS1 986.1509 45.4139 20.015141520135366 0.05
OBS: 38.75266148053027 z_PS1 831.6277 38.2979 20.200177693400597 0.05
END: