# 45 
# SNANA-like file generated from user-provided data
# Zeropoint of the converted SNANA file: 27.5 mag
# -----------------------------------------------------------
# Data table created by: anonymous
# On date: 2023.03.14 (yyyy.mm.dd); 20.49 hrs (GMT).
# Script used: BayeSNmodel.io.write_snana_lcfile.py
# -----------------------------------------------------------
SNID: 45
MWEBV: 0
REDSHIFT_HELIO: 0.09653534764818074
REDSHIFT_CMB: 0.09653534764818074
REDSHIFT_CMB_ERR: 0.001
PEAKMJD: 0
FILTERS: g_PS1,i_PS1,r_PS1,z_PS1
# -----------------------------------------------------------
NOBS: 48
NVAR: 6
VARLIST: MJD FLT FLUXCAL FLUXCALERR MAG MAGERR
OBS: -8.772282781185446 g_PS1 2189.9907 100.8528 19.148894318789505 0.05
OBS: -4.386141390592723 g_PS1 3270.1778 150.5973 18.713571580675374 0.05
OBS: 0.0 g_PS1 3549.5823 163.4643 18.624556860544235 0.05
OBS: 4.386141390592723 g_PS1 3417.4133 157.3777 18.66575623719312 0.05
OBS: 8.772282781185446 g_PS1 2904.3651 133.751 18.84237197249156 0.05
OBS: 13.158424171778169 g_PS1 2071.4538 95.394 19.209311855051265 0.05
OBS: 17.54456556237089 g_PS1 1406.8043 64.7857 19.62941579864277 0.05
OBS: 21.930706952963614 g_PS1 957.1106 44.0766 20.047594708092465 0.05
OBS: 26.316848343556337 g_PS1 683.3532 31.4696 20.4133868765399 0.05
OBS: 30.70298973414906 g_PS1 535.5124 24.6613 20.678076210916206 0.05
OBS: 35.08913112474178 g_PS1 421.282 19.4008 20.93856763855089 0.05
OBS: 39.47527251533451 g_PS1 311.999 14.3681 21.264616949411515 0.05
OBS: -8.772282781185446 r_PS1 2070.5083 95.3504 19.20980756682541 0.05
OBS: -4.386141390592723 r_PS1 2946.532 135.6928 18.826722111424935 0.05
OBS: 0.0 r_PS1 3265.2101 150.3685 18.715222164431246 0.05
OBS: 4.386141390592723 r_PS1 3071.1855 141.4333 18.781734864920317 0.05
OBS: 8.772282781185446 r_PS1 2637.5047 121.4616 18.947016912235704 0.05
OBS: 13.158424171778169 r_PS1 2125.0093 97.8603 19.18159792468704 0.05
OBS: 17.54456556237089 r_PS1 1714.2803 78.9455 19.414795391195447 0.05
OBS: 21.930706952963614 r_PS1 1469.2987 67.6637 19.58222475757872 0.05
OBS: 26.316848343556337 r_PS1 1290.4169 59.4259 19.723174906501526 0.05
OBS: 30.70298973414906 r_PS1 1086.2113 50.0219 19.910214172630866 0.05
OBS: 35.08913112474178 r_PS1 871.4995 40.134 20.149332120622937 0.05
OBS: 39.47527251533451 r_PS1 702.9791 32.3734 20.38264399156538 0.05
OBS: -8.772282781185446 i_PS1 1574.0294 72.4867 19.50746789547952 0.05
OBS: -4.386141390592723 i_PS1 2061.1897 94.9213 19.214705089158976 0.05
OBS: 0.0 i_PS1 2035.9081 93.757 19.228104576655078 0.05
OBS: 4.386141390592723 i_PS1 1887.5457 86.9247 19.31025629008961 0.05
OBS: 8.772282781185446 i_PS1 1518.3944 69.9246 19.54653851133 0.05
OBS: 13.158424171778169 i_PS1 1153.0549 53.1001 19.845375069336946 0.05
OBS: 17.54456556237089 i_PS1 984.3085 45.3291 20.017171860512754 0.05
OBS: 21.930706952963614 i_PS1 1010.4699 46.5339 19.988691499194985 0.05
OBS: 26.316848343556337 i_PS1 1123.1978 51.7252 19.873859418879434 0.05
OBS: 30.70298973414906 i_PS1 1186.414 54.6364 19.814409385352135 0.05
OBS: 35.08913112474178 i_PS1 1071.7584 49.3563 19.924757737880476 0.05
OBS: 39.47527251533451 i_PS1 813.0476 37.4422 20.224710115155474 0.05
OBS: -8.772282781185446 z_PS1 1030.0498 47.4355 19.967854413807224 0.05
OBS: -4.386141390592723 z_PS1 1286.0806 59.2262 19.72682951795926 0.05
OBS: 0.0 z_PS1 1200.7505 55.2966 19.80136805580451 0.05
OBS: 4.386141390592723 z_PS1 1023.0907 47.1151 19.975214661945074 0.05
OBS: 8.772282781185446 z_PS1 792.1551 36.4801 20.252974506108842 0.05
OBS: 13.158424171778169 z_PS1 629.3941 28.9847 20.502693329603595 0.05
OBS: 17.54456556237089 z_PS1 561.632 25.8641 20.626370384721625 0.05
OBS: 21.930706952963614 z_PS1 622.602 28.6719 20.51447377338696 0.05
OBS: 26.316848343556337 z_PS1 751.4912 34.6074 20.310190278095995 0.05
OBS: 30.70298973414906 z_PS1 850.1773 39.1521 20.176226270613874 0.05
OBS: 35.08913112474178 z_PS1 821.1953 37.8174 20.21388381146665 0.05
OBS: 39.47527251533451 z_PS1 681.1318 31.3673 20.416922127862073 0.05
END: