# 452 
# SNANA-like file generated from user-provided data
# Zeropoint of the converted SNANA file: 27.5 mag
# -----------------------------------------------------------
# Data table created by: anonymous
# On date: 2023.03.14 (yyyy.mm.dd); 20.49 hrs (GMT).
# Script used: BayeSNmodel.io.write_snana_lcfile.py
# -----------------------------------------------------------
SNID: 452
MWEBV: 0
REDSHIFT_HELIO: 0.08466096481402978
REDSHIFT_CMB: 0.08466096481402978
REDSHIFT_CMB_ERR: 0.001
PEAKMJD: 0
FILTERS: g_PS1,i_PS1,r_PS1,z_PS1
# -----------------------------------------------------------
NOBS: 48
NVAR: 6
VARLIST: MJD FLT FLUXCAL FLUXCALERR MAG MAGERR
OBS: -8.677287718512238 g_PS1 882.8212 40.6554 20.13531812332506 0.05
OBS: -4.338643859256119 g_PS1 1425.0013 65.6237 19.615461824144244 0.05
OBS: 0.0 g_PS1 1526.1978 70.284 19.540972940915562 0.05
OBS: 4.338643859256119 g_PS1 1303.7646 60.0406 19.71200207023993 0.05
OBS: 8.677287718512238 g_PS1 966.7589 44.5209 20.036704540278446 0.05
OBS: 13.015931577768356 g_PS1 655.3915 30.1819 20.45874805329333 0.05
OBS: 17.354575437024476 g_PS1 447.364 20.6019 20.87334753435921 0.05
OBS: 21.693219296280596 g_PS1 296.0571 13.6339 21.321561210222047 0.05
OBS: 26.031863155536712 g_PS1 200.5874 9.2374 21.74424096804179 0.05
OBS: 30.37050701479283 g_PS1 153.7512 7.0805 22.03295339642612 0.05
OBS: 34.70915087404895 g_PS1 131.8718 6.0729 22.199619842667563 0.05
OBS: 39.04779473330507 g_PS1 120.5621 5.5521 22.2969731556345 0.05
OBS: -8.677287718512238 r_PS1 965.9925 44.4856 20.037565628448256 0.05
OBS: -4.338643859256119 r_PS1 1503.3357 69.2312 19.55736009957159 0.05
OBS: 0.0 r_PS1 1769.7099 81.4982 19.38024480509541 0.05
OBS: 4.338643859256119 r_PS1 1685.5609 77.6229 19.433138884521 0.05
OBS: 8.677287718512238 r_PS1 1443.4316 66.4725 19.60150946802134 0.05
OBS: 13.015931577768356 r_PS1 1175.1741 54.1188 19.82474446966529 0.05
OBS: 17.354575437024476 r_PS1 967.9677 44.5766 20.035347855296543 0.05
OBS: 21.693219296280596 r_PS1 824.2793 37.9595 20.20981399889213 0.05
OBS: 26.031863155536712 r_PS1 645.1368 29.7096 20.475870515624543 0.05
OBS: 30.37050701479283 r_PS1 464.6191 21.3965 20.832257463239408 0.05
OBS: 34.70915087404895 r_PS1 354.1457 16.309 21.12704493164246 0.05
OBS: 39.04779473330507 r_PS1 310.4274 14.2957 21.27009990373309 0.05
OBS: -8.677287718512238 i_PS1 1125.8032 51.8452 19.871343807007406 0.05
OBS: -4.338643859256119 i_PS1 1587.4172 73.1033 19.49827227713405 0.05
OBS: 0.0 i_PS1 1557.499 71.7255 19.518930560158182 0.05
OBS: 4.338643859256119 i_PS1 1330.2908 61.2622 19.690133563873246 0.05
OBS: 8.677287718512238 i_PS1 1019.8907 46.9677 19.978615951840872 0.05
OBS: 13.015931577768356 i_PS1 885.6566 40.786 20.131836537028768 0.05
OBS: 17.354575437024476 i_PS1 992.6217 45.7119 20.008040639131565 0.05
OBS: 21.693219296280596 i_PS1 1128.036 51.948 19.8691925955249 0.05
OBS: 26.031863155536712 i_PS1 959.0707 44.1668 20.045373419637748 0.05
OBS: 30.37050701479283 i_PS1 673.6227 31.0215 20.42895815975458 0.05
OBS: 34.70915087404895 i_PS1 485.3841 22.3528 20.78478622003935 0.05
OBS: 39.04779473330507 i_PS1 386.8647 17.8158 21.031102195594848 0.05
OBS: -8.677287718512238 z_PS1 1017.1055 46.8394 19.98158497074313 0.05
OBS: -4.338643859256119 z_PS1 1309.7703 60.3171 19.70701219069776 0.05
OBS: 0.0 z_PS1 1212.9808 55.8598 19.790365227242113 0.05
OBS: 4.338643859256119 z_PS1 958.0332 44.1191 20.04654858200295 0.05
OBS: 8.677287718512238 z_PS1 728.1875 33.5343 20.344391940576415 0.05
OBS: 13.015931577768356 z_PS1 642.6936 29.5971 20.479990083529948 0.05
OBS: 17.354575437024476 z_PS1 690.3607 31.7923 20.40230990186307 0.05
OBS: 21.693219296280596 z_PS1 791.8612 36.4666 20.253377372841314 0.05
OBS: 26.031863155536712 z_PS1 739.5372 34.0569 20.32759995708195 0.05
OBS: 30.37050701479283 z_PS1 575.5746 26.5062 20.599746003950074 0.05
OBS: 34.70915087404895 z_PS1 434.3563 20.0028 20.90538479933017 0.05
OBS: 39.04779473330507 z_PS1 347.0594 15.9827 21.148990610608344 0.05
END: