# 462 
# SNANA-like file generated from user-provided data
# Zeropoint of the converted SNANA file: 27.5 mag
# -----------------------------------------------------------
# Data table created by: anonymous
# On date: 2023.03.14 (yyyy.mm.dd); 20.49 hrs (GMT).
# Script used: BayeSNmodel.io.write_snana_lcfile.py
# -----------------------------------------------------------
SNID: 462
MWEBV: 0
REDSHIFT_HELIO: 0.07138986049015188
REDSHIFT_CMB: 0.07138986049015188
REDSHIFT_CMB_ERR: 0.001
PEAKMJD: 0
FILTERS: g_PS1,i_PS1,r_PS1,z_PS1
# -----------------------------------------------------------
NOBS: 48
NVAR: 6
VARLIST: MJD FLT FLUXCAL FLUXCALERR MAG MAGERR
OBS: -8.571118883921216 g_PS1 380.7056 17.5321 21.04852677876121 0.05
OBS: -4.285559441960608 g_PS1 799.9259 36.8379 20.242375650627796 0.05
OBS: 0.0 g_PS1 1016.0721 46.7918 19.98268868013668 0.05
OBS: 4.285559441960608 g_PS1 907.2678 41.7812 20.10566124488872 0.05
OBS: 8.571118883921216 g_PS1 636.0771 29.2924 20.49122551500435 0.05
OBS: 12.856678325881823 g_PS1 400.7876 18.457 20.99271431363466 0.05
OBS: 17.14223776784243 g_PS1 259.7069 11.9599 21.463791172567863 0.05
OBS: 21.42779720980304 g_PS1 164.3716 7.5696 21.96043323623999 0.05
OBS: 25.713356651763647 g_PS1 106.0354 4.8831 22.436373034234652 0.05
OBS: 29.998916093724254 g_PS1 78.4411 3.6123 22.763641415131847 0.05
OBS: 34.28447553568486 g_PS1 66.7701 3.0749 22.93854529493242 0.05
OBS: 38.57003497764547 g_PS1 62.9384 2.8984 23.002710617898774 0.05
OBS: -8.571118883921216 r_PS1 566.8443 26.1041 20.616340614830996 0.05
OBS: -4.285559441960608 r_PS1 1081.5701 49.8081 19.91486330789141 0.05
OBS: 0.0 r_PS1 1438.7651 66.2576 19.605025283058076 0.05
OBS: 4.285559441960608 r_PS1 1375.7314 63.3548 19.653665907286317 0.05
OBS: 8.571118883921216 r_PS1 1096.1181 50.4781 19.900356619708333 0.05
OBS: 12.856678325881823 r_PS1 828.4732 38.1526 20.20430377525654 0.05
OBS: 17.14223776784243 r_PS1 653.3616 30.0884 20.462115927419056 0.05
OBS: 21.42779720980304 r_PS1 553.4868 25.489 20.642231735940335 0.05
OBS: 25.713356651763647 r_PS1 446.3928 20.5571 20.87570707052773 0.05
OBS: 29.998916093724254 r_PS1 333.8427 15.374 21.19114524977057 0.05
OBS: 34.28447553568486 r_PS1 258.4375 11.9015 21.46911131270796 0.05
OBS: 38.57003497764547 r_PS1 223.0079 10.2699 21.62919929414361 0.05
OBS: -8.571118883921216 i_PS1 707.8475 32.5976 20.37515070127162 0.05
OBS: -4.285559441960608 i_PS1 1165.3285 53.6654 19.83387907999802 0.05
OBS: 0.0 i_PS1 1254.48 57.7709 19.75384063874055 0.05
OBS: 4.285559441960608 i_PS1 1103.2936 50.8085 19.893272266806548 0.05
OBS: 8.571118883921216 i_PS1 811.7221 37.3812 20.226481559904975 0.05
OBS: 12.856678325881823 i_PS1 634.8224 29.2347 20.493369325606196 0.05
OBS: 17.14223776784243 i_PS1 643.223 29.6215 20.479096103281044 0.05
OBS: 21.42779720980304 i_PS1 705.2739 32.4791 20.379105439219593 0.05
OBS: 25.713356651763647 i_PS1 642.3434 29.581 20.48058191256903 0.05
OBS: 29.998916093724254 i_PS1 506.6946 23.3341 20.73813439588652 0.05
OBS: 34.28447553568486 i_PS1 395.0175 18.1912 21.00845903357596 0.05
OBS: 38.57003497764547 i_PS1 318.8433 14.6833 21.24105676874776 0.05
OBS: -8.571118883921216 z_PS1 814.7555 37.5209 20.22243169833485 0.05
OBS: -4.285559441960608 z_PS1 1289.0427 59.3626 19.72433173019178 0.05
OBS: 0.0 z_PS1 1359.1842 62.5927 19.666804235322083 0.05
OBS: 4.285559441960608 z_PS1 1058.6226 48.7514 19.93814713729713 0.05
OBS: 8.571118883921216 z_PS1 760.9531 35.0432 20.296605325404748 0.05
OBS: 12.856678325881823 z_PS1 621.9881 28.6436 20.51554489372476 0.05
OBS: 17.14223776784243 z_PS1 631.9478 29.1023 20.49829694670037 0.05
OBS: 21.42779720980304 z_PS1 689.3742 31.7469 20.40386239419734 0.05
OBS: 25.713356651763647 z_PS1 632.7405 29.1388 20.496935858591627 0.05
OBS: 29.998916093724254 z_PS1 504.3213 23.2249 20.74323176073107 0.05
OBS: 34.28447553568486 z_PS1 393.733 18.1321 21.011995575604857 0.05
OBS: 38.57003497764547 z_PS1 325.8589 15.0064 21.217426025747358 0.05
END: