# 467 
# SNANA-like file generated from user-provided data
# Zeropoint of the converted SNANA file: 27.5 mag
# -----------------------------------------------------------
# Data table created by: anonymous
# On date: 2023.03.14 (yyyy.mm.dd); 20.49 hrs (GMT).
# Script used: BayeSNmodel.io.write_snana_lcfile.py
# -----------------------------------------------------------
SNID: 467
MWEBV: 0
REDSHIFT_HELIO: 0.09007971110079477
REDSHIFT_CMB: 0.09007971110079477
REDSHIFT_CMB_ERR: 0.001
PEAKMJD: 0
FILTERS: g_PS1,i_PS1,r_PS1,z_PS1
# -----------------------------------------------------------
NOBS: 48
NVAR: 6
VARLIST: MJD FLT FLUXCAL FLUXCALERR MAG MAGERR
OBS: -8.720637688806358 g_PS1 1390.6895 64.0436 19.641924528455643 0.05
OBS: -4.360318844403179 g_PS1 2311.966 106.47 19.09004639438763 0.05
OBS: 0.0 g_PS1 2621.2751 120.7142 18.953718485741614 0.05
OBS: 4.360318844403179 g_PS1 2421.3977 111.5095 19.039834675672612 0.05
OBS: 8.720637688806358 g_PS1 1911.5143 88.0285 19.29655612147047 0.05
OBS: 13.080956533209537 g_PS1 1324.7175 61.0055 19.694691800564197 0.05
OBS: 17.441275377612715 g_PS1 900.5774 41.4731 20.113697344850475 0.05
OBS: 21.801594222015893 g_PS1 595.8528 27.44 20.562152607721966 0.05
OBS: 26.161913066419075 g_PS1 406.6739 18.728 20.97688418764101 0.05
OBS: 30.522231910822253 g_PS1 311.0604 14.3249 21.267888113188274 0.05
OBS: 34.88255075522543 g_PS1 258.3959 11.8996 21.469285831961525 0.05
OBS: 39.24286959962861 g_PS1 221.4601 10.1986 21.636761137648516 0.05
OBS: -8.720637688806358 r_PS1 1440.431 66.3343 19.603768866078155 0.05
OBS: -4.360318844403179 r_PS1 2064.7439 95.085 19.212834495589654 0.05
OBS: 0.0 r_PS1 2308.1175 106.2927 19.091855193707296 0.05
OBS: 4.360318844403179 r_PS1 2182.525 100.509 19.152601932294992 0.05
OBS: 8.720637688806358 r_PS1 1891.5096 87.1072 19.30797861902989 0.05
OBS: 13.080956533209537 r_PS1 1550.7831 71.4162 19.523622349326516 0.05
OBS: 17.441275377612715 r_PS1 1272.352 58.594 19.738481837038805 0.05
OBS: 21.801594222015893 r_PS1 1094.672 50.4115 19.901790000518574 0.05
OBS: 26.161913066419075 r_PS1 926.7236 42.6772 20.082624422031095 0.05
OBS: 30.522231910822253 r_PS1 736.6567 33.9243 20.331837181220685 0.05
OBS: 34.88255075522543 r_PS1 582.9924 26.8478 20.585842807836713 0.05
OBS: 39.24286959962861 r_PS1 493.6764 22.7346 20.766394183014945 0.05
OBS: -8.720637688806358 i_PS1 1425.7355 65.6575 19.61490256077417 0.05
OBS: -4.360318844403179 i_PS1 1794.3329 82.6321 19.365242477493602 0.05
OBS: 0.0 i_PS1 1703.1324 78.4321 19.421878962816656 0.05
OBS: 4.360318844403179 i_PS1 1553.2266 71.5287 19.521912935189043 0.05
OBS: 8.720637688806358 i_PS1 1271.8549 58.5711 19.738906094276032 0.05
OBS: 13.080956533209537 i_PS1 1031.2638 47.4915 19.96657553914949 0.05
OBS: 17.441275377612715 i_PS1 974.4175 44.8736 20.028137334935934 0.05
OBS: 21.801594222015893 i_PS1 1033.6155 47.5998 19.964102507590304 0.05
OBS: 26.161913066419075 i_PS1 1047.987 48.2616 19.94911027513956 0.05
OBS: 30.522231910822253 i_PS1 960.0975 44.2141 20.04421168644668 0.05
OBS: 34.88255075522543 i_PS1 790.5324 36.4054 20.25520077189376 0.05
OBS: 39.24286959962861 i_PS1 591.7054 27.249 20.56973621221141 0.05
OBS: -8.720637688806358 z_PS1 1045.9868 48.1695 19.951184525496004 0.05
OBS: -4.360318844403179 z_PS1 1344.3156 61.908 19.678746866247103 0.05
OBS: 0.0 z_PS1 1286.0826 59.2263 19.726827857743345 0.05
OBS: 4.360318844403179 z_PS1 1102.5151 50.7727 19.894038630564147 0.05
OBS: 8.720637688806358 z_PS1 869.2515 40.0305 20.152136373268355 0.05
OBS: 13.080956533209537 z_PS1 711.4295 32.7625 20.369670321873187 0.05
OBS: 17.441275377612715 z_PS1 652.419 30.045 20.463683461477387 0.05
OBS: 21.801594222015893 z_PS1 704.3827 32.438 20.38047822486171 0.05
OBS: 26.161913066419075 z_PS1 768.7335 35.4015 20.28556044578783 0.05
OBS: 30.522231910822253 z_PS1 766.1942 35.2845 20.289152808655786 0.05
OBS: 34.88255075522543 z_PS1 671.7352 30.9345 20.432004784090964 0.05
OBS: 39.24286959962861 z_PS1 531.5233 24.4776 20.686194259697224 0.05
END: