# 469 
# SNANA-like file generated from user-provided data
# Zeropoint of the converted SNANA file: 27.5 mag
# -----------------------------------------------------------
# Data table created by: anonymous
# On date: 2023.03.14 (yyyy.mm.dd); 20.49 hrs (GMT).
# Script used: BayeSNmodel.io.write_snana_lcfile.py
# -----------------------------------------------------------
SNID: 469
MWEBV: 0
REDSHIFT_HELIO: 0.06635988071117425
REDSHIFT_CMB: 0.06635988071117425
REDSHIFT_CMB_ERR: 0.001
PEAKMJD: 0
FILTERS: g_PS1,i_PS1,r_PS1,z_PS1
# -----------------------------------------------------------
NOBS: 48
NVAR: 6
VARLIST: MJD FLT FLUXCAL FLUXCALERR MAG MAGERR
OBS: -8.530879045689394 g_PS1 2988.6751 137.6336 18.811303228842842 0.05
OBS: -4.265439522844697 g_PS1 5487.8998 252.7271 18.15148456746331 0.05
OBS: 0.0 g_PS1 6313.413 290.7434 17.9993395047757 0.05
OBS: 4.265439522844697 g_PS1 5353.6167 246.5432 18.178381806013373 0.05
OBS: 8.530879045689394 g_PS1 3717.8402 171.2129 18.574273202677862 0.05
OBS: 12.79631856853409 g_PS1 2353.7977 108.3964 19.070577149895083 0.05
OBS: 17.06175809137879 g_PS1 1539.5974 70.9011 19.531482068544374 0.05
OBS: 21.327197614223486 g_PS1 1020.4899 46.9953 19.977978272181087 0.05
OBS: 25.59263713706818 g_PS1 717.5459 33.0442 20.360375772583378 0.05
OBS: 29.85807665991288 g_PS1 569.1665 26.2111 20.61190173228442 0.05
OBS: 34.12351618275758 g_PS1 483.3833 22.2606 20.789270901875444 0.05
OBS: 38.38895570560227 g_PS1 416.5622 19.1834 20.950800237602362 0.05
OBS: -8.530879045689394 r_PS1 2843.5924 130.9523 18.86533164684287 0.05
OBS: -4.265439522844697 r_PS1 4551.8641 209.6211 18.35452677518314 0.05
OBS: 0.0 r_PS1 5421.9027 249.6878 18.164620705578933 0.05
OBS: 4.265439522844697 r_PS1 5103.3908 235.0198 18.2303529377495 0.05
OBS: 8.530879045689394 r_PS1 4189.861 192.9502 18.4445009585324 0.05
OBS: 12.79631856853409 r_PS1 3201.1002 147.4161 18.73675182680725 0.05
OBS: 17.06175809137879 r_PS1 2457.7787 113.1849 19.023643045292523 0.05
OBS: 21.327197614223486 r_PS1 2017.9325 92.9292 19.23773342349488 0.05
OBS: 25.59263713706818 r_PS1 1628.7789 75.008 19.470344652176074 0.05
OBS: 29.85807665991288 r_PS1 1253.4167 57.722 19.75476128881467 0.05
OBS: 34.12351618275758 r_PS1 998.0164 45.9604 20.002155837943143 0.05
OBS: 38.38895570560227 r_PS1 875.1208 40.3008 20.14482996427865 0.05
OBS: -8.530879045689394 i_PS1 2035.5386 93.74 19.22830163347053 0.05
OBS: -4.265439522844697 i_PS1 3200.235 147.3763 18.737045326395773 0.05
OBS: 0.0 i_PS1 3367.299 155.0699 18.68179579202323 0.05
OBS: 4.265439522844697 i_PS1 2989.7621 137.6836 18.81090842694205 0.05
OBS: 8.530879045689394 i_PS1 2235.3799 102.943 19.12662165435583 0.05
OBS: 12.79631856853409 i_PS1 1728.6893 79.6091 19.40570766079321 0.05
OBS: 17.06175809137879 i_PS1 1682.2343 77.4698 19.435283783760838 0.05
OBS: 21.327197614223486 i_PS1 1779.7307 81.9596 19.374114283521173 0.05
OBS: 25.59263713706818 i_PS1 1603.7812 73.8569 19.487137200315047 0.05
OBS: 29.85807665991288 i_PS1 1283.1652 59.0919 19.729293553570947 0.05
OBS: 34.12351618275758 i_PS1 1033.4959 47.5942 19.96422805265577 0.05
OBS: 38.38895570560227 i_PS1 872.3564 40.1735 20.1482651551651 0.05
OBS: -8.530879045689394 z_PS1 1841.0509 84.7835 19.33733550032536 0.05
OBS: -4.265439522844697 z_PS1 2764.5302 127.3113 18.895946650140864 0.05
OBS: 0.0 z_PS1 2835.3368 130.5721 18.868488378000436 0.05
OBS: 4.265439522844697 z_PS1 2200.653 101.3438 19.143621087176307 0.05
OBS: 8.530879045689394 z_PS1 1615.5419 74.3985 19.47920441248302 0.05
OBS: 12.79631856853409 z_PS1 1351.3708 62.2329 19.673063641746133 0.05
OBS: 17.06175809137879 z_PS1 1395.3405 64.2578 19.638299498275757 0.05
OBS: 21.327197614223486 z_PS1 1547.6839 71.2735 19.525794311109912 0.05
OBS: 25.59263713706818 z_PS1 1457.24 67.1084 19.591172300822528 0.05
OBS: 29.85807665991288 z_PS1 1194.7054 55.0182 19.80684796763812 0.05
OBS: 34.12351618275758 z_PS1 952.5883 43.8683 20.052736884539335 0.05
OBS: 38.38895570560227 z_PS1 795.6986 36.6433 20.248128581888558 0.05
END: