# 491 
# SNANA-like file generated from user-provided data
# Zeropoint of the converted SNANA file: 27.5 mag
# -----------------------------------------------------------
# Data table created by: anonymous
# On date: 2023.03.14 (yyyy.mm.dd); 20.49 hrs (GMT).
# Script used: BayeSNmodel.io.write_snana_lcfile.py
# -----------------------------------------------------------
SNID: 491
MWEBV: 0
REDSHIFT_HELIO: 0.09021808689201513
REDSHIFT_CMB: 0.09021808689201513
REDSHIFT_CMB_ERR: 0.001
PEAKMJD: 0
FILTERS: g_PS1,i_PS1,r_PS1,z_PS1
# -----------------------------------------------------------
NOBS: 48
NVAR: 6
VARLIST: MJD FLT FLUXCAL FLUXCALERR MAG MAGERR
OBS: -8.72174469513612 g_PS1 1668.4182 76.8335 19.444237695786608 0.05
OBS: -4.36087234756806 g_PS1 2743.6345 126.349 18.904184376169834 0.05
OBS: 0.0 g_PS1 2968.1615 136.6889 18.818781179851822 0.05
OBS: 4.36087234756806 g_PS1 2525.619 116.3091 18.99408040069329 0.05
OBS: 8.72174469513612 g_PS1 1853.0676 85.3369 19.330271823771742 0.05
OBS: 13.08261704270418 g_PS1 1233.7472 56.8162 19.771934516790363 0.05
OBS: 17.44348939027224 g_PS1 827.0501 38.0871 20.206170488153585 0.05
OBS: 21.804361737840303 g_PS1 543.4578 25.0272 20.662085388826025 0.05
OBS: 26.16523408540836 g_PS1 371.6503 17.1151 21.074663805050317 0.05
OBS: 30.52610643297642 g_PS1 286.6637 13.2014 21.356568247453193 0.05
OBS: 34.88697878054448 g_PS1 241.4593 11.1196 21.542890227091892 0.05
OBS: 39.24785112811254 g_PS1 210.2602 9.6828 21.693107247362743 0.05
OBS: -8.72174469513612 r_PS1 1465.2382 67.4767 19.585229444415567 0.05
OBS: -4.36087234756806 r_PS1 2309.7873 106.3696 19.091070007445943 0.05
OBS: 0.0 r_PS1 2808.5227 129.3373 18.878805138838544 0.05
OBS: 4.36087234756806 r_PS1 2833.3719 130.4816 18.8692410253676 0.05
OBS: 8.72174469513612 r_PS1 2500.2268 115.1397 19.005051482521516 0.05
OBS: 13.08261704270418 r_PS1 1924.8305 88.6417 19.289018796761866 0.05
OBS: 17.44348939027224 r_PS1 1398.3469 64.3963 19.635962660930666 0.05
OBS: 21.804361737840303 r_PS1 1078.8941 49.6849 19.91755299715846 0.05
OBS: 26.16523408540836 r_PS1 862.5302 39.721 20.160564227140675 0.05
OBS: 30.52610643297642 r_PS1 674.7874 31.0751 20.42708255904106 0.05
OBS: 34.88697878054448 r_PS1 536.9722 24.7285 20.67512040904657 0.05
OBS: 39.24785112811254 r_PS1 459.5571 21.1634 20.844151366911426 0.05
OBS: -8.72174469513612 i_PS1 1349.1133 62.129 19.674878956231595 0.05
OBS: -4.36087234756806 i_PS1 2092.8377 96.3787 19.198161101453366 0.05
OBS: 0.0 i_PS1 2238.3801 103.0812 19.125165429796056 0.05
OBS: 4.36087234756806 i_PS1 2037.089 93.8114 19.227474966016793 0.05
OBS: 8.72174469513612 i_PS1 1583.7866 72.9361 19.5007583454695 0.05
OBS: 13.08261704270418 i_PS1 1281.5731 59.0186 19.73064153271678 0.05
OBS: 17.44348939027224 i_PS1 1256.6352 57.8702 19.75197695514992 0.05
OBS: 21.804361737840303 i_PS1 1299.7568 59.856 19.71534474672108 0.05
OBS: 26.16523408540836 i_PS1 1118.0159 51.4865 19.87888006827837 0.05
OBS: 30.52610643297642 i_PS1 840.7284 38.717 20.188360639961893 0.05
OBS: 34.88697878054448 i_PS1 639.6632 29.4576 20.485121518514084 0.05
OBS: 39.24785112811254 i_PS1 517.2339 23.8195 20.715782462721357 0.05
OBS: -8.72174469513612 z_PS1 1169.4049 53.8531 19.83008776312206 0.05
OBS: -4.36087234756806 z_PS1 1635.1795 75.3028 19.466086448252334 0.05
OBS: 0.0 z_PS1 1571.1976 72.3563 19.509422949064316 0.05
OBS: 4.36087234756806 z_PS1 1225.9567 56.4574 19.77881219086857 0.05
OBS: 8.72174469513612 z_PS1 883.8901 40.7046 20.134004274998304 0.05
OBS: 13.08261704270418 z_PS1 759.1553 34.9604 20.299173418994748 0.05
OBS: 17.44348939027224 z_PS1 815.216 37.5421 20.22181823561015 0.05
OBS: 21.804361737840303 z_PS1 951.9165 43.8374 20.053502910502864 0.05
OBS: 26.16523408540836 z_PS1 907.5502 41.7942 20.10532338439002 0.05
OBS: 30.52610643297642 z_PS1 721.3646 33.2201 20.354613006413736 0.05
OBS: 34.88697878054448 z_PS1 556.3017 25.6186 20.63672400413575 0.05
OBS: 39.24785112811254 z_PS1 452.8695 20.8554 20.860067278838656 0.05
END: