# 496 
# SNANA-like file generated from user-provided data
# Zeropoint of the converted SNANA file: 27.5 mag
# -----------------------------------------------------------
# Data table created by: anonymous
# On date: 2023.03.14 (yyyy.mm.dd); 20.49 hrs (GMT).
# Script used: BayeSNmodel.io.write_snana_lcfile.py
# -----------------------------------------------------------
SNID: 496
MWEBV: 0
REDSHIFT_HELIO: 0.09862625668980171
REDSHIFT_CMB: 0.09862625668980171
REDSHIFT_CMB_ERR: 0.001
PEAKMJD: 0
FILTERS: g_PS1,i_PS1,r_PS1,z_PS1
# -----------------------------------------------------------
NOBS: 48
NVAR: 6
VARLIST: MJD FLT FLUXCAL FLUXCALERR MAG MAGERR
OBS: -8.789010053518414 g_PS1 1636.7641 75.3758 19.46503474368515 0.05
OBS: -4.394505026759207 g_PS1 2167.1358 99.8003 19.160284691176866 0.05
OBS: 0.0 g_PS1 2185.9039 100.6646 19.150922319350425 0.05
OBS: 4.394505026759207 g_PS1 2093.3101 96.4005 19.197916098285216 0.05
OBS: 8.789010053518414 g_PS1 1819.882 83.8087 19.34989192776668 0.05
OBS: 13.18351508027762 g_PS1 1290.901 59.4482 19.72276762327534 0.05
OBS: 17.578020107036828 g_PS1 843.3592 38.8381 20.184968561778692 0.05
OBS: 21.972525133796033 g_PS1 556.1823 25.6131 20.63695712432561 0.05
OBS: 26.36703016055524 g_PS1 399.3981 18.393 20.996484909052636 0.05
OBS: 30.76153518731445 g_PS1 325.9584 15.0109 21.21709451127597 0.05
OBS: 35.156040214073656 g_PS1 273.7694 12.6075 21.406537763958323 0.05
OBS: 39.55054524083286 g_PS1 220.3856 10.1491 21.64204172450317 0.05
OBS: -8.789010053518414 r_PS1 1554.3188 71.579 19.52114972381996 0.05
OBS: -4.394505026759207 r_PS1 2036.653 93.7913 19.227707398483297 0.05
OBS: 0.0 r_PS1 2152.4382 99.1234 19.16767328674549 0.05
OBS: 4.394505026759207 r_PS1 2031.1687 93.5388 19.230634993936647 0.05
OBS: 8.789010053518414 r_PS1 1809.1638 83.3151 19.356305285527817 0.05
OBS: 13.18351508027762 r_PS1 1521.59 70.0718 19.544255874914967 0.05
OBS: 17.578020107036828 r_PS1 1268.0223 58.3946 19.742182747763046 0.05
OBS: 21.972525133796033 r_PS1 1103.6 50.8227 19.89297076255579 0.05
OBS: 26.36703016055524 r_PS1 958.6546 44.1477 20.04584454882373 0.05
OBS: 30.76153518731445 r_PS1 786.0771 36.2002 20.261337098982537 0.05
OBS: 35.156040214073656 r_PS1 624.923 28.7788 20.510433697729198 0.05
OBS: 39.55054524083286 r_PS1 515.4008 23.7351 20.719637373496816 0.05
OBS: -8.789010053518414 i_PS1 1520.6597 70.029 19.544919942955055 0.05
OBS: -4.394505026759207 i_PS1 1824.3531 84.0146 19.34722777361845 0.05
OBS: 0.0 i_PS1 1703.2982 78.4398 19.42177328370363 0.05
OBS: 4.394505026759207 i_PS1 1568.8696 72.2491 19.511032888023365 0.05
OBS: 8.789010053518414 i_PS1 1305.1434 60.1041 19.71085445638475 0.05
OBS: 13.18351508027762 i_PS1 1051.3471 48.4163 19.945634713383654 0.05
OBS: 17.578020107036828 i_PS1 954.1618 43.9408 20.050944928849667 0.05
OBS: 21.972525133796033 i_PS1 999.3943 46.0238 20.00065784792615 0.05
OBS: 26.36703016055524 i_PS1 1061.6874 48.8925 19.93500829762519 0.05
OBS: 30.76153518731445 i_PS1 1032.6739 47.5564 19.965091961231245 0.05
OBS: 35.156040214073656 i_PS1 863.0347 39.7442 20.15992937384756 0.05
OBS: 39.55054524083286 i_PS1 618.1495 28.4668 20.52226621791749 0.05
OBS: -8.789010053518414 z_PS1 1213.6578 55.891 19.789759368747333 0.05
OBS: -4.394505026759207 z_PS1 1390.6907 64.0437 19.641923616492193 0.05
OBS: 0.0 z_PS1 1209.0973 55.681 19.793846834989104 0.05
OBS: 4.394505026759207 z_PS1 983.0294 45.2702 20.018583731310102 0.05
OBS: 8.789010053518414 z_PS1 742.7268 34.2038 20.322927294633892 0.05
OBS: 13.18351508027762 z_PS1 592.9221 27.3051 20.56750581503158 0.05
OBS: 17.578020107036828 z_PS1 538.5545 24.8014 20.67192575233117 0.05
OBS: 21.972525133796033 z_PS1 600.0977 27.6355 20.55444512756702 0.05
OBS: 26.36703016055524 z_PS1 702.4074 32.3471 20.383527322172824 0.05
OBS: 30.76153518731445 z_PS1 755.0511 34.7714 20.30505916986275 0.05
OBS: 35.156040214073656 z_PS1 696.5377 32.0767 20.392638405457042 0.05
OBS: 39.55054524083286 z_PS1 559.5769 25.7695 20.63035058548686 0.05
END: