# 499 
# SNANA-like file generated from user-provided data
# Zeropoint of the converted SNANA file: 27.5 mag
# -----------------------------------------------------------
# Data table created by: anonymous
# On date: 2023.03.14 (yyyy.mm.dd); 20.49 hrs (GMT).
# Script used: BayeSNmodel.io.write_snana_lcfile.py
# -----------------------------------------------------------
SNID: 499
MWEBV: 0
REDSHIFT_HELIO: 0.09800183229466629
REDSHIFT_CMB: 0.09800183229466629
REDSHIFT_CMB_ERR: 0.001
PEAKMJD: 0
FILTERS: g_PS1,i_PS1,r_PS1,z_PS1
# -----------------------------------------------------------
NOBS: 48
NVAR: 6
VARLIST: MJD FLT FLUXCAL FLUXCALERR MAG MAGERR
OBS: -8.78401465835733 g_PS1 1262.3418 58.133 19.74705755359057 0.05
OBS: -4.392007329178665 g_PS1 2176.6371 100.2378 19.155534919186845 0.05
OBS: 0.0 g_PS1 2534.7322 116.7287 18.99016981533676 0.05
OBS: 4.392007329178665 g_PS1 2355.2683 108.4641 19.069899049782205 0.05
OBS: 8.78401465835733 g_PS1 1856.3163 85.4865 19.328370025488258 0.05
OBS: 13.176021987535997 g_PS1 1275.5496 58.7412 19.73575662246142 0.05
OBS: 17.56802931671466 g_PS1 854.1681 39.3359 20.171141680568144 0.05
OBS: 21.960036645893325 g_PS1 554.1612 25.5201 20.640909644311723 0.05
OBS: 26.352043975071993 g_PS1 372.7214 17.1645 21.071539033097284 0.05
OBS: 30.744051304250657 g_PS1 282.8913 13.0276 21.370951191254715 0.05
OBS: 35.13605863342932 g_PS1 236.9285 10.911 21.56345674688455 0.05
OBS: 39.52806596260799 g_PS1 207.8315 9.571 21.70572168428171 0.05
OBS: -8.78401465835733 r_PS1 994.1653 45.783 20.006353446826203 0.05
OBS: -4.392007329178665 r_PS1 1772.0099 81.6041 19.37883466780432 0.05
OBS: 0.0 r_PS1 2291.5022 105.5276 19.09969929489982 0.05
OBS: 4.392007329178665 r_PS1 2274.5373 104.7463 19.10776733598903 0.05
OBS: 8.78401465835733 r_PS1 1944.4067 89.5432 19.278032206569073 0.05
OBS: 13.176021987535997 r_PS1 1548.0886 71.2921 19.525510451714275 0.05
OBS: 17.56802931671466 r_PS1 1236.6514 56.9499 19.76938177850814 0.05
OBS: 21.960036645893325 r_PS1 1029.7421 47.4214 19.96817884800926 0.05
OBS: 26.352043975071993 r_PS1 836.5793 38.5259 20.19373217392996 0.05
OBS: 30.744051304250657 r_PS1 643.4058 29.6299 20.47878749657071 0.05
OBS: 35.13605863342932 r_PS1 507.0328 23.3497 20.737409827820493 0.05
OBS: 39.52806596260799 r_PS1 442.2654 20.3671 20.885792473734853 0.05
OBS: -8.78401465835733 i_PS1 952.6855 43.8728 20.052626071753274 0.05
OBS: -4.392007329178665 i_PS1 1621.3771 74.6672 19.47528993421752 0.05
OBS: 0.0 i_PS1 1886.4552 86.8745 19.310883762257397 0.05
OBS: 4.392007329178665 i_PS1 1806.9368 83.2125 19.35764261429287 0.05
OBS: 8.78401465835733 i_PS1 1416.1118 65.2144 19.622256179442807 0.05
OBS: 13.176021987535997 i_PS1 1082.934 49.871 19.91349498670199 0.05
OBS: 17.56802931671466 i_PS1 975.0478 44.9026 20.027435250417263 0.05
OBS: 21.960036645893325 i_PS1 988.7332 45.5328 20.012302195639116 0.05
OBS: 26.352043975071993 i_PS1 955.8836 44.0201 20.048987464635445 0.05
OBS: 30.744051304250657 i_PS1 844.0456 38.8697 20.18408523146949 0.05
OBS: 35.13605863342932 i_PS1 690.2048 31.7851 20.402555013326918 0.05
OBS: 39.52806596260799 i_PS1 528.3179 24.3299 20.692761783215822 0.05
OBS: -8.78401465835733 z_PS1 793.9331 36.562 20.250540189274766 0.05
OBS: -4.392007329178665 z_PS1 1255.1169 57.8003 19.75328957411937 0.05
OBS: 0.0 z_PS1 1347.4849 62.054 19.676190223915917 0.05
OBS: 4.392007329178665 z_PS1 1158.7705 53.3634 19.840006399750713 0.05
OBS: 8.78401465835733 z_PS1 847.2012 39.0151 20.18003354983734 0.05
OBS: 13.176021987535997 z_PS1 653.0058 30.072 20.46270735521911 0.05
OBS: 17.56802931671466 z_PS1 582.9054 26.8438 20.586004857889968 0.05
OBS: 21.960036645893325 z_PS1 627.3412 28.8901 20.506240478497624 0.05
OBS: 26.352043975071993 z_PS1 687.7502 31.6721 20.406423239169037 0.05
OBS: 30.744051304250657 z_PS1 691.4795 31.8438 20.400551711678354 0.05
OBS: 35.13605863342932 z_PS1 614.4803 28.2979 20.528730012862745 0.05
OBS: 39.52806596260799 z_PS1 492.5023 22.6806 20.768979414522505 0.05
END: