# 500 
# SNANA-like file generated from user-provided data
# Zeropoint of the converted SNANA file: 27.5 mag
# -----------------------------------------------------------
# Data table created by: anonymous
# On date: 2023.03.14 (yyyy.mm.dd); 20.49 hrs (GMT).
# Script used: BayeSNmodel.io.write_snana_lcfile.py
# -----------------------------------------------------------
SNID: 500
MWEBV: 0
REDSHIFT_HELIO: 0.09333826045043414
REDSHIFT_CMB: 0.09333826045043414
REDSHIFT_CMB_ERR: 0.001
PEAKMJD: 0
FILTERS: g_PS1,i_PS1,r_PS1,z_PS1
# -----------------------------------------------------------
NOBS: 48
NVAR: 6
VARLIST: MJD FLT FLUXCAL FLUXCALERR MAG MAGERR
OBS: -8.746706083603474 g_PS1 1433.7948 66.0287 19.60878251562337 0.05
OBS: -4.373353041801737 g_PS1 2103.8472 96.8857 19.19246452033762 0.05
OBS: 0.0 g_PS1 2274.0425 104.7235 19.108003552441613 0.05
OBS: 4.373353041801737 g_PS1 2225.5164 102.4888 19.13142302116867 0.05
OBS: 8.746706083603474 g_PS1 1885.8167 86.8451 19.311251329194587 0.05
OBS: 13.120059125405211 g_PS1 1243.7639 57.2774 19.76315517068502 0.05
OBS: 17.493412167206948 g_PS1 719.8688 33.1512 20.35686657063579 0.05
OBS: 21.866765209008683 g_PS1 427.0221 19.6651 20.92387408147673 0.05
OBS: 26.240118250810422 g_PS1 313.2953 14.4278 21.260115332313287 0.05
OBS: 30.61347129261216 g_PS1 276.4929 12.733 21.395790040346437 0.05
OBS: 34.986824334413896 g_PS1 242.3776 11.1619 21.538768601155017 0.05
OBS: 39.36017737621563 g_PS1 191.1326 8.802 21.79666312371857 0.05
OBS: -8.746706083603474 r_PS1 1561.6218 71.9153 19.516060320756736 0.05
OBS: -4.373353041801737 r_PS1 2145.2976 98.7946 19.171281142917742 0.05
OBS: 0.0 r_PS1 2430.9384 111.9488 19.03556513247188 0.05
OBS: 4.373353041801737 r_PS1 2500.0211 115.1302 19.0051408359559 0.05
OBS: 8.746706083603474 r_PS1 2314.0694 106.5668 19.089059041315366 0.05
OBS: 13.120059125405211 r_PS1 1767.4681 81.3949 19.38162102156747 0.05
OBS: 17.493412167206948 r_PS1 1205.5496 55.5176 19.797037270728275 0.05
OBS: 21.866765209008683 r_PS1 901.6984 41.5247 20.112346788880885 0.05
OBS: 26.240118250810422 r_PS1 765.4781 35.2516 20.290168032964054 0.05
OBS: 30.61347129261216 r_PS1 653.1948 30.0807 20.46239316526166 0.05
OBS: 34.986824334413896 r_PS1 533.394 24.5637 20.682379697425063 0.05
OBS: 39.36017737621563 r_PS1 431.1093 19.8533 20.913531584184852 0.05
OBS: -8.746706083603474 i_PS1 1789.3513 82.4027 19.368260956836096 0.05
OBS: -4.373353041801737 i_PS1 2171.5281 100.0026 19.158086389424533 0.05
OBS: 0.0 i_PS1 2027.0274 93.3481 19.232850933189845 0.05
OBS: 4.373353041801737 i_PS1 1842.6968 84.8593 19.336365291274753 0.05
OBS: 8.746706083603474 i_PS1 1496.4549 68.9143 19.56234094989191 0.05
OBS: 13.120059125405211 i_PS1 1175.3822 54.1283 19.824552240516283 0.05
OBS: 17.493412167206948 i_PS1 1042.7743 48.0215 19.954524188763898 0.05
OBS: 21.866765209008683 i_PS1 1041.3254 47.9548 19.95603386964826 0.05
OBS: 26.240118250810422 i_PS1 1016.8017 46.8254 19.9819093291362 0.05
OBS: 30.61347129261216 i_PS1 911.0808 41.9568 20.101107739245464 0.05
OBS: 34.986824334413896 i_PS1 738.4364 34.0063 20.329217316603938 0.05
OBS: 39.36017737621563 i_PS1 544.0176 25.0529 20.66096770779795 0.05
OBS: -8.746706083603474 z_PS1 1279.4594 58.9213 19.73243369627349 0.05
OBS: -4.373353041801737 z_PS1 1482.2393 68.2596 19.572704210082307 0.05
OBS: 0.0 z_PS1 1294.1311 59.5969 19.720054335490374 0.05
OBS: 4.373353041801737 z_PS1 1041.6707 47.9707 19.9556738427584 0.05
OBS: 8.746706083603474 z_PS1 792.7215 36.5062 20.252198425776918 0.05
OBS: 13.120059125405211 z_PS1 658.7978 30.3388 20.45311968555103 0.05
OBS: 17.493412167206948 z_PS1 633.9388 29.194 20.49488161792663 0.05
OBS: 21.866765209008683 z_PS1 718.2848 33.0782 20.359258276067372 0.05
OBS: 26.240118250810422 z_PS1 799.9463 36.8389 20.24234787382121 0.05
OBS: 30.61347129261216 z_PS1 792.5927 36.5002 20.2523748256383 0.05
OBS: 34.986824334413896 z_PS1 677.1791 31.1852 20.423241148488543 0.05
OBS: 39.36017737621563 z_PS1 513.9703 23.6692 20.722654961125265 0.05
END: