# 501 
# SNANA-like file generated from user-provided data
# Zeropoint of the converted SNANA file: 27.5 mag
# -----------------------------------------------------------
# Data table created by: anonymous
# On date: 2023.03.14 (yyyy.mm.dd); 20.49 hrs (GMT).
# Script used: BayeSNmodel.io.write_snana_lcfile.py
# -----------------------------------------------------------
SNID: 501
MWEBV: 0
REDSHIFT_HELIO: 0.07855002298069101
REDSHIFT_CMB: 0.07855002298069101
REDSHIFT_CMB_ERR: 0.001
PEAKMJD: 0
FILTERS: g_PS1,i_PS1,r_PS1,z_PS1
# -----------------------------------------------------------
NOBS: 48
NVAR: 6
VARLIST: MJD FLT FLUXCAL FLUXCALERR MAG MAGERR
OBS: -8.628400183845528 g_PS1 1138.4387 52.427 19.859225914694786 0.05
OBS: -4.314200091922764 g_PS1 2123.302 97.7817 19.18247059434503 0.05
OBS: 0.0 g_PS1 2505.5688 115.3857 19.00273418646947 0.05
OBS: 4.314200091922764 g_PS1 2218.9898 102.1883 19.134611710788516 0.05
OBS: 8.628400183845528 g_PS1 1647.9106 75.8891 19.457665895023435 0.05
OBS: 12.942600275768292 g_PS1 1091.2203 50.2526 19.905218922743455 0.05
OBS: 17.256800367691056 g_PS1 717.7154 33.052 20.360119315435977 0.05
OBS: 21.57100045961382 g_PS1 462.1526 21.2829 20.83803643342242 0.05
OBS: 25.885200551536585 g_PS1 309.0578 14.2326 21.27490080987867 0.05
OBS: 30.19940064345935 g_PS1 236.8754 10.9085 21.563700276434535 0.05
OBS: 34.51360073538211 g_PS1 205.3008 9.4545 21.71902347757766 0.05
OBS: 38.82780082730488 g_PS1 190.2324 8.7605 21.80178897153488 0.05
OBS: -8.628400183845528 r_PS1 906.3758 41.7401 20.106729262934643 0.05
OBS: -4.314200091922764 r_PS1 1724.3637 79.4099 19.408427790828583 0.05
OBS: 0.0 r_PS1 2370.7931 109.1791 19.062765885071535 0.05
OBS: 4.314200091922764 r_PS1 2463.3529 113.4416 19.02118340513603 0.05
OBS: 8.628400183845528 r_PS1 2159.8229 99.4635 19.163954665864168 0.05
OBS: 12.942600275768292 r_PS1 1702.853 78.4193 19.42205709825719 0.05
OBS: 17.256800367691056 r_PS1 1312.8057 60.4569 19.704498849561354 0.05
OBS: 21.57100045961382 r_PS1 1055.9321 48.6275 19.94090999162315 0.05
OBS: 25.885200551536585 r_PS1 805.711 37.1044 20.234551733872046 0.05
OBS: 30.19940064345935 r_PS1 576.7732 26.5614 20.59748726732355 0.05
OBS: 34.51360073538211 r_PS1 435.3112 20.0468 20.903000450708383 0.05
OBS: 38.82780082730488 r_PS1 371.8325 17.1235 21.074131766034633 0.05
OBS: -8.628400183845528 i_PS1 843.9593 38.8658 20.18419623488459 0.05
OBS: -4.314200091922764 i_PS1 1557.3446 71.7184 19.519038199227523 0.05
OBS: 0.0 i_PS1 1858.4401 85.5843 19.32712857156409 0.05
OBS: 4.314200091922764 i_PS1 1748.5994 80.526 19.39327418099596 0.05
OBS: 8.628400183845528 i_PS1 1344.2957 61.9071 19.678763008584916 0.05
OBS: 12.942600275768292 i_PS1 1086.9004 50.0536 19.909525594406425 0.05
OBS: 17.256800367691056 i_PS1 1103.0407 50.7969 19.8935211614549 0.05
OBS: 21.57100045961382 i_PS1 1166.3013 53.7102 19.832973066505858 0.05
OBS: 25.885200551536585 i_PS1 986.9289 45.4498 20.014285303004485 0.05
OBS: 30.19940064345935 i_PS1 716.0685 32.9762 20.362613621503804 0.05
OBS: 34.51360073538211 i_PS1 524.8675 24.171 20.69987585290211 0.05
OBS: 38.82780082730488 i_PS1 410.9984 18.9272 20.96539968990217 0.05
OBS: -8.628400183845528 z_PS1 817.5984 37.6518 20.21864985629862 0.05
OBS: -4.314200091922764 z_PS1 1315.3541 60.5743 19.702393318486223 0.05
OBS: 0.0 z_PS1 1429.8265 65.8459 19.611791623627 0.05
OBS: 4.314200091922764 z_PS1 1192.7612 54.9287 19.80861621405257 0.05
OBS: 8.628400183845528 z_PS1 898.4997 41.3774 20.11620517501038 0.05
OBS: 12.942600275768292 z_PS1 753.7156 34.7099 20.30698117307204 0.05
OBS: 17.256800367691056 z_PS1 763.0375 35.1392 20.29363526884564 0.05
OBS: 21.57100045961382 z_PS1 838.7847 38.6275 20.190873738889394 0.05
OBS: 25.885200551536585 z_PS1 792.4464 36.4935 20.252575316520712 0.05
OBS: 30.19940064345935 z_PS1 642.9258 29.6078 20.47959792697676 0.05
OBS: 34.51360073538211 z_PS1 491.8509 22.6506 20.770416222416138 0.05
OBS: 38.82780082730488 z_PS1 381.7723 17.5813 21.045488898553216 0.05
END: