# 504 
# SNANA-like file generated from user-provided data
# Zeropoint of the converted SNANA file: 27.5 mag
# -----------------------------------------------------------
# Data table created by: anonymous
# On date: 2023.03.14 (yyyy.mm.dd); 20.49 hrs (GMT).
# Script used: BayeSNmodel.io.write_snana_lcfile.py
# -----------------------------------------------------------
SNID: 504
MWEBV: 0
REDSHIFT_HELIO: 0.0929233607521586
REDSHIFT_CMB: 0.0929233607521586
REDSHIFT_CMB_ERR: 0.001
PEAKMJD: 0
FILTERS: g_PS1,i_PS1,r_PS1,z_PS1
# -----------------------------------------------------------
NOBS: 48
NVAR: 6
VARLIST: MJD FLT FLUXCAL FLUXCALERR MAG MAGERR
OBS: -8.74338688601727 g_PS1 1202.4643 55.3755 19.799819477876365 0.05
OBS: -4.371693443008635 g_PS1 1990.3167 91.6575 19.252694531702662 0.05
OBS: 0.0 g_PS1 2253.7555 103.7893 19.117732984394596 0.05
OBS: 4.371693443008635 g_PS1 2098.8086 96.6537 19.195067937546288 0.05
OBS: 8.74338688601727 g_PS1 1670.5972 76.9338 19.442820657564926 0.05
OBS: 13.115080329025904 g_PS1 1129.8485 52.0314 19.86744950514048 0.05
OBS: 17.48677377203454 g_PS1 722.7267 33.2828 20.35256471112284 0.05
OBS: 21.858467215043174 g_PS1 448.9076 20.673 20.86960754913842 0.05
OBS: 26.23016065805181 g_PS1 300.3013 13.8294 21.306107011258238 0.05
OBS: 30.601854101060443 g_PS1 231.6631 10.6685 21.58785777618799 0.05
OBS: 34.97354754406908 g_PS1 195.3001 8.9939 21.773243676342243 0.05
OBS: 39.345240987077716 g_PS1 169.0893 7.7869 21.92970950332447 0.05
OBS: -8.74338688601727 r_PS1 1194.6981 55.0179 19.806854542361805 0.05
OBS: -4.371693443008635 r_PS1 1957.2626 90.1353 19.27087723469993 0.05
OBS: 0.0 r_PS1 2441.6805 112.4435 19.030777894975273 0.05
OBS: 4.371693443008635 r_PS1 2480.839 114.2469 19.01350352728526 0.05
OBS: 8.74338688601727 r_PS1 2197.6034 101.2034 19.145126712156447 0.05
OBS: 13.115080329025904 r_PS1 1720.0964 79.2134 19.411118037316122 0.05
OBS: 17.48677377203454 r_PS1 1282.5547 59.0638 19.729810288092985 0.05
OBS: 21.858467215043174 r_PS1 1004.0555 46.2385 19.995605659108023 0.05
OBS: 26.23016065805181 r_PS1 792.7607 36.508 20.252144656283342 0.05
OBS: 30.601854101060443 r_PS1 600.1649 27.6386 20.554323445034882 0.05
OBS: 34.97354754406908 r_PS1 461.7314 21.2635 20.839026574816202 0.05
OBS: 39.345240987077716 r_PS1 385.6681 17.7607 21.034465834890263 0.05
OBS: -8.74338688601727 i_PS1 1298.4351 59.7951 19.71644938613352 0.05
OBS: -4.371693443008635 i_PS1 1748.3073 80.5125 19.39345554528635 0.05
OBS: 0.0 i_PS1 1782.8921 82.1052 19.372187351582596 0.05
OBS: 4.371693443008635 i_PS1 1703.7753 78.4618 19.421469192610168 0.05
OBS: 8.74338688601727 i_PS1 1436.2202 66.1404 19.606947455530005 0.05
OBS: 13.115080329025904 i_PS1 1190.918 54.8438 19.81029533016953 0.05
OBS: 17.48677377203454 i_PS1 1120.9328 51.6209 19.876051076827693 0.05
OBS: 21.858467215043174 i_PS1 1130.391 52.0564 19.866928266604376 0.05
OBS: 26.23016065805181 i_PS1 1028.4045 47.3598 19.969590039070248 0.05
OBS: 30.601854101060443 i_PS1 838.2308 38.602 20.191590961795107 0.05
OBS: 34.97354754406908 i_PS1 648.7457 29.8758 20.469813787238408 0.05
OBS: 39.345240987077716 i_PS1 488.9 22.5147 20.776949849405014 0.05
OBS: -8.74338688601727 z_PS1 1079.6902 49.7216 19.916752139673505 0.05
OBS: -4.371693443008635 z_PS1 1252.7122 57.6895 19.755371723990173 0.05
OBS: 0.0 z_PS1 1125.261 51.8202 19.87186680661965 0.05
OBS: 4.371693443008635 z_PS1 963.2263 44.3582 20.040679123539938 0.05
OBS: 8.74338688601727 z_PS1 793.3456 36.5349 20.25134398707602 0.05
OBS: 13.115080329025904 z_PS1 699.6235 32.2189 20.38783907923643 0.05
OBS: 17.48677377203454 z_PS1 685.9373 31.5886 20.40928897449527 0.05
OBS: 21.858467215043174 z_PS1 753.0112 34.6774 20.30799640418026 0.05
OBS: 26.23016065805181 z_PS1 774.2395 35.655 20.277811657075297 0.05
OBS: 30.601854101060443 z_PS1 705.4997 32.4895 20.378757974461756 0.05
OBS: 34.97354754406908 z_PS1 582.9651 26.8465 20.58589367822455 0.05
OBS: 39.345240987077716 z_PS1 455.5749 20.98 20.853600433060357 0.05
END: