# 513 
# SNANA-like file generated from user-provided data
# Zeropoint of the converted SNANA file: 27.5 mag
# -----------------------------------------------------------
# Data table created by: anonymous
# On date: 2023.03.14 (yyyy.mm.dd); 20.49 hrs (GMT).
# Script used: BayeSNmodel.io.write_snana_lcfile.py
# -----------------------------------------------------------
SNID: 513
MWEBV: 0
REDSHIFT_HELIO: 0.09283349861766423
REDSHIFT_CMB: 0.09283349861766423
REDSHIFT_CMB_ERR: 0.001
PEAKMJD: 0
FILTERS: g_PS1,i_PS1,r_PS1,z_PS1
# -----------------------------------------------------------
NOBS: 48
NVAR: 6
VARLIST: MJD FLT FLUXCAL FLUXCALERR MAG MAGERR
OBS: -8.742667988941314 g_PS1 1403.1941 64.6195 19.632205655712223 0.05
OBS: -4.371333994470657 g_PS1 2379.3074 109.5712 19.058873600876222 0.05
OBS: 0.0 g_PS1 2602.1555 119.8337 18.961666885670017 0.05
OBS: 4.371333994470657 g_PS1 2167.4582 99.8151 19.16012316399296 0.05
OBS: 8.742667988941314 g_PS1 1559.8647 71.8344 19.517282650005367 0.05
OBS: 13.11400198341197 g_PS1 1063.5552 48.9785 19.933099914401122 0.05
OBS: 17.485335977882627 g_PS1 756.4088 34.8339 20.30310853414711 0.05
OBS: 21.856669972353284 g_PS1 517.2866 23.8219 20.715671891525947 0.05
OBS: 26.22800396682394 g_PS1 346.8258 15.9719 21.149721416684674 0.05
OBS: 30.599337961294598 g_PS1 255.6644 11.7738 21.480824395574903 0.05
OBS: 34.970671955765255 g_PS1 212.3666 9.7798 21.682284613954746 0.05
OBS: 39.342005950235915 g_PS1 191.2557 8.8076 21.79596415307123 0.05
OBS: -8.742667988941314 r_PS1 1294.454 59.6118 19.719783483393456 0.05
OBS: -4.371333994470657 r_PS1 1988.2588 91.5627 19.253817706114 0.05
OBS: 0.0 r_PS1 2311.6872 106.4571 19.090177340247834 0.05
OBS: 4.371333994470657 r_PS1 2186.5709 100.6953 19.15059109811382 0.05
OBS: 8.742667988941314 r_PS1 1847.5757 85.084 19.33349441749678 0.05
OBS: 13.11400198341197 r_PS1 1461.0972 67.286 19.588302193982813 0.05
OBS: 17.485335977882627 r_PS1 1151.9924 53.0512 19.84637598082592 0.05
OBS: 21.856669972353284 r_PS1 943.9353 43.4698 20.06264446560185 0.05
OBS: 26.22800396682394 r_PS1 747.4524 34.4215 20.31604108171313 0.05
OBS: 30.599337961294598 r_PS1 560.514 25.8126 20.628533759496854 0.05
OBS: 34.970671955765255 r_PS1 437.9185 20.1669 20.896516810216752 0.05
OBS: 39.342005950235915 r_PS1 384.7835 17.7199 21.036958922414918 0.05
OBS: -8.742667988941314 i_PS1 1196.3256 55.0928 19.80537652509716 0.05
OBS: -4.371333994470657 i_PS1 1722.5625 79.3269 19.409562505119425 0.05
OBS: 0.0 i_PS1 1757.2769 80.9256 19.38789951126131 0.05
OBS: 4.371333994470657 i_PS1 1568.9988 72.2551 19.51094344456368 0.05
OBS: 8.742667988941314 i_PS1 1219.2522 56.1486 19.784766174718968 0.05
OBS: 13.11400198341197 i_PS1 984.3143 45.3293 20.017165560498277 0.05
OBS: 17.485335977882627 i_PS1 957.2995 44.0853 20.047380371446778 0.05
OBS: 21.856669972353284 i_PS1 993.5505 45.7547 20.007025100745913 0.05
OBS: 26.22800396682394 i_PS1 883.6276 40.6926 20.134326869537702 0.05
OBS: 30.599337961294598 i_PS1 692.9456 31.9113 20.398252164457872 0.05
OBS: 34.970671955765255 i_PS1 537.0441 24.7318 20.674975169765965 0.05
OBS: 39.342005950235915 i_PS1 428.4129 19.7291 20.920343643376988 0.05
OBS: -8.742667988941314 z_PS1 886.5648 40.8278 20.13072379672623 0.05
OBS: -4.371333994470657 z_PS1 1237.5325 56.9905 19.768608500002763 0.05
OBS: 0.0 z_PS1 1192.5878 54.9207 19.80877413558219 0.05
OBS: 4.371333994470657 z_PS1 941.0374 43.3364 20.065982834920753 0.05
OBS: 8.742667988941314 z_PS1 677.6624 31.2075 20.42246655997632 0.05
OBS: 13.11400198341197 z_PS1 567.5995 26.1389 20.614894926279007 0.05
OBS: 17.485335977882627 z_PS1 583.4852 26.8705 20.584925364463025 0.05
OBS: 21.856669972353284 z_PS1 668.9114 30.8045 20.436578504213223 0.05
OBS: 26.22800396682394 z_PS1 662.1672 30.4939 20.44758077217469 0.05
OBS: 30.599337961294598 z_PS1 561.329 25.8502 20.626956368623716 0.05
OBS: 34.970671955765255 z_PS1 450.7678 20.7586 20.86511789478191 0.05
OBS: 39.342005950235915 z_PS1 365.8469 16.8479 21.091751429893613 0.05
END: