# 515 
# SNANA-like file generated from user-provided data
# Zeropoint of the converted SNANA file: 27.5 mag
# -----------------------------------------------------------
# Data table created by: anonymous
# On date: 2023.03.14 (yyyy.mm.dd); 20.49 hrs (GMT).
# Script used: BayeSNmodel.io.write_snana_lcfile.py
# -----------------------------------------------------------
SNID: 515
MWEBV: 0
REDSHIFT_HELIO: 0.09815526768394386
REDSHIFT_CMB: 0.09815526768394386
REDSHIFT_CMB_ERR: 0.001
PEAKMJD: 0
FILTERS: g_PS1,i_PS1,r_PS1,z_PS1
# -----------------------------------------------------------
NOBS: 48
NVAR: 6
VARLIST: MJD FLT FLUXCAL FLUXCALERR MAG MAGERR
OBS: -8.785242141471551 g_PS1 1072.4009 49.3859 19.92410703402022 0.05
OBS: -4.392621070735776 g_PS1 1763.3841 81.2068 19.384132728693285 0.05
OBS: 0.0 g_PS1 1940.0148 89.341 19.280487366409627 0.05
OBS: 4.392621070735776 g_PS1 1698.9594 78.24 19.424542468545265 0.05
OBS: 8.785242141471551 g_PS1 1272.4134 58.5968 19.738429442116253 0.05
OBS: 13.177863212207328 g_PS1 828.6015 38.1585 20.204135744842684 0.05
OBS: 17.570484282943102 g_PS1 530.6908 24.4392 20.68789607417084 0.05
OBS: 21.963105353678877 g_PS1 348.563 16.0519 21.144296846696232 0.05
OBS: 26.355726424414655 g_PS1 259.155 11.9345 21.466101151920856 0.05
OBS: 30.74834749515043 g_PS1 220.2091 10.141 21.64291161649263 0.05
OBS: 35.140968565886205 g_PS1 188.803 8.6947 21.809977746300437 0.05
OBS: 39.53358963662198 g_PS1 151.1565 6.961 22.051432992146967 0.05
OBS: -8.785242141471551 r_PS1 876.3722 40.3584 20.14327848574917 0.05
OBS: -4.392621070735776 r_PS1 1470.4912 67.7186 19.581343950118857 0.05
OBS: 0.0 r_PS1 1854.0362 85.3815 19.32970449908877 0.05
OBS: 4.392621070735776 r_PS1 1872.7597 86.2438 19.318794837176334 0.05
OBS: 8.785242141471551 r_PS1 1633.4957 75.2253 19.467205040237893 0.05
OBS: 13.177863212207328 r_PS1 1260.6937 58.0571 19.74847607073977 0.05
OBS: 17.570484282943102 r_PS1 938.8277 43.2346 20.068535303449544 0.05
OBS: 21.963105353678877 r_PS1 745.1435 34.3151 20.319400274578335 0.05
OBS: 26.355726424414655 r_PS1 602.3154 27.7376 20.55044011949777 0.05
OBS: 30.74834749515043 r_PS1 471.1464 21.6971 20.817110395339895 0.05
OBS: 35.140968565886205 r_PS1 371.7355 17.1191 21.074414902066387 0.05
OBS: 39.53358963662198 r_PS1 313.3127 14.4286 21.260055087138106 0.05
OBS: -8.785242141471551 i_PS1 886.1939 40.8107 20.131178118060262 0.05
OBS: -4.392621070735776 i_PS1 1461.5937 67.3089 19.587933332098828 0.05
OBS: 0.0 i_PS1 1620.1279 74.6096 19.476126772924566 0.05
OBS: 4.392621070735776 i_PS1 1453.4464 66.9337 19.59400246152547 0.05
OBS: 8.785242141471551 i_PS1 1100.5654 50.6829 19.895960349423675 0.05
OBS: 13.177863212207328 i_PS1 893.5319 41.1487 20.122224839764712 0.05
OBS: 17.570484282943102 i_PS1 894.6033 41.198 20.120923726319923 0.05
OBS: 21.963105353678877 i_PS1 925.3402 42.6135 20.08424641201779 0.05
OBS: 26.355726424414655 i_PS1 763.6872 35.1691 20.29271126458137 0.05
OBS: 30.74834749515043 i_PS1 546.1846 25.1527 20.656651305916988 0.05
OBS: 35.140968565886205 i_PS1 411.3487 18.9433 20.96447476428031 0.05
OBS: 39.53358963662198 i_PS1 346.4914 15.9565 21.1507688194432 0.05
OBS: -8.785242141471551 z_PS1 713.1784 32.8431 20.367004573639093 0.05
OBS: -4.392621070735776 z_PS1 1050.4029 48.3728 19.946610241904573 0.05
OBS: 0.0 z_PS1 1049.0474 48.3104 19.948012225210007 0.05
OBS: 4.392621070735776 z_PS1 846.7817 38.9957 20.18057131986061 0.05
OBS: 8.785242141471551 z_PS1 611.3403 28.1533 20.5342924114803 0.05
OBS: 13.177863212207328 z_PS1 515.9944 23.7624 20.718387462787057 0.05
OBS: 17.570484282943102 z_PS1 536.5748 24.7102 20.675924227035637 0.05
OBS: 21.963105353678877 z_PS1 618.0788 28.4636 20.522390420743577 0.05
OBS: 26.355726424414655 z_PS1 599.7707 27.6205 20.555036959758944 0.05
OBS: 30.74834749515043 z_PS1 491.8301 22.6496 20.770462303041377 0.05
OBS: 35.140968565886205 z_PS1 388.0449 17.8701 21.02779514163656 0.05
OBS: 39.53358963662198 z_PS1 317.2311 14.609 21.24656047313895 0.05
END: