# 522 
# SNANA-like file generated from user-provided data
# Zeropoint of the converted SNANA file: 27.5 mag
# -----------------------------------------------------------
# Data table created by: anonymous
# On date: 2023.03.14 (yyyy.mm.dd); 20.49 hrs (GMT).
# Script used: BayeSNmodel.io.write_snana_lcfile.py
# -----------------------------------------------------------
SNID: 522
MWEBV: 0
REDSHIFT_HELIO: 0.0999441007939197
REDSHIFT_CMB: 0.0999441007939197
REDSHIFT_CMB_ERR: 0.001
PEAKMJD: 0
FILTERS: g_PS1,i_PS1,r_PS1,z_PS1
# -----------------------------------------------------------
NOBS: 48
NVAR: 6
VARLIST: MJD FLT FLUXCAL FLUXCALERR MAG MAGERR
OBS: -8.799552806351358 g_PS1 1498.4256 69.005 19.56091204320572 0.05
OBS: -4.399776403175679 g_PS1 2171.7653 100.0135 19.15796779196504 0.05
OBS: 0.0 g_PS1 2320.1298 106.8459 19.086219316781293 0.05
OBS: 4.399776403175679 g_PS1 2232.3815 102.805 19.12807897021813 0.05
OBS: 8.799552806351358 g_PS1 1914.2433 88.1542 19.29500714627834 0.05
OBS: 13.199329209527036 g_PS1 1359.931 62.6271 19.66620785177668 0.05
OBS: 17.599105612702715 g_PS1 883.0042 40.6638 20.135093073338187 0.05
OBS: 21.998882015878394 g_PS1 561.0215 25.836 20.62755127723899 0.05
OBS: 26.398658419054073 g_PS1 393.0835 18.1022 21.013788064926228 0.05
OBS: 30.79843482222975 g_PS1 316.0038 14.5525 21.250769195641585 0.05
OBS: 35.19821122540543 g_PS1 266.3316 12.265 21.43644306475976 0.05
OBS: 39.59798762858111 g_PS1 219.5245 10.1095 21.646292515172124 0.05
OBS: -8.799552806351358 r_PS1 1155.2299 53.2003 19.843328921869706 0.05
OBS: -4.399776403175679 r_PS1 1752.2836 80.6956 19.390988985460204 0.05
OBS: 0.0 r_PS1 2121.5416 97.7006 19.183371117229413 0.05
OBS: 4.399776403175679 r_PS1 2235.0735 102.9289 19.12677048376662 0.05
OBS: 8.799552806351358 r_PS1 2095.6057 96.5062 19.196726066266308 0.05
OBS: 13.199329209527036 r_PS1 1681.6076 77.4409 19.435688345603523 0.05
OBS: 17.599105612702715 r_PS1 1236.2129 56.9297 19.769766824655015 0.05
OBS: 21.998882015878394 r_PS1 961.7641 44.2909 20.042328636576194 0.05
OBS: 26.398658419054073 r_PS1 807.4432 37.1841 20.232220035535207 0.05
OBS: 30.79843482222975 r_PS1 671.2627 30.9128 20.432768667601565 0.05
OBS: 35.19821122540543 r_PS1 542.3609 24.9766 20.664279018221727 0.05
OBS: 39.59798762858111 r_PS1 446.9489 20.5828 20.87435525239944 0.05
OBS: -8.799552806351358 i_PS1 1034.5664 47.6435 19.96310412304787 0.05
OBS: -4.399776403175679 i_PS1 1659.3437 76.4156 19.450159093801695 0.05
OBS: 0.0 i_PS1 1877.4122 86.458 19.316100887240225 0.05
OBS: 4.399776403175679 i_PS1 1821.3753 83.8774 19.34900141636659 0.05
OBS: 8.799552806351358 i_PS1 1457.66 67.1277 19.590859445077257 0.05
OBS: 13.199329209527036 i_PS1 1104.5498 50.8664 19.892036778346437 0.05
OBS: 17.599105612702715 i_PS1 946.1114 43.57 20.06014429503704 0.05
OBS: 21.998882015878394 i_PS1 920.0726 42.3709 20.09044480045896 0.05
OBS: 26.398658419054073 i_PS1 884.9462 40.7533 20.13270777807147 0.05
OBS: 30.79843482222975 i_PS1 792.3633 36.4897 20.25268910756097 0.05
OBS: 35.19821122540543 i_PS1 655.145 30.1705 20.45915642785019 0.05
OBS: 39.59798762858111 i_PS1 503.0914 23.1682 20.74588268618308 0.05
OBS: -8.799552806351358 z_PS1 870.1822 40.0734 20.150974475998005 0.05
OBS: -4.399776403175679 z_PS1 1185.1557 54.5784 19.815561496407753 0.05
OBS: 0.0 z_PS1 1165.9648 53.6947 19.833286438261062 0.05
OBS: 4.399776403175679 z_PS1 1007.2803 46.387 19.99212414144688 0.05
OBS: 8.799552806351358 z_PS1 773.4277 35.6177 20.27895067691785 0.05
OBS: 13.199329209527036 z_PS1 624.3885 28.7542 20.511362840610538 0.05
OBS: 17.599105612702715 z_PS1 569.1613 26.2108 20.61191152863097 0.05
OBS: 21.998882015878394 z_PS1 610.3383 28.1071 20.536073487969034 0.05
OBS: 26.398658419054073 z_PS1 649.8949 29.9288 20.467892233475375 0.05
OBS: 30.79843482222975 z_PS1 632.9864 29.1501 20.496514101020708 0.05
OBS: 35.19821122540543 z_PS1 563.7383 25.9611 20.622306200519738 0.05
OBS: 39.59798762858111 z_PS1 472.5281 21.7607 20.813931009157123 0.05
END: