# 524 
# SNANA-like file generated from user-provided data
# Zeropoint of the converted SNANA file: 27.5 mag
# -----------------------------------------------------------
# Data table created by: anonymous
# On date: 2023.03.14 (yyyy.mm.dd); 20.49 hrs (GMT).
# Script used: BayeSNmodel.io.write_snana_lcfile.py
# -----------------------------------------------------------
SNID: 524
MWEBV: 0
REDSHIFT_HELIO: 0.0971702941751924
REDSHIFT_CMB: 0.0971702941751924
REDSHIFT_CMB_ERR: 0.001
PEAKMJD: 0
FILTERS: g_PS1,i_PS1,r_PS1,z_PS1
# -----------------------------------------------------------
NOBS: 48
NVAR: 6
VARLIST: MJD FLT FLUXCAL FLUXCALERR MAG MAGERR
OBS: -8.77736235340154 g_PS1 1337.3046 61.5852 19.684424154036964 0.05
OBS: -4.38868117670077 g_PS1 2090.3731 96.2652 19.19944048355678 0.05
OBS: 0.0 g_PS1 2225.0698 102.4683 19.13164090417335 0.05
OBS: 4.38868117670077 g_PS1 1930.4804 88.9019 19.285836489686528 0.05
OBS: 8.77736235340154 g_PS1 1455.1576 67.0125 19.592724933699312 0.05
OBS: 13.166043530102309 g_PS1 962.8539 44.3411 20.041099043156866 0.05
OBS: 17.55472470680308 g_PS1 628.969 28.9651 20.50342691818435 0.05
OBS: 21.94340588350385 g_PS1 422.6191 19.4623 20.935127180092852 0.05
OBS: 26.332087060204618 g_PS1 321.7276 14.8161 21.231279114459223 0.05
OBS: 30.720768236905386 g_PS1 278.9419 12.8457 21.38621556687576 0.05
OBS: 35.10944941360616 g_PS1 241.8206 11.1362 21.541266984833353 0.05
OBS: 39.49813059030693 g_PS1 193.9305 8.9308 21.78088463066622 0.05
OBS: -8.77736235340154 r_PS1 1191.6122 54.8758 19.80966262637815 0.05
OBS: -4.38868117670077 r_PS1 1866.9592 85.9766 19.3221629167461 0.05
OBS: 0.0 r_PS1 2234.3662 102.8964 19.127114119699705 0.05
OBS: 4.38868117670077 r_PS1 2188.7031 100.7935 19.149532866097523 0.05
OBS: 8.77736235340154 r_PS1 1881.4321 86.6431 19.313778642370245 0.05
OBS: 13.166043530102309 r_PS1 1441.0271 66.3618 19.60331961757398 0.05
OBS: 17.55472470680308 r_PS1 1067.9578 49.1813 19.928614758949884 0.05
OBS: 21.94340588350385 r_PS1 850.3316 39.1592 20.176029235877706 0.05
OBS: 26.332087060204618 r_PS1 702.5036 32.3515 20.38337866682489 0.05
OBS: 30.720768236905386 r_PS1 568.8753 26.1977 20.61245724067352 0.05
OBS: 35.10944941360616 r_PS1 464.8561 21.4074 20.831703624889933 0.05
OBS: 39.49813059030693 r_PS1 404.4593 18.626 20.982812950096452 0.05
OBS: -8.77736235340154 i_PS1 1177.8493 54.242 19.82227564150223 0.05
OBS: -4.38868117670077 i_PS1 1872.7032 86.2412 19.318827632677767 0.05
OBS: 0.0 i_PS1 2022.7957 93.1532 19.23511993245205 0.05
OBS: 4.38868117670077 i_PS1 1795.1822 82.6712 19.364728695124597 0.05
OBS: 8.77736235340154 i_PS1 1344.8797 61.934 19.67829138333859 0.05
OBS: 13.166043530102309 i_PS1 1060.0039 48.815 19.93673135141995 0.05
OBS: 17.55472470680308 i_PS1 1018.0085 46.881 19.980621437784073 0.05
OBS: 21.94340588350385 i_PS1 1023.04 47.1127 19.975268480615554 0.05
OBS: 26.332087060204618 i_PS1 847.75 39.0403 20.179330450284723 0.05
OBS: 30.720768236905386 i_PS1 625.8269 28.8204 20.50886445155377 0.05
OBS: 35.10944941360616 i_PS1 494.34 22.7652 20.764935685069304 0.05
OBS: 39.49813059030693 i_PS1 440.4024 20.2813 20.89037589194062 0.05
OBS: -8.77736235340154 z_PS1 902.7492 41.5731 20.111082251505103 0.05
OBS: -4.38868117670077 z_PS1 1225.7162 56.4463 19.779025176601863 0.05
OBS: 0.0 z_PS1 1172.9361 54.0157 19.826814111717546 0.05
OBS: 4.38868117670077 z_PS1 957.8095 44.1088 20.046802185870497 0.05
OBS: 8.77736235340154 z_PS1 716.8624 33.0127 20.361410429143795 0.05
OBS: 13.166043530102309 z_PS1 617.2991 28.4277 20.523760963613988 0.05
OBS: 17.55472470680308 z_PS1 635.4407 29.2631 20.492312459666906 0.05
OBS: 21.94340588350385 z_PS1 712.6 32.8164 20.367885469460496 0.05
OBS: 26.332087060204618 z_PS1 674.4423 31.0592 20.427638048237064 0.05
OBS: 30.720768236905386 z_PS1 551.2126 25.3843 20.646702220094312 0.05
OBS: 35.10944941360616 z_PS1 450.9314 20.7662 20.864723837321186 0.05
OBS: 39.49813059030693 z_PS1 397.3815 18.3001 21.00198097694176 0.05
END: