# 525 
# SNANA-like file generated from user-provided data
# Zeropoint of the converted SNANA file: 27.5 mag
# -----------------------------------------------------------
# Data table created by: anonymous
# On date: 2023.03.14 (yyyy.mm.dd); 20.49 hrs (GMT).
# Script used: BayeSNmodel.io.write_snana_lcfile.py
# -----------------------------------------------------------
SNID: 525
MWEBV: 0
REDSHIFT_HELIO: 0.09309550110810567
REDSHIFT_CMB: 0.09309550110810567
REDSHIFT_CMB_ERR: 0.001
PEAKMJD: 0
FILTERS: g_PS1,i_PS1,r_PS1,z_PS1
# -----------------------------------------------------------
NOBS: 48
NVAR: 6
VARLIST: MJD FLT FLUXCAL FLUXCALERR MAG MAGERR
OBS: -8.744764008864845 g_PS1 1263.6324 58.1924 19.745948082691886 0.05
OBS: -4.372382004432422 g_PS1 1976.9844 91.0435 19.259991872097157 0.05
OBS: 0.0 g_PS1 2106.185 96.9934 19.19125870221841 0.05
OBS: 4.372382004432422 g_PS1 1839.1184 84.6945 19.338475766180093 0.05
OBS: 8.744764008864845 g_PS1 1393.5955 64.1774 19.639658146547628 0.05
OBS: 13.117146013297267 g_PS1 951.7093 43.8278 20.053739191152918 0.05
OBS: 17.48952801772969 g_PS1 656.706 30.2424 20.45657257399593 0.05
OBS: 21.861910022162114 g_PS1 450.4168 20.7425 20.865963604505954 0.05
OBS: 26.234292026594535 g_PS1 322.1439 14.8353 21.22987513044279 0.05
OBS: 30.606674031026955 g_PS1 253.7772 11.6869 21.48886832778793 0.05
OBS: 34.97905603545938 g_PS1 206.4995 9.5097 21.712702540857475 0.05
OBS: 39.351438039891804 g_PS1 164.5825 7.5793 21.959040894548618 0.05
OBS: -8.744764008864845 r_PS1 1097.6787 50.55 19.898811887795432 0.05
OBS: -4.372382004432422 r_PS1 1729.3559 79.6398 19.405289079469426 0.05
OBS: 0.0 r_PS1 2059.9614 94.8647 19.21535229169809 0.05
OBS: 4.372382004432422 r_PS1 1993.6319 91.8101 19.250887565131144 0.05
OBS: 8.744764008864845 r_PS1 1707.1645 78.6178 19.419311552753776 0.05
OBS: 13.117146013297267 r_PS1 1348.8222 62.1156 19.67511321552511 0.05
OBS: 17.48952801772969 r_PS1 1061.6261 48.8897 19.935071015674275 0.05
OBS: 21.861910022162114 r_PS1 894.4008 41.1887 20.12116953853657 0.05
OBS: 26.234292026594535 r_PS1 769.9808 35.4589 20.283800220783988 0.05
OBS: 30.606674031026955 r_PS1 627.6886 28.9061 20.505639460116853 0.05
OBS: 34.97905603545938 r_PS1 491.9481 22.655 20.770201849348375 0.05
OBS: 39.351438039891804 r_PS1 394.1534 18.1514 21.010836674038238 0.05
OBS: -8.744764008864845 i_PS1 1035.9103 47.7054 19.96169467390635 0.05
OBS: -4.372382004432422 i_PS1 1550.3838 71.3978 19.52390195107914 0.05
OBS: 0.0 i_PS1 1605.4251 73.9326 19.486024904363703 0.05
OBS: 4.372382004432422 i_PS1 1414.968 65.1617 19.62313345567285 0.05
OBS: 8.744764008864845 i_PS1 1060.4827 48.837 19.936241052597808 0.05
OBS: 13.117146013297267 i_PS1 818.7047 37.7027 20.217181823491757 0.05
OBS: 17.48952801772969 i_PS1 771.5992 35.5335 20.28152054178834 0.05
OBS: 21.861910022162114 i_PS1 833.6256 38.3899 20.197572330144233 0.05
OBS: 26.234292026594535 i_PS1 846.6835 38.9912 20.180697225552535 0.05
OBS: 30.606674031026955 i_PS1 767.153 35.3287 20.287794988113973 0.05
OBS: 34.97905603545938 i_PS1 628.1436 28.9271 20.504852700135885 0.05
OBS: 39.351438039891804 i_PS1 473.6533 21.8125 20.81134856403591 0.05
OBS: -8.744764008864845 z_PS1 1054.6818 48.5699 19.942196388515953 0.05
OBS: -4.372382004432422 z_PS1 1314.7192 60.5451 19.702917477881698 0.05
OBS: 0.0 z_PS1 1156.0052 53.236 19.84260057050215 0.05
OBS: 4.372382004432422 z_PS1 856.8404 39.459 20.167750124157124 0.05
OBS: 8.744764008864845 z_PS1 588.1435 27.085 20.576291822492315 0.05
OBS: 13.117146013297267 z_PS1 467.0655 21.5092 20.826555573215238 0.05
OBS: 17.48952801772969 z_PS1 464.1813 21.3763 20.833280923132477 0.05
OBS: 21.861910022162114 z_PS1 552.5029 25.4437 20.644163666691597 0.05
OBS: 26.234292026594535 z_PS1 625.0215 28.7833 20.51026263190777 0.05
OBS: 30.606674031026955 z_PS1 616.9346 28.4109 20.524402254627738 0.05
OBS: 34.97905603545938 z_PS1 536.0361 24.6854 20.677014849855567 0.05
OBS: 39.351438039891804 z_PS1 428.4796 19.7322 20.920174638929772 0.05
END: