# 528 
# SNANA-like file generated from user-provided data
# Zeropoint of the converted SNANA file: 27.5 mag
# -----------------------------------------------------------
# Data table created by: anonymous
# On date: 2023.03.14 (yyyy.mm.dd); 20.49 hrs (GMT).
# Script used: BayeSNmodel.io.write_snana_lcfile.py
# -----------------------------------------------------------
SNID: 528
MWEBV: 0
REDSHIFT_HELIO: 0.08332205721644687
REDSHIFT_CMB: 0.08332205721644687
REDSHIFT_CMB_ERR: 0.001
PEAKMJD: 0
FILTERS: g_PS1,i_PS1,r_PS1,z_PS1
# -----------------------------------------------------------
NOBS: 48
NVAR: 6
VARLIST: MJD FLT FLUXCAL FLUXCALERR MAG MAGERR
OBS: -8.666576457731574 g_PS1 2206.52 101.614 19.140730315586726 0.05
OBS: -4.333288228865787 g_PS1 3437.6478 158.3095 18.65934656100139 0.05
OBS: 0.0 g_PS1 3596.8879 165.6428 18.61018275484214 0.05
OBS: 4.333288228865787 g_PS1 3038.0725 139.9084 18.793504676863865 0.05
OBS: 8.666576457731574 g_PS1 2228.7833 102.6393 19.129830369426895 0.05
OBS: 12.999864686597363 g_PS1 1513.0631 69.6791 19.550357388267162 0.05
OBS: 17.33315291546315 g_PS1 1056.0657 48.6336 19.94077265856055 0.05
OBS: 21.666441144328935 g_PS1 732.1031 33.7146 20.338569384771358 0.05
OBS: 25.999729373194725 g_PS1 523.1887 24.0937 20.703354080230557 0.05
OBS: 30.33301760206051 g_PS1 412.2867 18.9865 20.962001649733406 0.05
OBS: 34.6663058309263 g_PS1 342.3876 15.7675 21.163704949177106 0.05
OBS: 38.99959405979209 g_PS1 285.088 13.1288 21.36255275850824 0.05
OBS: -8.666576457731574 r_PS1 2188.4863 100.7835 19.14964043972811 0.05
OBS: -4.333288228865787 r_PS1 3079.7955 141.8298 18.778695282950665 0.05
OBS: 0.0 r_PS1 3349.6547 154.2573 18.687499894899695 0.05
OBS: 4.333288228865787 r_PS1 3048.4351 140.3856 18.78980762309348 0.05
OBS: 8.666576457731574 r_PS1 2533.0475 116.6512 18.990891645282453 0.05
OBS: 12.999864686597363 r_PS1 2002.5296 92.2199 19.246052650631157 0.05
OBS: 17.33315291546315 r_PS1 1610.0668 74.1463 19.482890245149044 0.05
OBS: 21.666441144328935 r_PS1 1392.6802 64.1353 19.640371462981243 0.05
OBS: 25.999729373194725 r_PS1 1203.377 55.4176 19.79899574591294 0.05
OBS: 30.33301760206051 r_PS1 967.282 44.545 20.036117189818157 0.05
OBS: 34.6663058309263 r_PS1 748.3474 34.4627 20.314741795165183 0.05
OBS: 38.99959405979209 r_PS1 594.5074 27.3781 20.564606878741664 0.05
OBS: -8.666576457731574 i_PS1 1892.6348 87.1591 19.307332967390224 0.05
OBS: -4.333288228865787 i_PS1 2392.1644 110.1632 19.053022429948967 0.05
OBS: 0.0 i_PS1 2209.8939 101.7694 19.13907143238565 0.05
OBS: 4.333288228865787 i_PS1 1903.4328 87.6563 19.301156115794164 0.05
OBS: 8.666576457731574 i_PS1 1497.776 68.9751 19.561382854679863 0.05
OBS: 12.999864686597363 i_PS1 1272.1696 58.5856 19.738637444941176 0.05
OBS: 17.33315291546315 i_PS1 1345.9147 61.9817 19.67745613078332 0.05
OBS: 21.666441144328935 i_PS1 1525.2889 70.2422 19.541619706552964 0.05
OBS: 25.999729373194725 i_PS1 1436.711 66.163 19.606576422775554 0.05
OBS: 30.33301760206051 i_PS1 1145.0411 52.7311 19.852947282552755 0.05
OBS: 34.6663058309263 i_PS1 856.072 39.4236 20.168724321066115 0.05
OBS: 38.99959405979209 i_PS1 629.8252 29.0045 20.501949834280254 0.05
OBS: -8.666576457731574 z_PS1 1362.1348 62.7286 19.664449754349164 0.05
OBS: -4.333288228865787 z_PS1 1769.5897 81.4926 19.380318544087217 0.05
OBS: 0.0 z_PS1 1664.4541 76.6509 19.44682047229154 0.05
OBS: 4.333288228865787 z_PS1 1334.9454 61.4765 19.68634125781049 0.05
OBS: 8.666576457731574 z_PS1 1021.6106 47.0469 19.976786492959434 0.05
OBS: 12.999864686597363 z_PS1 880.7646 40.5607 20.137850339750777 0.05
OBS: 17.33315291546315 z_PS1 915.7519 42.1719 20.09555547926609 0.05
OBS: 21.666441144328935 z_PS1 1055.6999 48.6168 19.94114880520531 0.05
OBS: 25.999729373194725 z_PS1 1055.6594 48.6149 19.94119046818036 0.05
OBS: 30.33301760206051 z_PS1 893.9803 41.1693 20.121680132724492 0.05
OBS: 34.6663058309263 z_PS1 703.6511 32.4043 20.381606505968087 0.05
OBS: 38.99959405979209 z_PS1 554.1373 25.519 20.640956453914605 0.05
END: