# 53 
# SNANA-like file generated from user-provided data
# Zeropoint of the converted SNANA file: 27.5 mag
# -----------------------------------------------------------
# Data table created by: anonymous
# On date: 2023.03.14 (yyyy.mm.dd); 20.49 hrs (GMT).
# Script used: BayeSNmodel.io.write_snana_lcfile.py
# -----------------------------------------------------------
SNID: 53
MWEBV: 0
REDSHIFT_HELIO: 0.09809857595167291
REDSHIFT_CMB: 0.09809857595167291
REDSHIFT_CMB_ERR: 0.001
PEAKMJD: 0
FILTERS: g_PS1,i_PS1,r_PS1,z_PS1
# -----------------------------------------------------------
NOBS: 48
NVAR: 6
VARLIST: MJD FLT FLUXCAL FLUXCALERR MAG MAGERR
OBS: -8.784788607613383 g_PS1 1153.4193 53.1169 19.845031953912017 0.05
OBS: -4.392394303806691 g_PS1 1561.0098 71.8872 19.51648592358283 0.05
OBS: 0.0 g_PS1 1565.7595 72.1059 19.513187359324778 0.05
OBS: 4.392394303806691 g_PS1 1442.4056 66.4252 19.602281525509316 0.05
OBS: 8.784788607613383 g_PS1 1220.3587 56.1996 19.783781221643995 0.05
OBS: 13.177182911420074 g_PS1 900.6526 41.4766 20.113606752281402 0.05
OBS: 17.569577215226765 g_PS1 630.7466 29.047 20.500362755451594 0.05
OBS: 21.961971519033455 g_PS1 420.5942 19.3691 20.940341888072933 0.05
OBS: 26.354365822840148 g_PS1 287.3122 13.2312 21.354114677110143 0.05
OBS: 30.74676012664684 g_PS1 216.9649 9.9916 21.659026463642174 0.05
OBS: 35.13915443045353 g_PS1 173.2416 7.9781 21.903369526293968 0.05
OBS: 39.53154873426022 g_PS1 139.0798 6.4049 22.1418395546124 0.05
OBS: -8.784788607613383 r_PS1 1088.7409 50.1384 19.90768862893335 0.05
OBS: -4.392394303806691 r_PS1 1530.3956 70.4773 19.53799069984803 0.05
OBS: 0.0 r_PS1 1726.8371 79.5238 19.40687155445827 0.05
OBS: 4.392394303806691 r_PS1 1710.3654 78.7652 19.417277731156275 0.05
OBS: 8.784788607613383 r_PS1 1550.9622 71.4244 19.52349698070916 0.05
OBS: 13.177182911420074 r_PS1 1265.798 58.2922 19.744088961370323 0.05
OBS: 17.569577215226765 r_PS1 986.0994 45.4116 20.015198315287158 0.05
OBS: 21.961971519033455 r_PS1 809.8119 37.2932 20.229039648625232 0.05
OBS: 26.354365822840148 r_PS1 692.4191 31.8871 20.399077378388398 0.05
OBS: 30.74676012664684 r_PS1 567.13 26.1173 20.615793355885437 0.05
OBS: 35.13915443045353 r_PS1 440.0213 20.2637 20.891315683750015 0.05
OBS: 39.53154873426022 r_PS1 341.999 15.7496 21.16493786107896 0.05
OBS: -8.784788607613383 i_PS1 1120.9072 51.6197 19.876075811605524 0.05
OBS: -4.392394303806691 i_PS1 1490.1877 68.6257 19.566897573110644 0.05
OBS: 0.0 i_PS1 1486.152 68.4398 19.569841946699157 0.05
OBS: 4.392394303806691 i_PS1 1375.2358 63.3319 19.65405707825858 0.05
OBS: 8.784788607613383 i_PS1 1100.1738 50.6649 19.896346735667017 0.05
OBS: 13.177182911420074 i_PS1 841.5074 38.7528 20.187355192941915 0.05
OBS: 17.569577215226765 i_PS1 729.6887 33.6034 20.342155977652745 0.05
OBS: 21.961971519033455 i_PS1 735.9903 33.8936 20.33281979550548 0.05
OBS: 26.354365822840148 i_PS1 760.1493 35.0062 20.297752692736175 0.05
OBS: 30.74676012664684 i_PS1 727.4897 33.5021 20.345432885086822 0.05
OBS: 35.13915443045353 i_PS1 607.3513 27.9696 20.541400046730487 0.05
OBS: 39.53154873426022 i_PS1 440.6563 20.293 20.889750132107345 0.05
OBS: -8.784788607613383 z_PS1 965.464 44.4613 20.038159785769388 0.05
OBS: -4.392394303806691 z_PS1 1070.4998 49.2983 19.92603348579641 0.05
OBS: 0.0 z_PS1 909.4033 41.8796 20.10310867490086 0.05
OBS: 4.392394303806691 z_PS1 736.8507 33.9332 20.331551194491702 0.05
OBS: 8.784788607613383 z_PS1 566.3102 26.0795 20.61736400375169 0.05
OBS: 13.177182911420074 z_PS1 469.4649 21.6197 20.820992159682234 0.05
OBS: 17.569577215226765 z_PS1 442.9412 20.3982 20.884134845479267 0.05
OBS: 21.961971519033455 z_PS1 495.2533 22.8073 20.762931479808067 0.05
OBS: 26.354365822840148 z_PS1 556.4861 25.6271 20.63636411288325 0.05
OBS: 30.74676012664684 z_PS1 567.4506 26.1321 20.615179787368014 0.05
OBS: 35.13915443045353 z_PS1 509.5323 23.4648 20.732070638410804 0.05
OBS: 39.53154873426022 z_PS1 412.6999 19.0055 20.96091409591412 0.05
END: