# 531 
# SNANA-like file generated from user-provided data
# Zeropoint of the converted SNANA file: 27.5 mag
# -----------------------------------------------------------
# Data table created by: anonymous
# On date: 2023.03.14 (yyyy.mm.dd); 20.49 hrs (GMT).
# Script used: BayeSNmodel.io.write_snana_lcfile.py
# -----------------------------------------------------------
SNID: 531
MWEBV: 0
REDSHIFT_HELIO: 0.09311493254136557
REDSHIFT_CMB: 0.09311493254136557
REDSHIFT_CMB_ERR: 0.001
PEAKMJD: 0
FILTERS: g_PS1,i_PS1,r_PS1,z_PS1
# -----------------------------------------------------------
NOBS: 48
NVAR: 6
VARLIST: MJD FLT FLUXCAL FLUXCALERR MAG MAGERR
OBS: -8.744919460330925 g_PS1 2031.2422 93.5422 19.230595697629436 0.05
OBS: -4.372459730165462 g_PS1 3135.5415 144.397 18.759218628822577 0.05
OBS: 0.0 g_PS1 3307.0345 152.2946 18.70140318965483 0.05
OBS: 4.372459730165462 g_PS1 2866.0863 131.9881 18.856776858207436 0.05
OBS: 8.744919460330925 g_PS1 2169.4665 99.9076 19.159117608832954 0.05
OBS: 13.117379190496386 g_PS1 1482.2981 68.2623 19.572661126311306 0.05
OBS: 17.48983892066185 g_PS1 1013.7246 46.6837 19.985200003956866 0.05
OBS: 21.862298650827313 g_PS1 678.5689 31.2493 20.421015069427224 0.05
OBS: 26.234758380992773 g_PS1 468.0592 21.5549 20.824247967230594 0.05
OBS: 30.607218111158236 g_PS1 360.1239 16.5843 21.108870177396494 0.05
OBS: 34.9796778413237 g_PS1 300.3872 13.8333 21.305796394890248 0.05
OBS: 39.35213757148916 g_PS1 258.299 11.8951 21.469692995889563 0.05
OBS: -8.744919460330925 r_PS1 1637.8466 75.4256 19.464316911978663 0.05
OBS: -4.372459730165462 r_PS1 2525.8203 116.3183 18.993993868401105 0.05
OBS: 0.0 r_PS1 2891.6384 133.1649 18.847140054122697 0.05
OBS: 4.372459730165462 r_PS1 2636.4089 121.4111 18.947468071538175 0.05
OBS: 8.744919460330925 r_PS1 2165.9828 99.7472 19.160862496789235 0.05
OBS: 13.117379190496386 r_PS1 1744.4143 80.3332 19.395875878576817 0.05
OBS: 17.48983892066185 r_PS1 1463.1886 67.3823 19.586749195608647 0.05
OBS: 21.862298650827313 r_PS1 1281.6205 59.0208 19.730601375902303 0.05
OBS: 26.234758380992773 r_PS1 1058.0166 48.7235 19.938768779719304 0.05
OBS: 30.607218111158236 r_PS1 807.33 37.1789 20.232372284544738 0.05
OBS: 34.9796778413237 r_PS1 633.0809 29.1545 20.496352051749902 0.05
OBS: 39.35213757148916 r_PS1 555.3603 25.5753 20.638562923967747 0.05
OBS: -8.744919460330925 i_PS1 1510.3249 69.553 19.552324013246256 0.05
OBS: -4.372459730165462 i_PS1 2122.0422 97.7237 19.18311493674345 0.05
OBS: 0.0 i_PS1 2122.3027 97.7357 19.182981671107612 0.05
OBS: 4.372459730165462 i_PS1 1864.269 85.8528 19.323728553826356 0.05
OBS: 8.744919460330925 i_PS1 1430.6679 65.8847 19.61115294675693 0.05
OBS: 13.117379190496386 i_PS1 1145.3772 52.7466 19.852628637518954 0.05
OBS: 17.48983892066185 i_PS1 1123.6685 51.7468 19.873404458763133 0.05
OBS: 21.862298650827313 i_PS1 1213.4727 55.8825 19.789924983120358 0.05
OBS: 26.234758380992773 i_PS1 1168.0747 53.7918 19.83132342185555 0.05
OBS: 30.607218111158236 i_PS1 995.9642 45.8658 20.004390697513784 0.05
OBS: 34.9796778413237 i_PS1 803.582 37.0063 20.23742452540303 0.05
OBS: 39.35213757148916 i_PS1 631.3599 29.0752 20.499307441489805 0.05
OBS: -8.744919460330925 z_PS1 1259.6276 58.008 19.749394539652265 0.05
OBS: -4.372459730165462 z_PS1 1691.6894 77.9052 19.429198441705758 0.05
OBS: 0.0 z_PS1 1608.1475 74.0579 19.484185313867172 0.05
OBS: 4.372459730165462 z_PS1 1284.3792 59.1478 19.728266841332164 0.05
OBS: 8.744919460330925 z_PS1 924.9684 42.5964 20.08468273299504 0.05
OBS: 13.117379190496386 z_PS1 729.4802 33.5938 20.342466269029934 0.05
OBS: 17.48983892066185 z_PS1 681.1547 31.3683 20.41688552962507 0.05
OBS: 21.862298650827313 z_PS1 752.7989 34.6677 20.308302609890283 0.05
OBS: 26.234758380992773 z_PS1 810.4998 37.3249 20.228117693122 0.05
OBS: 30.607218111158236 z_PS1 783.4998 36.0815 20.264902753864384 0.05
OBS: 34.9796778413237 z_PS1 677.9579 31.2211 20.421993133555837 0.05
OBS: 39.35213757148916 z_PS1 543.3466 25.022 20.662307648164727 0.05
END: