# 538 
# SNANA-like file generated from user-provided data
# Zeropoint of the converted SNANA file: 27.5 mag
# -----------------------------------------------------------
# Data table created by: anonymous
# On date: 2023.03.14 (yyyy.mm.dd); 20.49 hrs (GMT).
# Script used: BayeSNmodel.io.write_snana_lcfile.py
# -----------------------------------------------------------
SNID: 538
MWEBV: 0
REDSHIFT_HELIO: 0.09257699515775161
REDSHIFT_CMB: 0.09257699515775161
REDSHIFT_CMB_ERR: 0.001
PEAKMJD: 0
FILTERS: g_PS1,i_PS1,r_PS1,z_PS1
# -----------------------------------------------------------
NOBS: 48
NVAR: 6
VARLIST: MJD FLT FLUXCAL FLUXCALERR MAG MAGERR
OBS: -8.740615961262012 g_PS1 774.5188 35.6679 20.277420052370363 0.05
OBS: -4.370307980631006 g_PS1 1703.2501 78.4376 19.421803973026005 0.05
OBS: 0.0 g_PS1 2081.6027 95.8613 19.204005385258593 0.05
OBS: 4.370307980631006 g_PS1 1604.1483 73.8738 19.486888721636387 0.05
OBS: 8.740615961262012 g_PS1 1021.49 47.0414 19.97691472605096 0.05
OBS: 13.110923941893018 g_PS1 675.2394 31.0959 20.426355544498318 0.05
OBS: 17.481231922524024 g_PS1 516.8052 23.7998 20.716682782191103 0.05
OBS: 21.85153990315503 g_PS1 375.6155 17.2977 21.063141270710528 0.05
OBS: 26.221847883786037 g_PS1 239.2565 11.0182 21.552840853263387 0.05
OBS: 30.592155864417045 g_PS1 160.2489 7.3797 21.98801257780296 0.05
OBS: 34.96246384504805 g_PS1 127.27 5.861 22.238184731598817 0.05
OBS: 39.33277182567905 g_PS1 118.0891 5.4382 22.319475664304623 0.05
OBS: -8.740615961262012 r_PS1 697.4379 32.1182 20.3912361845425 0.05
OBS: -4.370307980631006 r_PS1 1325.9352 61.0616 19.693694230205182 0.05
OBS: 0.0 r_PS1 1827.1049 84.1413 19.34559127760965 0.05
OBS: 4.370307980631006 r_PS1 1908.1672 87.8743 19.298458912449988 0.05
OBS: 8.740615961262012 r_PS1 1644.2744 75.7216 19.460064278000523 0.05
OBS: 13.110923941893018 r_PS1 1223.6752 56.3523 19.780834623862667 0.05
OBS: 17.481231922524024 r_PS1 863.2112 39.7523 20.15970730125666 0.05
OBS: 21.85153990315503 r_PS1 635.5701 29.2691 20.492091370536016 0.05
OBS: 26.221847883786037 r_PS1 476.489 21.9431 20.804867880640977 0.05
OBS: 30.592155864417045 r_PS1 358.3236 16.5014 21.11431149672348 0.05
OBS: 34.96246384504805 r_PS1 293.5164 13.5169 21.330919245009092 0.05
OBS: 39.33277182567905 r_PS1 278.7973 12.8391 21.386778750375626 0.05
OBS: -8.740615961262012 i_PS1 670.7012 30.8869 20.433677367493488 0.05
OBS: -4.370307980631006 i_PS1 1265.8913 58.2964 19.744008971269686 0.05
OBS: 0.0 i_PS1 1567.2192 72.1731 19.512175639807218 0.05
OBS: 4.370307980631006 i_PS1 1530.9838 70.5044 19.537573527566693 0.05
OBS: 8.740615961262012 i_PS1 1200.7939 55.2986 19.80132877891495 0.05
OBS: 13.110923941893018 i_PS1 935.0278 43.0596 20.072938727607536 0.05
OBS: 17.481231922524024 i_PS1 858.7303 39.546 20.16535803864444 0.05
OBS: 21.85153990315503 i_PS1 827.4167 38.1039 20.20568924658069 0.05
OBS: 26.221847883786037 i_PS1 672.9873 30.9922 20.429982803745567 0.05
OBS: 30.592155864417045 i_PS1 495.2328 22.8063 20.76297655170268 0.05
OBS: 34.96246384504805 i_PS1 391.1667 18.0139 21.019095407203835 0.05
OBS: 39.33277182567905 i_PS1 347.1281 15.9858 21.148775702044084 0.05
OBS: -8.740615961262012 z_PS1 567.6761 26.1424 20.614748535248694 0.05
OBS: -4.370307980631006 z_PS1 970.2346 44.681 20.03280813104952 0.05
OBS: 0.0 z_PS1 1077.5943 49.6251 19.91886176049143 0.05
OBS: 4.370307980631006 z_PS1 896.6271 41.2912 20.11847035454435 0.05
OBS: 8.740615961262012 z_PS1 652.1871 30.0343 20.464069553073166 0.05
OBS: 13.110923941893018 z_PS1 566.2046 26.0747 20.617566435726694 0.05
OBS: 17.481231922524024 z_PS1 617.8886 28.4548 20.522724588646547 0.05
OBS: 21.85153990315503 z_PS1 714.5818 32.9077 20.36487010348838 0.05
OBS: 26.221847883786037 z_PS1 646.9045 29.7911 20.472899493066357 0.05
OBS: 30.592155864417045 z_PS1 480.8973 22.1461 20.794869067661573 0.05
OBS: 34.96246384504805 z_PS1 353.8534 16.2956 21.12794149436403 0.05
OBS: 39.33277182567905 z_PS1 282.5527 13.012 21.37225130748441 0.05
END: