# 549 
# SNANA-like file generated from user-provided data
# Zeropoint of the converted SNANA file: 27.5 mag
# -----------------------------------------------------------
# Data table created by: anonymous
# On date: 2023.03.14 (yyyy.mm.dd); 20.49 hrs (GMT).
# Script used: BayeSNmodel.io.write_snana_lcfile.py
# -----------------------------------------------------------
SNID: 549
MWEBV: 0
REDSHIFT_HELIO: 0.09157829588203002
REDSHIFT_CMB: 0.09157829588203002
REDSHIFT_CMB_ERR: 0.001
PEAKMJD: 0
FILTERS: g_PS1,i_PS1,r_PS1,z_PS1
# -----------------------------------------------------------
NOBS: 48
NVAR: 6
VARLIST: MJD FLT FLUXCAL FLUXCALERR MAG MAGERR
OBS: -8.73262636705624 g_PS1 3650.4656 168.1102 18.594129353668517 0.05
OBS: -4.36631318352812 g_PS1 4177.4721 192.3797 18.447716112773673 0.05
OBS: 0.0 g_PS1 3754.1678 172.8858 18.56371578571972 0.05
OBS: 4.36631318352812 g_PS1 3404.286 156.7732 18.669934903104906 0.05
OBS: 8.73262636705624 g_PS1 3001.7833 138.2372 18.806551653803165 0.05
OBS: 13.098939550584358 g_PS1 2325.4621 107.0915 19.083726857917792 0.05
OBS: 17.46525273411248 g_PS1 1746.1181 80.4117 19.394815952715195 0.05
OBS: 21.8315659176406 g_PS1 1284.0312 59.1318 19.72856105837997 0.05
OBS: 26.197879101168716 g_PS1 917.1874 42.238 20.093854771733636 0.05
OBS: 30.564192284696837 g_PS1 696.8074 32.0892 20.39221818555048 0.05
OBS: 34.93050546822496 g_PS1 544.956 25.0962 20.659096363412917 0.05
OBS: 39.29681865175308 g_PS1 418.6474 19.2794 20.945379044864946 0.05
OBS: -8.73262636705624 r_PS1 3234.34 148.9469 18.725535805099668 0.05
OBS: -4.36631318352812 r_PS1 3822.7559 176.0444 18.54405857321604 0.05
OBS: 0.0 r_PS1 3673.9275 169.1906 18.58717354030611 0.05
OBS: 4.36631318352812 r_PS1 3194.34 147.1048 18.739047160427212 0.05
OBS: 8.73262636705624 r_PS1 2697.1545 124.2086 18.922735447960193 0.05
OBS: 13.098939550584358 r_PS1 2260.9588 104.121 19.11426838120768 0.05
OBS: 17.46525273411248 r_PS1 1968.1365 90.636 19.264861938564003 0.05
OBS: 21.8315659176406 r_PS1 1794.2928 82.6302 19.365266711980787 0.05
OBS: 26.197879101168716 r_PS1 1590.1485 73.229 19.49640575711252 0.05
OBS: 30.564192284696837 r_PS1 1322.7176 60.9134 19.696332188692246 0.05
OBS: 34.93050546822496 r_PS1 1064.1886 49.0077 19.932453533749467 0.05
OBS: 39.29681865175308 r_PS1 880.2124 40.5353 20.13853131166706 0.05
OBS: -8.73262636705624 i_PS1 1996.693 91.9511 19.24922178373056 0.05
OBS: -4.36631318352812 i_PS1 2434.9434 112.1333 19.03377780671864 0.05
OBS: 0.0 i_PS1 2322.1498 106.939 19.085274417460923 0.05
OBS: 4.36631318352812 i_PS1 2190.8531 100.8925 19.148466855692078 0.05
OBS: 8.73262636705624 i_PS1 1813.236 83.5026 19.35386416800145 0.05
OBS: 13.098939550584358 i_PS1 1360.8066 62.6675 19.665508961222848 0.05
OBS: 17.46525273411248 i_PS1 1109.9174 51.1136 19.886773382699822 0.05
OBS: 21.8315659176406 i_PS1 1078.2224 49.654 19.918229110816213 0.05
OBS: 26.197879101168716 i_PS1 1157.642 53.3114 19.841064320978944 0.05
OBS: 30.564192284696837 i_PS1 1216.1847 56.0074 19.787501174080752 0.05
OBS: 34.93050546822496 i_PS1 1121.6547 51.6541 19.87535202074899 0.05
OBS: 39.29681865175308 i_PS1 889.4474 40.9606 20.127199370287542 0.05
OBS: -8.73262636705624 z_PS1 1467.694 67.5898 19.583411169527466 0.05
OBS: -4.36631318352812 z_PS1 1638.195 75.4417 19.4640860134647 0.05
OBS: 0.0 z_PS1 1471.5495 67.7674 19.580562843639818 0.05
OBS: 4.36631318352812 z_PS1 1315.2608 60.57 19.70247031065638 0.05
OBS: 8.73262636705624 z_PS1 1101.0476 50.7051 19.89548471500393 0.05
OBS: 13.098939550584358 z_PS1 876.6203 40.3699 20.142971147828625 0.05
OBS: 17.46525273411248 z_PS1 716.5117 32.9966 20.361941823312456 0.05
OBS: 21.8315659176406 z_PS1 701.5479 32.3075 20.384856706186916 0.05
OBS: 26.197879101168716 z_PS1 764.4792 35.2056 20.291585751706215 0.05
OBS: 30.564192284696837 z_PS1 825.2702 38.0051 20.208509618572158 0.05
OBS: 34.93050546822496 z_PS1 821.7223 37.8417 20.21318726948403 0.05
OBS: 39.29681865175308 z_PS1 756.6604 34.8455 20.302747457217556 0.05
END: