# 555 
# SNANA-like file generated from user-provided data
# Zeropoint of the converted SNANA file: 27.5 mag
# -----------------------------------------------------------
# Data table created by: anonymous
# On date: 2023.03.14 (yyyy.mm.dd); 20.49 hrs (GMT).
# Script used: BayeSNmodel.io.write_snana_lcfile.py
# -----------------------------------------------------------
SNID: 555
MWEBV: 0
REDSHIFT_HELIO: 0.08684167224277849
REDSHIFT_CMB: 0.08684167224277849
REDSHIFT_CMB_ERR: 0.001
PEAKMJD: 0
FILTERS: g_PS1,i_PS1,r_PS1,z_PS1
# -----------------------------------------------------------
NOBS: 48
NVAR: 6
VARLIST: MJD FLT FLUXCAL FLUXCALERR MAG MAGERR
OBS: -8.694733377942228 g_PS1 1252.3084 57.6709 19.755721750951007 0.05
OBS: -4.347366688971114 g_PS1 2409.8869 110.9794 19.04500836771385 0.05
OBS: 0.0 g_PS1 2918.8989 134.4203 18.836952375594567 0.05
OBS: 4.347366688971114 g_PS1 2578.4874 118.7437 18.971587472873463 0.05
OBS: 8.694733377942228 g_PS1 1859.3494 85.6262 19.326597503568774 0.05
OBS: 13.042100066913342 g_PS1 1235.9096 56.9157 19.770033230455194 0.05
OBS: 17.389466755884456 g_PS1 860.3128 39.6189 20.163359041339536 0.05
OBS: 21.73683344485557 g_PS1 588.826 27.1164 20.57503250017154 0.05
OBS: 26.084200133826684 g_PS1 403.0278 18.5601 20.98666250331738 0.05
OBS: 30.431566822797798 g_PS1 303.3213 13.9685 21.295242817206837 0.05
OBS: 34.77893351176891 g_PS1 249.3117 11.4812 21.508143133512203 0.05
OBS: 39.126300200740026 g_PS1 214.5959 9.8825 21.67094624185422 0.05
OBS: -8.694733377942228 r_PS1 1161.0712 53.4693 19.837852844962576 0.05
OBS: -4.347366688971114 r_PS1 2232.0332 102.7889 19.128248375944708 0.05
OBS: 0.0 r_PS1 2900.6038 133.5777 18.843778961297033 0.05
OBS: 4.347366688971114 r_PS1 2623.5815 120.8204 18.952763603728222 0.05
OBS: 8.694733377942228 r_PS1 2001.8654 92.1893 19.246412814586968 0.05
OBS: 13.042100066913342 r_PS1 1537.1125 70.7866 19.533235837663455 0.05
OBS: 17.389466755884456 r_PS1 1295.2418 59.6481 19.719122894767708 0.05
OBS: 21.73683344485557 r_PS1 1155.2388 53.2007 19.843320614746553 0.05
OBS: 26.084200133826684 r_PS1 950.5465 43.7743 20.055066614495722 0.05
OBS: 30.431566822797798 r_PS1 710.7647 32.7319 20.37068534042458 0.05
OBS: 34.77893351176891 r_PS1 545.3514 25.1144 20.658308955744943 0.05
OBS: 39.126300200740026 r_PS1 469.543 21.6233 20.82081159736783 0.05
OBS: -8.694733377942228 i_PS1 1037.6429 47.7852 19.95988016135739 0.05
OBS: -4.347366688971114 i_PS1 1820.2033 83.8235 19.349700276475915 0.05
OBS: 0.0 i_PS1 2053.9666 94.5887 19.218516581171855 0.05
OBS: 4.347366688971114 i_PS1 1792.8057 82.5618 19.36616694972559 0.05
OBS: 8.694733377942228 i_PS1 1280.3009 58.96 19.731719861403306 0.05
OBS: 13.042100066913342 i_PS1 976.7018 44.9788 20.0255950501155 0.05
OBS: 17.389466755884456 i_PS1 966.6097 44.514 20.03687211262168 0.05
OBS: 21.73683344485557 i_PS1 1076.5482 49.5769 19.919916333483442 0.05
OBS: 26.084200133826684 i_PS1 1058.8132 48.7602 19.93795158450787 0.05
OBS: 30.431566822797798 i_PS1 910.2577 41.9189 20.102089121376594 0.05
OBS: 34.77893351176891 i_PS1 731.3349 33.6792 20.339709320570627 0.05
OBS: 39.126300200740026 i_PS1 567.1471 26.1181 20.61576063687447 0.05
OBS: -8.694733377942228 z_PS1 891.775 41.0678 20.124361814631136 0.05
OBS: -4.347366688971114 z_PS1 1478.7183 68.0975 19.575286406267843 0.05
OBS: 0.0 z_PS1 1577.6683 72.6543 19.504960777306565 0.05
OBS: 4.347366688971114 z_PS1 1229.133 56.6037 19.77600284374312 0.05
OBS: 8.694733377942228 z_PS1 830.2491 38.2344 20.201978943120317 0.05
OBS: 13.042100066913342 z_PS1 645.063 29.7063 20.475994590704524 0.05
OBS: 17.389466755884456 z_PS1 639.5772 29.4536 20.48526763279495 0.05
OBS: 21.73683344485557 z_PS1 746.8152 34.3921 20.316967120784604 0.05
OBS: 26.084200133826684 z_PS1 806.6518 37.1477 20.23328479612629 0.05
OBS: 30.431566822797798 z_PS1 763.2344 35.1482 20.293355224832027 0.05
OBS: 34.77893351176891 z_PS1 652.963 30.0701 20.4627785131785 0.05
OBS: 39.126300200740026 z_PS1 530.8325 24.4457 20.68760619686975 0.05
END: