# 56 
# SNANA-like file generated from user-provided data
# Zeropoint of the converted SNANA file: 27.5 mag
# -----------------------------------------------------------
# Data table created by: anonymous
# On date: 2023.03.14 (yyyy.mm.dd); 20.49 hrs (GMT).
# Script used: BayeSNmodel.io.write_snana_lcfile.py
# -----------------------------------------------------------
SNID: 56
MWEBV: 0
REDSHIFT_HELIO: 0.07930634360021072
REDSHIFT_CMB: 0.07930634360021072
REDSHIFT_CMB_ERR: 0.001
PEAKMJD: 0
FILTERS: g_PS1,i_PS1,r_PS1,z_PS1
# -----------------------------------------------------------
NOBS: 48
NVAR: 6
VARLIST: MJD FLT FLUXCAL FLUXCALERR MAG MAGERR
OBS: -8.634450748801687 g_PS1 1191.7036 54.88 19.80957938260467 0.05
OBS: -4.317225374400843 g_PS1 1755.1377 80.8271 19.389222014563703 0.05
OBS: 0.0 g_PS1 1893.8948 87.2171 19.30661034990592 0.05
OBS: 4.317225374400843 g_PS1 1850.5363 85.2203 19.33175596595424 0.05
OBS: 8.634450748801687 g_PS1 1583.502 72.923 19.500953425398183 0.05
OBS: 12.95167612320253 g_PS1 1122.3883 51.6879 19.874642145120507 0.05
OBS: 17.268901497603373 g_PS1 732.9948 33.7557 20.337247798878042 0.05
OBS: 21.586126872004215 g_PS1 468.8889 21.5931 20.82232501246612 0.05
OBS: 25.90335224640506 g_PS1 324.9852 14.9661 21.220341162078643 0.05
OBS: 30.220577620805905 g_PS1 258.2707 11.8938 21.469812158522917 0.05
OBS: 34.53780299520675 g_PS1 215.7431 9.9353 21.66515750904232 0.05
OBS: 38.85502836960759 g_PS1 177.9197 8.1935 21.874439761093537 0.05
OBS: -8.634450748801687 r_PS1 1243.1487 57.2491 19.763692264608437 0.05
OBS: -4.317225374400843 r_PS1 1924.0326 88.605 19.289468926542263 0.05
OBS: 0.0 r_PS1 2288.875 105.4066 19.100944831232688 0.05
OBS: 4.317225374400843 r_PS1 2244.5876 103.3671 19.122158603673846 0.05
OBS: 8.634450748801687 r_PS1 1961.1749 90.3154 19.268709200612683 0.05
OBS: 12.95167612320253 r_PS1 1576.1889 72.5862 19.505979343313236 0.05
OBS: 17.268901497603373 r_PS1 1251.605 57.6385 19.756331795972095 0.05
OBS: 21.586126872004215 r_PS1 1072.5847 49.3944 19.923921009642164 0.05
OBS: 25.90335224640506 r_PS1 949.293 43.7166 20.0564992906137 0.05
OBS: 30.220577620805905 r_PS1 795.9342 36.6541 20.247807053475967 0.05
OBS: 34.53780299520675 r_PS1 637.8939 29.3761 20.48812890048628 0.05
OBS: 38.85502836960759 r_PS1 516.3999 23.7811 20.71753462810957 0.05
OBS: -8.634450748801687 i_PS1 1238.0313 57.0134 19.768170915896206 0.05
OBS: -4.317225374400843 i_PS1 1724.1464 79.3999 19.408564678087423 0.05
OBS: 0.0 i_PS1 1768.3805 81.4369 19.381060687977033 0.05
OBS: 4.317225374400843 i_PS1 1695.588 78.0847 19.426699148753514 0.05
OBS: 8.634450748801687 i_PS1 1383.1284 63.6954 19.64784372840741 0.05
OBS: 12.95167612320253 i_PS1 1047.6225 48.2448 19.94948796862002 0.05
OBS: 17.268901497603373 i_PS1 908.9485 41.8586 20.10365180296136 0.05
OBS: 21.586126872004215 i_PS1 939.7291 43.2761 20.067493293697744 0.05
OBS: 25.90335224640506 i_PS1 1032.4901 47.5479 19.965285310534895 0.05
OBS: 30.220577620805905 i_PS1 1065.0635 49.048 19.9315612377196 0.05
OBS: 34.53780299520675 i_PS1 928.1327 42.7421 20.08097477895255 0.05
OBS: 38.85502836960759 i_PS1 672.2344 30.9575 20.431198113906532 0.05
OBS: -8.634450748801687 z_PS1 1199.6758 55.2471 19.80234025582353 0.05
OBS: -4.317225374400843 z_PS1 1579.792 72.7521 19.503500197902248 0.05
OBS: 0.0 z_PS1 1524.7296 70.2164 19.54201791953148 0.05
OBS: 4.317225374400843 z_PS1 1253.8291 57.741 19.754404101852067 0.05
OBS: 8.634450748801687 z_PS1 951.5354 43.8198 20.053937590859064 0.05
OBS: 12.95167612320253 z_PS1 736.7037 33.9265 20.331767850112207 0.05
OBS: 17.268901497603373 z_PS1 650.261 29.9456 20.467280814501684 0.05
OBS: 21.586126872004215 z_PS1 695.7012 32.0382 20.39394317153961 0.05
OBS: 25.90335224640506 z_PS1 796.1721 36.6651 20.2474825873012 0.05
OBS: 30.220577620805905 z_PS1 862.2071 39.7061 20.160971024351483 0.05
OBS: 34.53780299520675 z_PS1 797.1205 36.7088 20.24619001942009 0.05
OBS: 38.85502836960759 z_PS1 636.1934 29.2978 20.491027027695118 0.05
END: