# 567 
# SNANA-like file generated from user-provided data
# Zeropoint of the converted SNANA file: 27.5 mag
# -----------------------------------------------------------
# Data table created by: anonymous
# On date: 2023.03.14 (yyyy.mm.dd); 20.49 hrs (GMT).
# Script used: BayeSNmodel.io.write_snana_lcfile.py
# -----------------------------------------------------------
SNID: 567
MWEBV: 0
REDSHIFT_HELIO: 0.09134127440835621
REDSHIFT_CMB: 0.09134127440835621
REDSHIFT_CMB_ERR: 0.001
PEAKMJD: 0
FILTERS: g_PS1,i_PS1,r_PS1,z_PS1
# -----------------------------------------------------------
NOBS: 48
NVAR: 6
VARLIST: MJD FLT FLUXCAL FLUXCALERR MAG MAGERR
OBS: -8.73073019526685 g_PS1 1805.4654 83.1448 19.358527081176998 0.05
OBS: -4.365365097633425 g_PS1 2807.0896 129.2713 18.879359297485035 0.05
OBS: 0.0 g_PS1 3015.4161 138.865 18.801631882084425 0.05
OBS: 4.365365097633425 g_PS1 2690.7253 123.9125 18.925326602656536 0.05
OBS: 8.73073019526685 g_PS1 2084.5782 95.9984 19.202454534046854 0.05
OBS: 13.096095292900273 g_PS1 1415.5677 65.1893 19.622673363933554 0.05
OBS: 17.4614603905337 g_PS1 936.2337 43.1152 20.071539313041267 0.05
OBS: 21.826825488167124 g_PS1 611.6754 28.1687 20.533697493286365 0.05
OBS: 26.192190585800546 g_PS1 427.7542 19.6988 20.922014295683613 0.05
OBS: 30.55755568343397 g_PS1 340.6444 15.6873 21.169246983971586 0.05
OBS: 34.9229207810674 g_PS1 292.4465 13.4677 21.334884064654734 0.05
OBS: 39.28828587870082 g_PS1 254.6781 11.7284 21.485020872446736 0.05
OBS: -8.73073019526685 r_PS1 1545.4783 71.1719 19.527342740241785 0.05
OBS: -4.365365097633425 r_PS1 2303.2475 106.0685 19.09414849370117 0.05
OBS: 0.0 r_PS1 2719.2823 125.2276 18.913864267235077 0.05
OBS: 4.365365097633425 r_PS1 2772.4876 127.6778 18.89282595623719 0.05
OBS: 8.73073019526685 r_PS1 2550.4659 117.4533 18.983451184009752 0.05
OBS: 13.096095292900273 r_PS1 2089.976 96.247 19.199646740114567 0.05
OBS: 17.4614603905337 r_PS1 1617.7676 74.501 19.47770965519547 0.05
OBS: 21.826825488167124 r_PS1 1290.6272 59.4356 19.722997977542214 0.05
OBS: 26.192190585800546 r_PS1 1023.7213 47.1441 19.974545687588865 0.05
OBS: 30.55755568343397 r_PS1 780.168 35.9281 20.269529641980675 0.05
OBS: 34.9229207810674 r_PS1 613.1488 28.2365 20.531085342754146 0.05
OBS: 39.28828587870082 r_PS1 532.1474 24.5063 20.684920111912724 0.05
OBS: -8.73073019526685 i_PS1 1172.4311 53.9924 19.827281656848484 0.05
OBS: -4.365365097633425 i_PS1 1785.445 82.2228 19.370633784597402 0.05
OBS: 0.0 i_PS1 1987.1012 91.5094 19.25445003028296 0.05
OBS: 4.365365097633425 i_PS1 2013.4902 92.7247 19.240126197441647 0.05
OBS: 8.73073019526685 i_PS1 1736.2539 79.9574 19.400966927230286 0.05
OBS: 13.096095292900273 i_PS1 1414.476 65.139 19.623511013990935 0.05
OBS: 17.4614603905337 i_PS1 1272.4772 58.5997 19.738374955066448 0.05
OBS: 21.826825488167124 i_PS1 1243.9327 57.2852 19.763007787809514 0.05
OBS: 26.192190585800546 i_PS1 1142.3165 52.6056 19.855533908751823 0.05
OBS: 30.55755568343397 i_PS1 964.2072 44.4034 20.039574083553354 0.05
OBS: 34.9229207810674 i_PS1 769.797 35.4505 20.28405942365201 0.05
OBS: 39.28828587870082 i_PS1 589.9439 27.1679 20.572973124988195 0.05
OBS: -8.73073019526685 z_PS1 901.3732 41.5098 20.112738425398028 0.05
OBS: -4.365365097633425 z_PS1 1320.0119 60.7888 19.6985553784546 0.05
OBS: 0.0 z_PS1 1366.7661 62.9419 19.660764464669263 0.05
OBS: 4.365365097633425 z_PS1 1184.058 54.5279 19.81656759770282 0.05
OBS: 8.73073019526685 z_PS1 909.9363 41.9041 20.102472492616513 0.05
OBS: 13.096095292900273 z_PS1 737.3128 33.9545 20.330870593152056 0.05
OBS: 17.4614603905337 z_PS1 683.0831 31.4571 20.413816220052055 0.05
OBS: 21.826825488167124 z_PS1 734.0733 33.8053 20.3356514172822 0.05
OBS: 26.192190585800546 z_PS1 769.5344 35.4384 20.28442986558887 0.05
OBS: 30.55755568343397 z_PS1 732.0397 33.7117 20.33866339457193 0.05
OBS: 34.9229207810674 z_PS1 629.2979 28.9802 20.502859229828637 0.05
OBS: 39.28828587870082 z_PS1 504.8671 23.25 20.742057261876063 0.05
END: