# 571 
# SNANA-like file generated from user-provided data
# Zeropoint of the converted SNANA file: 27.5 mag
# -----------------------------------------------------------
# Data table created by: anonymous
# On date: 2023.03.14 (yyyy.mm.dd); 20.49 hrs (GMT).
# Script used: BayeSNmodel.io.write_snana_lcfile.py
# -----------------------------------------------------------
SNID: 571
MWEBV: 0
REDSHIFT_HELIO: 0.09345226207962827
REDSHIFT_CMB: 0.09345226207962827
REDSHIFT_CMB_ERR: 0.001
PEAKMJD: 0
FILTERS: g_PS1,i_PS1,r_PS1,z_PS1
# -----------------------------------------------------------
NOBS: 48
NVAR: 6
VARLIST: MJD FLT FLUXCAL FLUXCALERR MAG MAGERR
OBS: -8.747618096637026 g_PS1 2376.7087 109.4515 19.06006012402671 0.05
OBS: -4.373809048318513 g_PS1 3413.7382 157.2085 18.666924460477173 0.05
OBS: 0.0 g_PS1 3356.0829 154.5533 18.68541831503555 0.05
OBS: 4.373809048318513 g_PS1 2733.799 125.8961 18.908083539039854 0.05
OBS: 8.747618096637026 g_PS1 2020.0863 93.0284 19.23657518234516 0.05
OBS: 13.12142714495554 g_PS1 1449.429 66.7487 19.597007657414938 0.05
OBS: 17.495236193274053 g_PS1 1100.3369 50.6724 19.89618579935698 0.05
OBS: 21.869045241592566 g_PS1 802.8913 36.9745 20.238358052816363 0.05
OBS: 26.24285428991108 g_PS1 557.7391 25.6848 20.633922272116354 0.05
OBS: 30.616663338229593 g_PS1 411.4987 18.9502 20.96407870867792 0.05
OBS: 34.990472386548106 g_PS1 328.481 15.1271 21.208724495722418 0.05
OBS: 39.36428143486662 g_PS1 275.2149 12.6741 21.400820327774394 0.05
OBS: -8.747618096637026 r_PS1 2111.791 97.2516 19.18837264548324 0.05
OBS: -4.373809048318513 r_PS1 2699.4092 124.3124 18.92182817431678 0.05
OBS: 0.0 r_PS1 2808.0175 129.314 18.87900049240016 0.05
OBS: 4.373809048318513 r_PS1 2639.3449 121.5463 18.94625964809297 0.05
OBS: 8.747618096637026 r_PS1 2325.4845 107.0925 19.083716387739145 0.05
OBS: 13.12142714495554 r_PS1 1876.15 86.3999 19.316831098654866 0.05
OBS: 17.495236193274053 r_PS1 1466.9369 67.5549 19.583971418221367 0.05
OBS: 21.869045241592566 r_PS1 1214.5531 55.9322 19.788958716933188 0.05
OBS: 26.24285428991108 r_PS1 1043.9759 48.0769 19.953273790468792 0.05
OBS: 30.616663338229593 r_PS1 875.5526 40.3207 20.14429437983481 0.05
OBS: 34.990472386548106 r_PS1 720.6371 33.1866 20.355708477385733 0.05
OBS: 39.36428143486662 r_PS1 613.3603 28.2463 20.530710865170434 0.05
OBS: -8.747618096637026 i_PS1 1691.3971 77.8917 19.429386052990395 0.05
OBS: -4.373809048318513 i_PS1 2108.913 97.119 19.189853351858886 0.05
OBS: 0.0 i_PS1 2038.4583 93.8745 19.226745408374192 0.05
OBS: 4.373809048318513 i_PS1 1948.561 89.7346 19.275714965952716 0.05
OBS: 8.747618096637026 i_PS1 1644.3781 75.7264 19.4599957793707 0.05
OBS: 13.12142714495554 i_PS1 1277.8311 58.8463 19.73381635844018 0.05
OBS: 17.495236193274053 i_PS1 1076.8116 49.589 19.919650643604065 0.05
OBS: 21.869045241592566 i_PS1 1032.2849 47.5385 19.965501071267695 0.05
OBS: 26.24285428991108 i_PS1 1015.1632 46.75 19.983660281456345 0.05
OBS: 30.616663338229593 i_PS1 954.604 43.9611 20.050441828815444 0.05
OBS: 34.990472386548106 i_PS1 829.4568 38.1979 20.20301556051801 0.05
OBS: 39.36428143486662 i_PS1 662.633 30.5154 20.44681735305565 0.05
OBS: -8.747618096637026 z_PS1 1304.5998 60.079 19.711306748427255 0.05
OBS: -4.373809048318513 z_PS1 1566.6971 72.1491 19.512537390633803 0.05
OBS: 0.0 z_PS1 1430.393 65.872 19.611361594087988 0.05
OBS: 4.373809048318513 z_PS1 1215.1616 55.9603 19.788414908905295 0.05
OBS: 8.747618096637026 z_PS1 957.8447 44.1104 20.0467622234258 0.05
OBS: 13.12142714495554 z_PS1 779.5726 35.9006 20.270358620129613 0.05
OBS: 17.495236193274053 z_PS1 698.2225 32.1543 20.390015323626848 0.05
OBS: 21.869045241592566 z_PS1 725.5073 33.4108 20.348395480746944 0.05
OBS: 26.24285428991108 z_PS1 751.5122 34.6084 20.310159909742616 0.05
OBS: 30.616663338229593 z_PS1 719.2722 33.1237 20.357766756906848 0.05
OBS: 34.990472386548106 z_PS1 637.2271 29.3454 20.489264423842123 0.05
OBS: 39.36428143486662 z_PS1 538.7972 24.8125 20.67143669992938 0.05
END: