# 58 
# SNANA-like file generated from user-provided data
# Zeropoint of the converted SNANA file: 27.5 mag
# -----------------------------------------------------------
# Data table created by: anonymous
# On date: 2023.03.14 (yyyy.mm.dd); 20.49 hrs (GMT).
# Script used: BayeSNmodel.io.write_snana_lcfile.py
# -----------------------------------------------------------
SNID: 58
MWEBV: 0
REDSHIFT_HELIO: 0.05793608198893313
REDSHIFT_CMB: 0.05793608198893313
REDSHIFT_CMB_ERR: 0.001
PEAKMJD: 0
FILTERS: g_PS1,i_PS1,r_PS1,z_PS1
# -----------------------------------------------------------
NOBS: 48
NVAR: 6
VARLIST: MJD FLT FLUXCAL FLUXCALERR MAG MAGERR
OBS: -8.463488655911465 g_PS1 1197.4921 55.1466 19.80431831761948 0.05
OBS: -4.231744327955733 g_PS1 1848.9742 85.1484 19.33267285190374 0.05
OBS: 0.0 g_PS1 1965.4801 90.5137 19.266328385463634 0.05
OBS: 4.231744327955733 g_PS1 1769.3241 81.4804 19.380481543656767 0.05
OBS: 8.463488655911465 g_PS1 1398.9811 64.4255 19.635470417232266 0.05
OBS: 12.695232983867198 g_PS1 953.3164 43.9018 20.051907317441017 0.05
OBS: 16.92697731182293 g_PS1 610.2411 28.1026 20.536246423109507 0.05
OBS: 21.158721639778662 g_PS1 383.2937 17.6513 21.041170928882718 0.05
OBS: 25.390465967734396 g_PS1 259.066 11.9304 21.46647379049411 0.05
OBS: 29.62221029569013 g_PS1 203.8183 9.3862 21.726891957488885 0.05
OBS: 33.85395462364586 g_PS1 177.9546 8.1951 21.874226712888596 0.05
OBS: 38.08569895160159 g_PS1 163.612 7.5346 21.965461958756055 0.05
OBS: -8.463488655911465 r_PS1 1208.8493 55.6696 19.794069586131613 0.05
OBS: -4.231744327955733 r_PS1 1998.2271 92.0218 19.248387901785797 0.05
OBS: 0.0 r_PS1 2514.1579 115.7813 18.99901861492676 0.05
OBS: 4.231744327955733 r_PS1 2556.8867 117.749 18.98072130471469 0.05
OBS: 8.463488655911465 r_PS1 2276.8948 104.8549 19.10664258980163 0.05
OBS: 12.695232983867198 r_PS1 1868.0395 86.0264 19.321534836434445 0.05
OBS: 16.92697731182293 r_PS1 1493.1292 68.7611 19.56475654137899 0.05
OBS: 21.158721639778662 r_PS1 1220.1876 56.1917 19.78393351490974 0.05
OBS: 25.390465967734396 r_PS1 916.1672 42.1911 20.095063142783125 0.05
OBS: 29.62221029569013 r_PS1 649.6013 29.9152 20.468382716217498 0.05
OBS: 33.85395462364586 r_PS1 503.7832 23.2001 20.74439080677722 0.05
OBS: 38.08569895160159 r_PS1 459.0107 21.1382 20.845443024061716 0.05
OBS: -8.463488655911465 i_PS1 1261.6723 58.1022 19.747633617595767 0.05
OBS: -4.231744327955733 i_PS1 1895.3869 87.2858 19.30575533577258 0.05
OBS: 0.0 i_PS1 2022.3821 93.1341 19.235341971483905 0.05
OBS: 4.231744327955733 i_PS1 1981.6536 91.2585 19.257430670436086 0.05
OBS: 8.463488655911465 i_PS1 1664.3838 76.6477 19.446866323378828 0.05
OBS: 12.695232983867198 i_PS1 1362.3821 62.74 19.664252671440693 0.05
OBS: 16.92697731182293 i_PS1 1312.9019 60.4614 19.704419303745574 0.05
OBS: 21.158721639778662 i_PS1 1316.8424 60.6428 19.70116546980247 0.05
OBS: 25.390465967734396 i_PS1 1118.9785 51.5309 19.87794564720292 0.05
OBS: 29.62221029569013 i_PS1 847.0712 39.0091 20.180200183023537 0.05
OBS: 33.85395462364586 i_PS1 649.4962 29.9104 20.46855843722652 0.05
OBS: 38.08569895160159 i_PS1 522.3169 24.0536 20.70516472243873 0.05
OBS: -8.463488655911465 z_PS1 1174.7054 54.0972 19.825177584469273 0.05
OBS: -4.231744327955733 z_PS1 1804.0519 83.0797 19.359377445668585 0.05
OBS: 0.0 z_PS1 1961.5234 90.3315 19.268516244862475 0.05
OBS: 4.231744327955733 z_PS1 1654.8068 76.2067 19.45313177459777 0.05
OBS: 8.463488655911465 z_PS1 1339.5519 61.6886 19.682601155331163 0.05
OBS: 12.695232983867198 z_PS1 1170.3918 53.8985 19.829171797503996 0.05
OBS: 16.92697731182293 z_PS1 1181.9936 54.4328 19.818462189806176 0.05
OBS: 21.158721639778662 z_PS1 1246.2877 57.3937 19.76095421925431 0.05
OBS: 25.390465967734396 z_PS1 1111.0091 51.1639 19.885705913292348 0.05
OBS: 29.62221029569013 z_PS1 859.7271 39.5919 20.164098397784628 0.05
OBS: 33.85395462364586 z_PS1 641.3417 29.5349 20.482276299987575 0.05
OBS: 38.08569895160159 z_PS1 492.7501 22.692 20.768433230690334 0.05
END: