# 582 
# SNANA-like file generated from user-provided data
# Zeropoint of the converted SNANA file: 27.5 mag
# -----------------------------------------------------------
# Data table created by: anonymous
# On date: 2023.03.14 (yyyy.mm.dd); 20.49 hrs (GMT).
# Script used: BayeSNmodel.io.write_snana_lcfile.py
# -----------------------------------------------------------
SNID: 582
MWEBV: 0
REDSHIFT_HELIO: 0.09664255463514769
REDSHIFT_CMB: 0.09664255463514769
REDSHIFT_CMB_ERR: 0.001
PEAKMJD: 0
FILTERS: g_PS1,i_PS1,r_PS1,z_PS1
# -----------------------------------------------------------
NOBS: 48
NVAR: 6
VARLIST: MJD FLT FLUXCAL FLUXCALERR MAG MAGERR
OBS: -8.773140437081182 g_PS1 1059.727 48.8022 19.937014973453127 0.05
OBS: -4.386570218540591 g_PS1 1755.2688 80.8331 19.389140891166942 0.05
OBS: 0.0 g_PS1 1882.2987 86.6831 19.313278630511622 0.05
OBS: 4.386570218540591 g_PS1 1557.5603 71.7283 19.518887860048306 0.05
OBS: 8.773140437081182 g_PS1 1115.3721 51.3648 19.88145051944525 0.05
OBS: 13.159710655621772 g_PS1 736.6304 33.9231 20.33187587724181 0.05
OBS: 17.546280874162363 g_PS1 494.1024 22.7543 20.765457561713088 0.05
OBS: 21.932851092702954 g_PS1 314.9516 14.5041 21.25439034018684 0.05
OBS: 26.319421311243545 g_PS1 198.0236 9.1193 21.758207685770568 0.05
OBS: 30.705991529784136 g_PS1 139.4271 6.4209 22.139131965785037 0.05
OBS: 35.09256174832473 g_PS1 114.1872 5.2585 22.35595634015665 0.05
OBS: 39.47913196686532 g_PS1 104.564 4.8153 22.45154500914948 0.05
OBS: -8.773140437081182 r_PS1 911.4153 41.9722 20.100709186331024 0.05
OBS: -4.386570218540591 r_PS1 1466.039 67.5136 19.584636190279745 0.05
OBS: 0.0 r_PS1 1759.9925 81.0507 19.386222940365286 0.05
OBS: 4.386570218540591 r_PS1 1687.1956 77.6982 19.432086441815713 0.05
OBS: 8.773140437081182 r_PS1 1417.6851 65.2868 19.621050538043875 0.05
OBS: 13.159710655621772 r_PS1 1093.478 50.3565 19.90297485606135 0.05
OBS: 17.546280874162363 r_PS1 827.3208 38.0995 20.205815168647554 0.05
OBS: 21.932851092702954 r_PS1 643.8113 29.6486 20.478103535804415 0.05
OBS: 26.319421311243545 r_PS1 478.3077 22.0269 20.80073147156991 0.05
OBS: 30.705991529784136 r_PS1 338.2329 15.5762 21.176960338713535 0.05
OBS: 35.09256174832473 r_PS1 257.5986 11.8629 21.472641297937606 0.05
OBS: 39.47913196686532 r_PS1 229.3379 10.5614 21.598810213966097 0.05
OBS: -8.773140437081182 i_PS1 775.1566 35.6973 20.27652637916502 0.05
OBS: -4.386570218540591 i_PS1 1204.6302 55.4753 19.797865672920196 0.05
OBS: 0.0 i_PS1 1288.9593 59.3588 19.724402016095212 0.05
OBS: 4.386570218540591 i_PS1 1150.3327 52.9748 19.847941338148047 0.05
OBS: 8.773140437081182 i_PS1 875.8217 40.3331 20.14396073446799 0.05
OBS: 13.159710655621772 i_PS1 702.6183 32.3568 20.383201294871526 0.05
OBS: 17.546280874162363 i_PS1 688.9425 31.727 20.40454261458379 0.05
OBS: 21.932851092702954 i_PS1 714.4562 32.9019 20.365060989385846 0.05
OBS: 26.319421311243545 i_PS1 619.9212 28.5484 20.519158770896617 0.05
OBS: 30.705991529784136 i_PS1 470.5245 21.6685 20.81854428994444 0.05
OBS: 35.09256174832473 i_PS1 358.2671 16.4988 21.114482606319847 0.05
OBS: 39.47913196686532 i_PS1 286.1818 13.1792 21.358395097402195 0.05
OBS: -8.773140437081182 z_PS1 652.3944 30.0439 20.463724431326526 0.05
OBS: -4.386570218540591 z_PS1 976.0071 44.9468 20.026367502833516 0.05
OBS: 0.0 z_PS1 960.8397 44.2483 20.04337262879134 0.05
OBS: 4.386570218540591 z_PS1 728.1528 33.5327 20.34444364063885 0.05
OBS: 8.773140437081182 z_PS1 493.559 22.7292 20.766652386139974 0.05
OBS: 13.159710655621772 z_PS1 405.8944 18.6921 20.978967380995527 0.05
OBS: 17.546280874162363 z_PS1 428.4815 19.7323 20.920169787916215 0.05
OBS: 21.932851092702954 z_PS1 508.3466 23.4102 20.73460010911848 0.05
OBS: 26.319421311243545 z_PS1 509.9851 23.4857 20.731106336970143 0.05
OBS: 30.705991529784136 z_PS1 429.675 19.7873 20.917149866264793 0.05
OBS: 35.09256174832473 z_PS1 338.2708 15.5779 21.176838626576902 0.05
OBS: 39.47913196686532 z_PS1 266.0706 12.253 21.43750794246094 0.05
END: