# 597 
# SNANA-like file generated from user-provided data
# Zeropoint of the converted SNANA file: 27.5 mag
# -----------------------------------------------------------
# Data table created by: anonymous
# On date: 2023.03.14 (yyyy.mm.dd); 20.49 hrs (GMT).
# Script used: BayeSNmodel.io.write_snana_lcfile.py
# -----------------------------------------------------------
SNID: 597
MWEBV: 0
REDSHIFT_HELIO: 0.09847312121948308
REDSHIFT_CMB: 0.09847312121948308
REDSHIFT_CMB_ERR: 0.001
PEAKMJD: 0
FILTERS: g_PS1,i_PS1,r_PS1,z_PS1
# -----------------------------------------------------------
NOBS: 48
NVAR: 6
VARLIST: MJD FLT FLUXCAL FLUXCALERR MAG MAGERR
OBS: -8.787784969755865 g_PS1 1914.3055 88.157 19.29497189406045 0.05
OBS: -4.393892484877933 g_PS1 2794.528 128.6928 18.8842288503342 0.05
OBS: 0.0 g_PS1 2916.7201 134.3199 18.837763122793287 0.05
OBS: 4.393892484877933 g_PS1 2655.4228 122.2867 18.93966580333724 0.05
OBS: 8.787784969755865 g_PS1 2155.5362 99.2661 19.16611169966019 0.05
OBS: 13.181677454633798 g_PS1 1524.6141 70.2111 19.542100202505022 0.05
OBS: 17.57556993951173 g_PS1 1066.1778 49.0993 19.930425961923856 0.05
OBS: 21.96946242438966 g_PS1 751.4429 34.6052 20.310259983612863 0.05
OBS: 26.363354909267596 g_PS1 541.6744 24.945 20.66565420283293 0.05
OBS: 30.75724739414553 g_PS1 424.8507 19.5651 20.92940925731298 0.05
OBS: 35.15113987902346 g_PS1 341.2782 15.7164 21.16722852857883 0.05
OBS: 39.54503236390139 g_PS1 265.3804 12.2212 21.44032775398944 0.05
OBS: -8.787784969755865 r_PS1 1569.9319 72.298 19.510297932295764 0.05
OBS: -4.393892484877933 r_PS1 2470.2577 113.7596 19.018144351032895 0.05
OBS: 0.0 r_PS1 2846.5656 131.0892 18.864196994449543 0.05
OBS: 4.393892484877933 r_PS1 2571.8176 118.4366 18.97439960233944 0.05
OBS: 8.787784969755865 r_PS1 2070.925 95.3696 19.2095890832016 0.05
OBS: 13.181677454633798 r_PS1 1641.821 75.6087 19.461685501369068 0.05
OBS: 17.57556993951173 r_PS1 1378.8239 63.4972 19.65122797068426 0.05
OBS: 21.96946242438966 r_PS1 1225.9837 56.4586 19.77878824979119 0.05
OBS: 26.363354909267596 r_PS1 1061.2777 48.8736 19.935427377181732 0.05
OBS: 30.75724739414553 r_PS1 853.8737 39.3223 20.171515878501026 0.05
OBS: 35.15113987902346 r_PS1 660.1467 30.4009 20.45089889652013 0.05
OBS: 39.54503236390139 r_PS1 526.2545 24.2349 20.697010429924127 0.05
OBS: -8.787784969755865 i_PS1 1052.4072 48.4651 19.944540510603403 0.05
OBS: -4.393892484877933 i_PS1 1620.8491 74.6429 19.47564353673002 0.05
OBS: 0.0 i_PS1 1782.5932 82.0915 19.372369388597015 0.05
OBS: 4.393892484877933 i_PS1 1693.9353 78.0086 19.427757966606762 0.05
OBS: 8.787784969755865 i_PS1 1339.6376 61.6926 19.682531648191386 0.05
OBS: 13.181677454633798 i_PS1 1010.9567 46.5563 19.988168633798743 0.05
OBS: 17.57556993951173 i_PS1 876.2585 40.3532 20.143419367976584 0.05
OBS: 21.96946242438966 i_PS1 901.7033 41.525 20.112340826463672 0.05
OBS: 26.363354909267596 i_PS1 967.9446 44.5755 20.035373708928063 0.05
OBS: 30.75724739414553 i_PS1 959.1398 44.17 20.045295240461336 0.05
OBS: 35.15113987902346 i_PS1 803.5377 37.0043 20.237484338932482 0.05
OBS: 39.54503236390139 i_PS1 563.7453 25.9614 20.622292582565322 0.05
OBS: -8.787784969755865 z_PS1 818.639 37.6997 20.217268893360313 0.05
OBS: -4.393892484877933 z_PS1 1132.4464 52.1511 19.864955878685166 0.05
OBS: 0.0 z_PS1 1102.5246 50.7731 19.894029305588987 0.05
OBS: 4.393892484877933 z_PS1 904.9241 41.6733 20.108469613843297 0.05
OBS: 8.787784969755865 z_PS1 660.0552 30.3967 20.451049286105167 0.05
OBS: 13.181677454633798 z_PS1 522.7666 24.0743 20.704230422264857 0.05
OBS: 17.57556993951173 z_PS1 491.1611 22.6188 20.771940100763786 0.05
OBS: 21.96946242438966 z_PS1 568.7637 26.1925 20.61267035572625 0.05
OBS: 26.363354909267596 z_PS1 680.3978 31.3335 20.418092817359238 0.05
OBS: 30.75724739414553 z_PS1 737.814 33.9776 20.330132704322452 0.05
OBS: 35.15113987902346 z_PS1 680.9614 31.3594 20.417193741993096 0.05
OBS: 39.54503236390139 z_PS1 545.0396 25.1 20.658929758223216 0.05
END: