# 613 
# SNANA-like file generated from user-provided data
# Zeropoint of the converted SNANA file: 27.5 mag
# -----------------------------------------------------------
# Data table created by: anonymous
# On date: 2023.03.14 (yyyy.mm.dd); 20.49 hrs (GMT).
# Script used: BayeSNmodel.io.write_snana_lcfile.py
# -----------------------------------------------------------
SNID: 613
MWEBV: 0
REDSHIFT_HELIO: 0.0896471199758117
REDSHIFT_CMB: 0.0896471199758117
REDSHIFT_CMB_ERR: 0.001
PEAKMJD: 0
FILTERS: g_PS1,i_PS1,r_PS1,z_PS1
# -----------------------------------------------------------
NOBS: 48
NVAR: 6
VARLIST: MJD FLT FLUXCAL FLUXCALERR MAG MAGERR
OBS: -8.717176959806494 g_PS1 1147.2177 52.8313 19.850885375974013 0.05
OBS: -4.358588479903247 g_PS1 2133.9862 98.2737 19.17702095913067 0.05
OBS: 0.0 g_PS1 2455.738 113.0909 19.02454490463806 0.05
OBS: 4.358588479903247 g_PS1 2041.3388 94.0071 19.225212263071224 0.05
OBS: 8.717176959806494 g_PS1 1399.2339 64.4371 19.635274166125026 0.05
OBS: 13.075765439709741 g_PS1 874.6259 40.278 20.14544415732161 0.05
OBS: 17.434353919612988 g_PS1 568.5094 26.1808 20.613155962304884 0.05
OBS: 21.792942399516235 g_PS1 375.2963 17.283 21.06406434662338 0.05
OBS: 26.151530879419482 g_PS1 264.8562 12.1971 21.442474843393104 0.05
OBS: 30.51011935932273 g_PS1 213.4332 9.829 21.676845094741605 0.05
OBS: 34.868707839225976 g_PS1 186.6359 8.5949 21.822511759895878 0.05
OBS: 39.22729631912922 g_PS1 166.0883 7.6486 21.949152431992534 0.05
OBS: -8.717176959806494 r_PS1 1096.8997 50.5141 19.899582719052823 0.05
OBS: -4.358588479903247 r_PS1 1943.7324 89.5122 19.278408799949787 0.05
OBS: 0.0 r_PS1 2479.0022 114.1623 19.014307724490536 0.05
OBS: 4.358588479903247 r_PS1 2388.8174 110.0091 19.054542627016666 0.05
OBS: 8.717176959806494 r_PS1 1964.6097 90.4736 19.26680926328254 0.05
OBS: 13.075765439709741 r_PS1 1495.41 68.8662 19.563099322776885 0.05
OBS: 17.434353919612988 r_PS1 1155.6426 53.2193 19.84294115903443 0.05
OBS: 21.792942399516235 r_PS1 947.4109 43.6299 20.05865405588567 0.05
OBS: 26.151530879419482 r_PS1 741.1231 34.13 20.325274152288742 0.05
OBS: 30.51011935932273 r_PS1 548.2417 25.2475 20.652569784462564 0.05
OBS: 34.868707839225976 r_PS1 430.9871 19.8477 20.913839370406542 0.05
OBS: 39.22729631912922 r_PS1 386.8623 17.8157 21.031109086566964 0.05
OBS: -8.717176959806494 i_PS1 1157.0179 53.2826 19.84164977213762 0.05
OBS: -4.358588479903247 i_PS1 2006.8941 92.4209 19.243688881236054 0.05
OBS: 0.0 i_PS1 2196.411 101.1485 19.14571599356733 0.05
OBS: 4.358588479903247 i_PS1 1826.2581 84.1023 19.34609459078318 0.05
OBS: 8.717176959806494 i_PS1 1271.959 58.5759 19.738817177775935 0.05
OBS: 13.075765439709741 i_PS1 1018.5933 46.908 19.979998001342544 0.05
OBS: 17.434353919612988 i_PS1 1091.2754 50.2551 19.90516408933169 0.05
OBS: 21.792942399516235 i_PS1 1218.5169 56.1148 19.785421114336216 0.05
OBS: 26.151530879419482 i_PS1 1035.8588 47.7031 19.96174863594124 0.05
OBS: 30.51011935932273 i_PS1 740.2661 34.0905 20.32653035957373 0.05
OBS: 34.868707839225976 i_PS1 554.3421 25.5284 20.640555260742133 0.05
OBS: 39.22729631912922 i_PS1 467.3463 21.5221 20.825903027331464 0.05
OBS: -8.717176959806494 z_PS1 1088.5345 50.1289 19.907894524776857 0.05
OBS: -4.358588479903247 z_PS1 1635.205 75.304 19.466069476517767 0.05
OBS: 0.0 z_PS1 1602.849 73.8139 19.487768493730776 0.05
OBS: 4.358588479903247 z_PS1 1184.5439 54.5503 19.816122059263314 0.05
OBS: 8.717176959806494 z_PS1 787.6859 36.2743 20.25911729215698 0.05
OBS: 13.075765439709741 z_PS1 641.1204 29.5247 20.48265098610851 0.05
OBS: 17.434353919612988 z_PS1 685.5096 31.5689 20.40996618234282 0.05
OBS: 21.792942399516235 z_PS1 819.6135 37.7446 20.215977176138068 0.05
OBS: 26.151530879419482 z_PS1 809.3066 37.2699 20.22971734465687 0.05
OBS: 30.51011935932273 z_PS1 663.8826 30.5729 20.444771849392886 0.05
OBS: 34.868707839225976 z_PS1 517.9547 23.8527 20.71427053090894 0.05
OBS: 39.22729631912922 z_PS1 417.266 19.2158 20.948967506809318 0.05
END: