# 622 
# SNANA-like file generated from user-provided data
# Zeropoint of the converted SNANA file: 27.5 mag
# -----------------------------------------------------------
# Data table created by: anonymous
# On date: 2023.03.14 (yyyy.mm.dd); 20.49 hrs (GMT).
# Script used: BayeSNmodel.io.write_snana_lcfile.py
# -----------------------------------------------------------
SNID: 622
MWEBV: 0
REDSHIFT_HELIO: 0.07818266502849959
REDSHIFT_CMB: 0.07818266502849959
REDSHIFT_CMB_ERR: 0.001
PEAKMJD: 0
FILTERS: g_PS1,i_PS1,r_PS1,z_PS1
# -----------------------------------------------------------
NOBS: 48
NVAR: 6
VARLIST: MJD FLT FLUXCAL FLUXCALERR MAG MAGERR
OBS: -8.625461320227997 g_PS1 1959.1887 90.224 19.269809340188 0.05
OBS: -4.312730660113998 g_PS1 3045.079 140.2311 18.79100358557282 0.05
OBS: 0.0 g_PS1 3207.1141 147.6931 18.734713966948302 0.05
OBS: 4.312730660113998 g_PS1 2769.4394 127.5374 18.894020326087475 0.05
OBS: 8.625461320227997 g_PS1 2078.5295 95.7198 19.205609533172517 0.05
OBS: 12.938191980341994 g_PS1 1438.8653 66.2622 19.604949626731592 0.05
OBS: 17.250922640455993 g_PS1 1013.7638 46.6856 19.985158003244816 0.05
OBS: 21.563653300569992 g_PS1 686.8118 31.6289 20.40790557365739 0.05
OBS: 25.876383960683988 g_PS1 454.9823 20.9527 20.855013740343505 0.05
OBS: 30.189114620797987 g_PS1 329.8964 15.1923 21.204056079418375 0.05
OBS: 34.501845280911986 g_PS1 263.5249 12.1358 21.447945917105567 0.05
OBS: 38.814575941025986 g_PS1 223.5124 10.2931 21.626746029593985 0.05
OBS: -8.625461320227997 r_PS1 1948.9331 89.7517 19.275507652091143 0.05
OBS: -4.312730660113998 r_PS1 2963.3896 136.4691 18.820528109330986 0.05
OBS: 0.0 r_PS1 3344.6482 154.0267 18.68912389642884 0.05
OBS: 4.312730660113998 r_PS1 2985.6551 137.4945 18.812400896586766 0.05
OBS: 8.625461320227997 r_PS1 2377.0683 109.468 19.059895826141414 0.05
OBS: 12.938191980341994 r_PS1 1841.9939 84.827 19.33677951096712 0.05
OBS: 17.250922640455993 r_PS1 1491.5645 68.6891 19.565894881027198 0.05
OBS: 21.563653300569992 r_PS1 1298.8403 59.8138 19.71611060835187 0.05
OBS: 25.876383960683988 r_PS1 1116.8344 51.4321 19.880028075973748 0.05
OBS: 30.189114620797987 r_PS1 888.4682 40.9155 20.1283952553434 0.05
OBS: 34.501845280911986 r_PS1 678.8722 31.2632 20.420529882183203 0.05
OBS: 38.814575941025986 r_PS1 532.3141 24.514 20.684580012434388 0.05
OBS: -8.625461320227997 i_PS1 1498.2291 68.996 19.56105444112537 0.05
OBS: -4.312730660113998 i_PS1 2080.068 95.7907 19.204806180970877 0.05
OBS: 0.0 i_PS1 2045.7437 94.21 19.22287194249214 0.05
OBS: 4.312730660113998 i_PS1 1793.7062 82.6032 19.365621717317993 0.05
OBS: 8.625461320227997 i_PS1 1359.2895 62.5976 19.66672007774602 0.05
OBS: 12.938191980341994 i_PS1 1050.3907 48.3723 19.946622881105867 0.05
OBS: 17.250922640455993 i_PS1 1004.4534 46.2568 19.99517549786823 0.05
OBS: 21.563653300569992 i_PS1 1121.6361 51.6532 19.87537008873246 0.05
OBS: 25.876383960683988 i_PS1 1202.7423 55.3883 19.799568512357112 0.05
OBS: 30.189114620797987 i_PS1 1142.1268 52.5969 19.855714197376045 0.05
OBS: 34.501845280911986 i_PS1 930.378 42.8455 20.07835146995361 0.05
OBS: 38.814575941025986 i_PS1 657.9403 30.2993 20.454533847620112 0.05
OBS: -8.625461320227997 z_PS1 1341.2491 61.7668 19.68122640668482 0.05
OBS: -4.312730660113998 z_PS1 1762.8596 81.1827 19.384455716279795 0.05
OBS: 0.0 z_PS1 1658.952 76.3976 19.45041546585658 0.05
OBS: 4.312730660113998 z_PS1 1289.4658 59.3821 19.723975449260926 0.05
OBS: 8.625461320227997 z_PS1 942.7943 43.4173 20.063957642812916 0.05
OBS: 12.938191980341994 z_PS1 749.3548 34.5091 20.31328129864255 0.05
OBS: 17.250922640455993 z_PS1 718.6936 33.0971 20.35864052603285 0.05
OBS: 21.563653300569992 z_PS1 816.281 37.5911 20.220400845257444 0.05
OBS: 25.876383960683988 z_PS1 916.38 42.2009 20.094810949218548 0.05
OBS: 30.189114620797987 z_PS1 921.3098 42.4279 20.0889857580055 0.05
OBS: 34.501845280911986 z_PS1 799.3951 36.8135 20.243096235442216 0.05
OBS: 38.814575941025986 z_PS1 622.5983 28.6717 20.51448023447196 0.05
END: