# 627 
# SNANA-like file generated from user-provided data
# Zeropoint of the converted SNANA file: 27.5 mag
# -----------------------------------------------------------
# Data table created by: anonymous
# On date: 2023.03.14 (yyyy.mm.dd); 20.49 hrs (GMT).
# Script used: BayeSNmodel.io.write_snana_lcfile.py
# -----------------------------------------------------------
SNID: 627
MWEBV: 0
REDSHIFT_HELIO: 0.09241366363104331
REDSHIFT_CMB: 0.09241366363104331
REDSHIFT_CMB_ERR: 0.001
PEAKMJD: 0
FILTERS: g_PS1,i_PS1,r_PS1,z_PS1
# -----------------------------------------------------------
NOBS: 48
NVAR: 6
VARLIST: MJD FLT FLUXCAL FLUXCALERR MAG MAGERR
OBS: -8.739309309048346 g_PS1 1619.4338 74.5777 19.47659201094329 0.05
OBS: -4.369654654524173 g_PS1 2745.7618 126.447 18.903342851483675 0.05
OBS: 0.0 g_PS1 3119.1501 143.6422 18.764909329305606 0.05
OBS: 4.369654654524173 g_PS1 2815.2979 129.6493 18.876189112063404 0.05
OBS: 8.739309309048346 g_PS1 2139.4039 98.5232 19.174268025289717 0.05
OBS: 13.10896396357252 g_PS1 1416.215 65.2191 19.62217703818155 0.05
OBS: 17.478618618096693 g_PS1 919.1854 42.3301 20.091492220146637 0.05
OBS: 21.848273272620865 g_PS1 590.5589 27.1962 20.571841900094473 0.05
OBS: 26.21792792714504 g_PS1 405.5126 18.6745 20.979989004089273 0.05
OBS: 30.587582581669214 g_PS1 318.1416 14.651 21.243448714238976 0.05
OBS: 34.957237236193386 g_PS1 271.944 12.5235 21.413801258003634 0.05
OBS: 39.32689189071756 g_PS1 238.5339 10.9849 21.556124535029124 0.05
OBS: -8.739309309048346 r_PS1 1255.1552 57.802 19.753256388562768 0.05
OBS: -4.369654654524173 r_PS1 2189.9256 100.8498 19.14892657840184 0.05
OBS: 0.0 r_PS1 2746.8994 126.4994 18.902893117829194 0.05
OBS: 4.369654654524173 r_PS1 2615.2453 120.4365 18.956218905657828 0.05
OBS: 8.739309309048346 r_PS1 2148.6192 98.9476 19.169601351044058 0.05
OBS: 13.10896396357252 r_PS1 1672.8301 77.0367 19.441370430301227 0.05
OBS: 17.478618618096693 r_PS1 1339.3003 61.6771 19.68280509575286 0.05
OBS: 21.848273272620865 r_PS1 1139.8633 52.4926 19.85786807334781 0.05
OBS: 26.21792792714504 r_PS1 942.4329 43.4006 20.064373947034696 0.05
OBS: 30.587582581669214 r_PS1 720.6923 33.1891 20.35562526493353 0.05
OBS: 34.957237236193386 r_PS1 547.3612 25.2069 20.6543150543529 0.05
OBS: 39.32689189071756 r_PS1 446.2827 20.5521 20.875974987825018 0.05
OBS: -8.739309309048346 i_PS1 1065.2129 49.0549 19.931408969155896 0.05
OBS: -4.369654654524173 i_PS1 1650.771 76.0208 19.45578293799634 0.05
OBS: 0.0 i_PS1 1780.7159 82.005 19.373513419507063 0.05
OBS: 4.369654654524173 i_PS1 1623.7074 74.7745 19.473730576632533 0.05
OBS: 8.739309309048346 i_PS1 1269.5387 58.4644 19.740885105907566 0.05
OBS: 13.10896396357252 i_PS1 1043.0579 48.0346 19.954228973006956 0.05
OBS: 17.478618618096693 i_PS1 1053.9249 48.535 19.942975880387685 0.05
OBS: 21.848273272620865 i_PS1 1153.5092 53.1211 19.844947365165908 0.05
OBS: 26.21792792714504 i_PS1 1087.1064 50.0631 19.909319848903934 0.05
OBS: 30.587582581669214 i_PS1 880.2104 40.5352 20.138533790035552 0.05
OBS: 34.957237236193386 i_PS1 661.8473 30.4792 20.448105456838015 0.05
OBS: 39.32689189071756 i_PS1 481.081 22.1546 20.79445445603281 0.05
OBS: -8.739309309048346 z_PS1 956.5839 44.0523 20.048192384822222 0.05
OBS: -4.369654654524173 z_PS1 1283.4543 59.1053 19.72904895149623 0.05
OBS: 0.0 z_PS1 1240.8467 57.1431 19.76570466307296 0.05
OBS: 4.369654654524173 z_PS1 1033.9211 47.6138 19.96378153215759 0.05
OBS: 8.739309309048346 z_PS1 791.1797 36.4352 20.25431222271989 0.05
OBS: 13.10896396357252 z_PS1 662.1859 30.4948 20.4475501336791 0.05
OBS: 17.478618618096693 z_PS1 646.728 29.7829 20.473195910303296 0.05
OBS: 21.848273272620865 z_PS1 721.4075 33.222 20.354548368546794 0.05
OBS: 26.21792792714504 z_PS1 746.4077 34.3733 20.3175596703161 0.05
OBS: 30.587582581669214 z_PS1 678.9414 31.2664 20.42041920211947 0.05
OBS: 34.957237236193386 z_PS1 564.4607 25.9944 20.620915809518735 0.05
OBS: 39.32689189071756 z_PS1 450.437 20.7434 20.865914940833804 0.05
END: