# 630 
# SNANA-like file generated from user-provided data
# Zeropoint of the converted SNANA file: 27.5 mag
# -----------------------------------------------------------
# Data table created by: anonymous
# On date: 2023.03.14 (yyyy.mm.dd); 20.49 hrs (GMT).
# Script used: BayeSNmodel.io.write_snana_lcfile.py
# -----------------------------------------------------------
SNID: 630
MWEBV: 0
REDSHIFT_HELIO: 0.09844060952525178
REDSHIFT_CMB: 0.09844060952525178
REDSHIFT_CMB_ERR: 0.001
PEAKMJD: 0
FILTERS: g_PS1,i_PS1,r_PS1,z_PS1
# -----------------------------------------------------------
NOBS: 48
NVAR: 6
VARLIST: MJD FLT FLUXCAL FLUXCALERR MAG MAGERR
OBS: -8.787524876202014 g_PS1 660.4575 30.4152 20.45038784440344 0.05
OBS: -4.393762438101007 g_PS1 1370.8159 63.1284 19.657552184388106 0.05
OBS: 0.0 g_PS1 1598.0298 73.592 19.49103782711749 0.05
OBS: 4.393762438101007 g_PS1 1195.2165 55.0418 19.80638358316929 0.05
OBS: 8.787524876202014 g_PS1 730.5243 33.6419 20.340913336252637 0.05
OBS: 13.18128731430302 g_PS1 440.7748 20.2984 20.889458100752858 0.05
OBS: 17.575049752404027 g_PS1 302.9949 13.9534 21.29641159517696 0.05
OBS: 21.968812190505034 g_PS1 210.9053 9.7125 21.689781107508555 0.05
OBS: 26.36257462860604 g_PS1 143.0667 6.5885 22.11115382682897 0.05
OBS: 30.756337066707047 g_PS1 107.6707 4.9584 22.41975580194862 0.05
OBS: 35.150099504808054 g_PS1 92.9318 4.2797 22.579589359145526 0.05
OBS: 39.54386194290906 g_PS1 87.7118 4.0393 22.64235525757204 0.05
OBS: -8.787524876202014 r_PS1 605.4934 27.884 20.544726483723437 0.05
OBS: -4.393762438101007 r_PS1 1188.171 54.7173 19.812802631018762 0.05
OBS: 0.0 r_PS1 1585.4356 73.012 19.4996285013684 0.05
OBS: 4.393762438101007 r_PS1 1482.4701 68.2703 19.57253513506334 0.05
OBS: 8.787524876202014 r_PS1 1138.9186 52.4491 19.858768316882667 0.05
OBS: 13.18128731430302 r_PS1 823.3943 37.9187 20.210980377761125 0.05
OBS: 17.575049752404027 r_PS1 623.8679 28.7302 20.51226842276983 0.05
OBS: 21.968812190505034 r_PS1 500.2804 23.0388 20.751966250762962 0.05
OBS: 26.36257462860604 r_PS1 373.1302 17.1833 21.07034911660891 0.05
OBS: 30.756337066707047 r_PS1 263.3673 12.1285 21.448595508512028 0.05
OBS: 35.150099504808054 r_PS1 202.773 9.338 21.73247466275425 0.05
OBS: 39.54386194290906 r_PS1 183.6104 8.4556 21.840256927065703 0.05
OBS: -8.787524876202014 i_PS1 640.9228 29.5156 20.482985732244465 0.05
OBS: -4.393762438101007 i_PS1 1166.3543 53.7126 19.83292374534873 0.05
OBS: 0.0 i_PS1 1348.6806 62.109 19.675227213570636 0.05
OBS: 4.393762438101007 i_PS1 1168.6611 53.8188 19.83077849069263 0.05
OBS: 8.787524876202014 i_PS1 845.8209 38.9515 20.181803942995373 0.05
OBS: 13.18128731430302 i_PS1 701.2733 32.2948 20.385281734727045 0.05
OBS: 17.575049752404027 i_PS1 763.1967 35.1465 20.2934087994063 0.05
OBS: 21.968812190505034 i_PS1 813.2903 37.4534 20.22438604507098 0.05
OBS: 26.36257462860604 i_PS1 610.1203 28.0971 20.53646127620526 0.05
OBS: 30.756337066707047 i_PS1 376.7724 17.351 21.05980234992142 0.05
OBS: 35.150099504808054 i_PS1 259.6179 11.9558 21.464163558799086 0.05
OBS: 39.54386194290906 i_PS1 218.7171 10.0723 21.650293132548946 0.05
OBS: -8.787524876202014 z_PS1 590.3989 27.1889 20.57213608559278 0.05
OBS: -4.393762438101007 z_PS1 943.0073 43.4271 20.06371233228711 0.05
OBS: 0.0 z_PS1 964.5681 44.42 20.039167768348662 0.05
OBS: 4.393762438101007 z_PS1 740.3775 34.0956 20.326366933698033 0.05
OBS: 8.787524876202014 z_PS1 510.9018 23.5279 20.729156493678524 0.05
OBS: 13.18128731430302 z_PS1 455.0349 20.9551 20.854888207183357 0.05
OBS: 17.575049752404027 z_PS1 535.9814 24.6829 20.677125696387755 0.05
OBS: 21.968812190505034 z_PS1 652.8776 30.0661 20.462920645437826 0.05
OBS: 26.36257462860604 z_PS1 572.1805 26.3499 20.60616731889978 0.05
OBS: 30.756337066707047 z_PS1 393.7159 18.1313 21.012042738418636 0.05
OBS: 35.150099504808054 z_PS1 273.323 12.587 21.408309479024027 0.05
OBS: 39.54386194290906 z_PS1 214.0898 9.8592 21.673510255231264 0.05
END: