# 636 
# SNANA-like file generated from user-provided data
# Zeropoint of the converted SNANA file: 27.5 mag
# -----------------------------------------------------------
# Data table created by: anonymous
# On date: 2023.03.14 (yyyy.mm.dd); 20.49 hrs (GMT).
# Script used: BayeSNmodel.io.write_snana_lcfile.py
# -----------------------------------------------------------
SNID: 636
MWEBV: 0
REDSHIFT_HELIO: 0.09883492764183
REDSHIFT_CMB: 0.09883492764183
REDSHIFT_CMB_ERR: 0.001
PEAKMJD: 0
FILTERS: g_PS1,i_PS1,r_PS1,z_PS1
# -----------------------------------------------------------
NOBS: 48
NVAR: 6
VARLIST: MJD FLT FLUXCAL FLUXCALERR MAG MAGERR
OBS: -8.79067942113464 g_PS1 2008.2339 92.4826 19.242964253535963 0.05
OBS: -4.39533971056732 g_PS1 2840.8936 130.828 18.86636259091978 0.05
OBS: 0.0 g_PS1 2851.7637 131.3286 18.86221615649171 0.05
OBS: 4.39533971056732 g_PS1 2470.8599 113.7873 19.0178797114816 0.05
OBS: 8.79067942113464 g_PS1 1926.561 88.7214 19.28804308970376 0.05
OBS: 13.186019131701961 g_PS1 1349.8183 62.1614 19.67431176063023 0.05
OBS: 17.58135884226928 g_PS1 929.0695 42.7852 20.079879533737763 0.05
OBS: 21.976698552836602 g_PS1 613.7329 28.2634 20.53005154043029 0.05
OBS: 26.372038263403923 g_PS1 409.7909 18.8716 20.96859411916444 0.05
OBS: 30.767377973971243 g_PS1 304.6223 14.0284 21.29059564994436 0.05
OBS: 35.16271768453856 g_PS1 250.6204 11.5415 21.50245888045966 0.05
OBS: 39.558057395105884 g_PS1 217.752 10.0278 21.655094733627966 0.05
OBS: -8.79067942113464 r_PS1 1787.3921 82.3124 19.369450425781928 0.05
OBS: -4.39533971056732 r_PS1 2349.8007 108.2123 19.072422433709164 0.05
OBS: 0.0 r_PS1 2481.6769 114.2854 19.01313690677909 0.05
OBS: 4.39533971056732 r_PS1 2331.0405 107.3484 19.08112543995683 0.05
OBS: 8.79067942113464 r_PS1 2063.147 95.0114 19.213674567844542 0.05
OBS: 13.186019131701961 r_PS1 1724.2114 79.4029 19.408523712418578 0.05
OBS: 17.58135884226928 r_PS1 1413.0455 65.0732 19.624609603181867 0.05
OBS: 21.976698552836602 r_PS1 1178.0212 54.2499 19.822117192222777 0.05
OBS: 26.372038263403923 r_PS1 939.184 43.251 20.068123334479942 0.05
OBS: 30.767377973971243 r_PS1 699.733 32.2239 20.387669100941885 0.05
OBS: 35.16271768453856 r_PS1 529.7689 24.3968 20.68978375739203 0.05
OBS: 39.558057395105884 r_PS1 442.1876 20.3635 20.88598360660513 0.05
OBS: -8.79067942113464 i_PS1 1607.3701 74.0221 19.484710276834427 0.05
OBS: -4.39533971056732 i_PS1 1946.7202 89.6498 19.27674118379595 0.05
OBS: 0.0 i_PS1 1809.8322 83.3459 19.355904239881404 0.05
OBS: 4.39533971056732 i_PS1 1625.6828 74.8655 19.472410480734766 0.05
OBS: 8.79067942113464 i_PS1 1337.6994 61.6033 19.684103655483298 0.05
OBS: 13.186019131701961 i_PS1 1125.593 51.8355 19.87154656701224 0.05
OBS: 17.58135884226928 i_PS1 1096.9146 50.5148 19.899567910574177 0.05
OBS: 21.976698552836602 i_PS1 1158.3476 53.3439 19.84040272382429 0.05
OBS: 26.372038263403923 i_PS1 1098.9035 50.6064 19.89760110452569 0.05
OBS: 30.767377973971243 i_PS1 916.5274 42.2076 20.094636372073133 0.05
OBS: 35.16271768453856 i_PS1 704.981 32.4656 20.379556430932737 0.05
OBS: 39.558057395105884 i_PS1 514.0561 23.6732 20.722473698531964 0.05
OBS: -8.79067942113464 z_PS1 1100.6286 50.6858 19.895898034679036 0.05
OBS: -4.39533971056732 z_PS1 1270.3706 58.5027 19.740173906966014 0.05
OBS: 0.0 z_PS1 1113.5216 51.2796 19.88325338722658 0.05
OBS: 4.39533971056732 z_PS1 918.7276 42.309 20.092033063728067 0.05
OBS: 8.79067942113464 z_PS1 717.2401 33.0301 20.360838633739966 0.05
OBS: 13.186019131701961 z_PS1 612.8445 28.2225 20.53162424695592 0.05
OBS: 17.58135884226928 z_PS1 601.894 27.7182 20.551199961761412 0.05
OBS: 21.976698552836602 z_PS1 686.4037 31.6101 20.408550975620578 0.05
OBS: 26.372038263403923 z_PS1 746.9298 34.3974 20.316800601484474 0.05
OBS: 30.767377973971243 z_PS1 715.335 32.9424 20.363726297022545 0.05
OBS: 35.16271768453856 z_PS1 607.4242 27.9729 20.541269851779575 0.05
OBS: 39.558057395105884 z_PS1 475.3939 21.8927 20.80736607195432 0.05
END: