# 645 
# SNANA-like file generated from user-provided data
# Zeropoint of the converted SNANA file: 27.5 mag
# -----------------------------------------------------------
# Data table created by: anonymous
# On date: 2023.03.14 (yyyy.mm.dd); 20.49 hrs (GMT).
# Script used: BayeSNmodel.io.write_snana_lcfile.py
# -----------------------------------------------------------
SNID: 645
MWEBV: 0
REDSHIFT_HELIO: 0.09714445922293397
REDSHIFT_CMB: 0.09714445922293397
REDSHIFT_CMB_ERR: 0.001
PEAKMJD: 0
FILTERS: g_PS1,i_PS1,r_PS1,z_PS1
# -----------------------------------------------------------
NOBS: 48
NVAR: 6
VARLIST: MJD FLT FLUXCAL FLUXCALERR MAG MAGERR
OBS: -8.777155673783472 g_PS1 1804.6327 83.1064 19.359027917337055 0.05
OBS: -4.388577836891736 g_PS1 2748.8399 126.5888 18.902126399072653 0.05
OBS: 0.0 g_PS1 2928.7582 134.8743 18.83329119409223 0.05
OBS: 4.388577836891736 g_PS1 2629.9288 121.1127 18.95014001091744 0.05
OBS: 8.777155673783472 g_PS1 2060.412 94.8855 19.215114835732816 0.05
OBS: 13.165733510675208 g_PS1 1411.0163 64.9797 19.626169916365324 0.05
OBS: 17.554311347566944 g_PS1 952.3799 43.8587 20.052974479003144 0.05
OBS: 21.94288918445868 g_PS1 651.0971 29.9841 20.465885603712128 0.05
OBS: 26.331467021350417 g_PS1 480.4429 22.1252 20.795895656770238 0.05
OBS: 30.720044858242154 g_PS1 394.25 18.1559 21.010570749693738 0.05
OBS: 35.10862269513389 g_PS1 327.5767 15.0855 21.211717499029216 0.05
OBS: 39.49720053202562 g_PS1 258.6797 11.9126 21.468094004061523 0.05
OBS: -8.777155673783472 r_PS1 1478.4643 68.0858 19.575472860326194 0.05
OBS: -4.388577836891736 r_PS1 2295.1985 105.6978 19.097949378142253 0.05
OBS: 0.0 r_PS1 2700.1931 124.3485 18.921512929773336 0.05
OBS: 4.388577836891736 r_PS1 2595.1233 119.5098 18.96460502349271 0.05
OBS: 8.777155673783472 r_PS1 2218.7155 102.1756 19.134745932320186 0.05
OBS: 13.165733510675208 r_PS1 1760.9885 81.0965 19.38560870079411 0.05
OBS: 17.554311347566944 r_PS1 1393.8759 64.1904 19.639439745224117 0.05
OBS: 21.94288918445868 r_PS1 1167.9749 53.7872 19.83141626024637 0.05
OBS: 26.331467021350417 r_PS1 987.2047 45.4625 20.013981968058282 0.05
OBS: 30.720044858242154 r_PS1 798.8468 36.7883 20.243841239128614 0.05
OBS: 35.10862269513389 r_PS1 643.4826 29.6335 20.478657912031345 0.05
OBS: 39.49720053202562 r_PS1 550.7108 25.3612 20.647690961875533 0.05
OBS: -8.777155673783472 i_PS1 1222.8926 56.3163 19.78152924813076 0.05
OBS: -4.388577836891736 i_PS1 1850.4332 85.2156 19.3318164664349 0.05
OBS: 0.0 i_PS1 1979.7662 91.1716 19.258465209121795 0.05
OBS: 4.388577836891736 i_PS1 1833.6235 84.4415 19.34172455616192 0.05
OBS: 8.777155673783472 i_PS1 1447.6508 66.6668 19.598340440445412 0.05
OBS: 13.165733510675208 i_PS1 1150.8212 52.9973 19.847480411814892 0.05
OBS: 17.554311347566944 i_PS1 1081.0686 49.785 19.915366910618282 0.05
OBS: 21.94288918445868 i_PS1 1136.4969 52.3376 19.86107940131427 0.05
OBS: 26.331467021350417 i_PS1 1109.6474 51.1012 19.88703747684854 0.05
OBS: 30.720044858242154 i_PS1 970.4321 44.69 20.03258711608111 0.05
OBS: 35.10862269513389 i_PS1 786.4815 36.2188 20.260778738363037 0.05
OBS: 39.49720053202562 i_PS1 602.7389 27.7572 20.549677024580888 0.05
OBS: -8.777155673783472 z_PS1 973.1198 44.8138 20.029584197418195 0.05
OBS: -4.388577836891736 z_PS1 1323.4789 60.9485 19.695707471048145 0.05
OBS: 0.0 z_PS1 1250.5096 57.5881 19.757282391052712 0.05
OBS: 4.388577836891736 z_PS1 984.1958 45.3239 20.017296258563903 0.05
OBS: 8.777155673783472 z_PS1 704.0585 32.4231 20.380978098935337 0.05
OBS: 13.165733510675208 z_PS1 584.1394 26.9006 20.58370882112026 0.05
OBS: 17.554311347566944 z_PS1 601.5979 27.7046 20.55173428871955 0.05
OBS: 21.94288918445868 z_PS1 729.1053 33.5765 20.343024300653973 0.05
OBS: 26.331467021350417 z_PS1 814.0334 37.4876 20.223394498660262 0.05
OBS: 30.720044858242154 z_PS1 779.2356 35.8851 20.270828068262908 0.05
OBS: 35.10862269513389 z_PS1 657.6448 30.2857 20.455021538543825 0.05
OBS: 39.49720053202562 z_PS1 513.6585 23.6548 20.723313765649422 0.05
END: