# 646 
# SNANA-like file generated from user-provided data
# Zeropoint of the converted SNANA file: 27.5 mag
# -----------------------------------------------------------
# Data table created by: anonymous
# On date: 2023.03.14 (yyyy.mm.dd); 20.49 hrs (GMT).
# Script used: BayeSNmodel.io.write_snana_lcfile.py
# -----------------------------------------------------------
SNID: 646
MWEBV: 0
REDSHIFT_HELIO: 0.08533545732038442
REDSHIFT_CMB: 0.08533545732038442
REDSHIFT_CMB_ERR: 0.001
PEAKMJD: 0
FILTERS: g_PS1,i_PS1,r_PS1,z_PS1
# -----------------------------------------------------------
NOBS: 48
NVAR: 6
VARLIST: MJD FLT FLUXCAL FLUXCALERR MAG MAGERR
OBS: -8.682683658563075 g_PS1 847.4627 39.0271 20.1796985552628 0.05
OBS: -4.341341829281538 g_PS1 1274.1096 58.6749 19.736983041507994 0.05
OBS: 0.0 g_PS1 1348.5406 62.1026 19.67533995312567 0.05
OBS: 4.341341829281538 g_PS1 1230.5103 56.6671 19.774786858078496 0.05
OBS: 8.682683658563075 g_PS1 976.5918 44.9737 20.025717348574428 0.05
OBS: 13.024025487844613 g_PS1 667.1309 30.7225 20.43947236094544 0.05
OBS: 17.36536731712615 g_PS1 436.3237 20.0934 20.900478008237908 0.05
OBS: 21.70670914640769 g_PS1 279.2711 12.8609 21.384934949367956 0.05
OBS: 26.048050975689225 g_PS1 191.7033 8.8283 21.793425911197115 0.05
OBS: 30.38939280497076 g_PS1 150.8589 6.9473 22.05357242914275 0.05
OBS: 34.7307346342523 g_PS1 127.3459 5.8645 22.23753774897902 0.05
OBS: 39.07207646353384 g_PS1 108.7347 5.0074 22.409079449918597 0.05
OBS: -8.682683658563075 r_PS1 938.6873 43.2281 20.06869765844207 0.05
OBS: -4.341341829281538 r_PS1 1519.787 69.9888 19.545543180230254 0.05
OBS: 0.0 r_PS1 1835.8981 84.5462 19.340378558425435 0.05
OBS: 4.341341829281538 r_PS1 1752.228 80.6931 19.391023483831276 0.05
OBS: 8.682683658563075 r_PS1 1460.4445 67.256 19.588787343173344 0.05
OBS: 13.024025487844613 r_PS1 1125.6806 51.8395 19.871462006571683 0.05
OBS: 17.36536731712615 r_PS1 872.2874 40.1703 20.148351038788654 0.05
OBS: 21.70670914640769 r_PS1 734.5669 33.8281 20.334921593939626 0.05
OBS: 26.048050975689225 r_PS1 632.2362 29.1156 20.49780155740649 0.05
OBS: 30.38939280497076 r_PS1 509.6161 23.4687 20.73189221202326 0.05
OBS: 34.7307346342523 r_PS1 392.6274 18.0812 21.015048526303453 0.05
OBS: 39.07207646353384 r_PS1 307.6852 14.1694 21.27973340393291 0.05
OBS: -8.682683658563075 i_PS1 1083.035 49.8756 19.91339372778061 0.05
OBS: -4.341341829281538 i_PS1 1415.2165 65.1731 19.62294277573401 0.05
OBS: 0.0 i_PS1 1375.5479 63.3463 19.653810697479415 0.05
OBS: 4.341341829281538 i_PS1 1233.1096 56.7868 19.772495817008107 0.05
OBS: 8.682683658563075 i_PS1 969.3503 44.6402 20.03379813429396 0.05
OBS: 13.024025487844613 i_PS1 769.6685 35.4445 20.284240712910346 0.05
OBS: 17.36536731712615 i_PS1 732.5226 33.7339 20.33794738257938 0.05
OBS: 21.70670914640769 i_PS1 792.1546 36.4801 20.252975069611708 0.05
OBS: 26.048050975689225 i_PS1 811.1082 37.3529 20.227303038946012 0.05
OBS: 30.38939280497076 i_PS1 739.3963 34.0505 20.327806801325224 0.05
OBS: 34.7307346342523 i_PS1 594.8403 27.3934 20.56399906284826 0.05
OBS: 39.07207646353384 i_PS1 429.315 19.7707 20.918059797113408 0.05
OBS: -8.682683658563075 z_PS1 1207.9107 55.6263 19.794912895543384 0.05
OBS: -4.341341829281538 z_PS1 1256.1175 57.8464 19.75242430730978 0.05
OBS: 0.0 z_PS1 1034.5643 47.6434 19.963106327280983 0.05
OBS: 4.341341829281538 z_PS1 823.254 37.9122 20.211165429082847 0.05
OBS: 8.682683658563075 z_PS1 651.3113 29.994 20.465528401293923 0.05
OBS: 13.024025487844613 z_PS1 547.5587 25.216 20.653923307105543 0.05
OBS: 17.36536731712615 z_PS1 521.361 24.0096 20.707153686670303 0.05
OBS: 21.70670914640769 z_PS1 574.3656 26.4505 20.602028948995333 0.05
OBS: 26.048050975689225 z_PS1 625.5429 28.8073 20.5093572103331 0.05
OBS: 30.38939280497076 z_PS1 617.2001 28.4231 20.52393496687357 0.05
OBS: 34.7307346342523 z_PS1 537.6342 24.759 20.67378274363461 0.05
OBS: 39.07207646353384 z_PS1 427.5596 19.6898 20.92250834668731 0.05
END: