# 647 
# SNANA-like file generated from user-provided data
# Zeropoint of the converted SNANA file: 27.5 mag
# -----------------------------------------------------------
# Data table created by: anonymous
# On date: 2023.03.14 (yyyy.mm.dd); 20.49 hrs (GMT).
# Script used: BayeSNmodel.io.write_snana_lcfile.py
# -----------------------------------------------------------
SNID: 647
MWEBV: 0
REDSHIFT_HELIO: 0.09664220889966862
REDSHIFT_CMB: 0.09664220889966862
REDSHIFT_CMB_ERR: 0.001
PEAKMJD: 0
FILTERS: g_PS1,i_PS1,r_PS1,z_PS1
# -----------------------------------------------------------
NOBS: 48
NVAR: 6
VARLIST: MJD FLT FLUXCAL FLUXCALERR MAG MAGERR
OBS: -8.773137671197349 g_PS1 2179.8969 100.388 19.153910113153298 0.05
OBS: -4.386568835598674 g_PS1 2935.4884 135.1842 18.8307990846594 0.05
OBS: 0.0 g_PS1 2908.31 133.9326 18.84089826588392 0.05
OBS: 4.386568835598674 g_PS1 2616.2773 120.484 18.955790555791157 0.05
OBS: 8.773137671197349 g_PS1 2140.313 98.5651 19.173806763106388 0.05
OBS: 13.159706506796024 g_PS1 1524.4672 70.2043 19.5422048131654 0.05
OBS: 17.546275342394697 g_PS1 1041.1693 47.9476 19.956196598839366 0.05
OBS: 21.93284417799337 g_PS1 690.7431 31.8099 20.401708538512853 0.05
OBS: 26.319413013592047 g_PS1 469.9784 21.6433 20.81980517729966 0.05
OBS: 30.70598184919072 g_PS1 355.9568 16.3924 21.121506706382373 0.05
OBS: 35.092550684789394 g_PS1 289.9356 13.352 21.3442461676897 0.05
OBS: 39.47911952038807 g_PS1 240.7835 11.0885 21.54593300546605 0.05
OBS: -8.773137671197349 r_PS1 1696.1723 78.1116 19.426325052879598 0.05
OBS: -4.386568835598674 r_PS1 2504.2321 115.3241 19.003313569073697 0.05
OBS: 0.0 r_PS1 2812.5335 129.522 18.87725572520111 0.05
OBS: 4.386568835598674 r_PS1 2593.011 119.4126 18.965489095921768 0.05
OBS: 8.773137671197349 r_PS1 2178.733 100.3344 19.154489947853413 0.05
OBS: 13.159706506796024 r_PS1 1778.7402 81.914 19.37471870725689 0.05
OBS: 17.546275342394697 r_PS1 1494.5359 68.8259 19.563734117831224 0.05
OBS: 21.93284417799337 r_PS1 1313.803 60.5029 19.70367441509177 0.05
OBS: 26.319413013592047 r_PS1 1118.3123 51.5002 19.878592284601687 0.05
OBS: 30.70598184919072 r_PS1 880.748 40.5599 20.1378707806046 0.05
OBS: 35.092550684789394 r_PS1 678.0553 31.2256 20.42183725444368 0.05
OBS: 39.47911952038807 r_PS1 551.1673 25.3822 20.64679140209244 0.05
OBS: -8.773137671197349 i_PS1 1587.9486 73.1277 19.497908893870665 0.05
OBS: -4.386568835598674 i_PS1 2126.1266 97.9117 19.181027208139305 0.05
OBS: 0.0 i_PS1 2101.7552 96.7894 19.193544687468616 0.05
OBS: 4.386568835598674 i_PS1 1881.3526 86.6395 19.313824505325847 0.05
OBS: 8.773137671197349 i_PS1 1478.4617 68.0857 19.575474788456106 0.05
OBS: 13.159706506796024 i_PS1 1182.6972 54.4652 19.817816110869117 0.05
OBS: 17.546275342394697 i_PS1 1128.0445 51.9484 19.869184440569533 0.05
OBS: 21.93284417799337 i_PS1 1215.8662 55.9927 19.787785554631334 0.05
OBS: 26.319413013592047 i_PS1 1235.6263 56.9027 19.77028217523553 0.05
OBS: 30.70598184919072 i_PS1 1120.0293 51.5793 19.87692658611312 0.05
OBS: 35.092550684789394 i_PS1 909.0495 41.8633 20.103531213650726 0.05
OBS: 39.47911952038807 i_PS1 672.7594 30.9817 20.430350622092554 0.05
OBS: -8.773137671197349 z_PS1 1269.0308 58.441 19.74131957388095 0.05
OBS: -4.386568835598674 z_PS1 1408.8569 64.8803 19.627832809246804 0.05
OBS: 0.0 z_PS1 1233.4601 56.8029 19.772187279709293 0.05
OBS: 4.386568835598674 z_PS1 1066.2698 49.1035 19.93033222266252 0.05
OBS: 8.773137671197349 z_PS1 875.0148 40.2959 20.144961517760983 0.05
OBS: 13.159706506796024 z_PS1 736.3982 33.9124 20.332218164076714 0.05
OBS: 17.546275342394697 z_PS1 673.8932 31.0339 20.428522388514587 0.05
OBS: 21.93284417799337 z_PS1 727.5999 33.5072 20.345268397543954 0.05
OBS: 26.319413013592047 z_PS1 799.9048 36.837 20.24240424544316 0.05
OBS: 30.70598184919072 z_PS1 808.7365 37.2437 20.230482328497686 0.05
OBS: 35.092550684789394 z_PS1 731.5967 33.6913 20.33932063743029 0.05
OBS: 39.47911952038807 z_PS1 606.7851 27.9435 20.542412745961144 0.05
END: