# 666 
# SNANA-like file generated from user-provided data
# Zeropoint of the converted SNANA file: 27.5 mag
# -----------------------------------------------------------
# Data table created by: anonymous
# On date: 2023.03.14 (yyyy.mm.dd); 20.49 hrs (GMT).
# Script used: BayeSNmodel.io.write_snana_lcfile.py
# -----------------------------------------------------------
SNID: 666
MWEBV: 0
REDSHIFT_HELIO: 0.08872692447863675
REDSHIFT_CMB: 0.08872692447863675
REDSHIFT_CMB_ERR: 0.001
PEAKMJD: 0
FILTERS: g_PS1,i_PS1,r_PS1,z_PS1
# -----------------------------------------------------------
NOBS: 48
NVAR: 6
VARLIST: MJD FLT FLUXCAL FLUXCALERR MAG MAGERR
OBS: -8.709815395829095 g_PS1 957.2546 44.0832 20.04743135949442 0.05
OBS: -4.354907697914547 g_PS1 1877.6725 86.47 19.315950374946983 0.05
OBS: 0.0 g_PS1 2248.4417 103.5446 19.120295913772406 0.05
OBS: 4.354907697914547 g_PS1 1905.7586 87.7634 19.299830274749286 0.05
OBS: 8.709815395829095 g_PS1 1328.0655 61.1597 19.691951290410604 0.05
OBS: 13.064723093743641 g_PS1 855.7986 39.411 20.16907102040663 0.05
OBS: 17.41963079165819 g_PS1 578.3099 26.6322 20.594598417545296 0.05
OBS: 21.774538489572738 g_PS1 391.4258 18.0258 21.01837626480295 0.05
OBS: 26.129446187487282 g_PS1 274.9427 12.6616 21.401894555788562 0.05
OBS: 30.48435388540183 g_PS1 216.9649 9.9916 21.659026089628096 0.05
OBS: 34.83926158331638 g_PS1 186.4351 8.5857 21.8236809919466 0.05
OBS: 39.19416928123093 g_PS1 164.7454 7.5868 21.957966876752973 0.05
OBS: -8.709815395829095 r_PS1 867.7386 39.9608 20.15402765034878 0.05
OBS: -4.354907697914547 r_PS1 1534.6815 70.6747 19.5349543744345 0.05
OBS: 0.0 r_PS1 2033.7874 93.6594 19.22923613233211 0.05
OBS: 4.354907697914547 r_PS1 2135.7958 98.357 19.176100667396803 0.05
OBS: 8.709815395829095 r_PS1 1886.654 86.8836 19.310769325722497 0.05
OBS: 13.064723093743641 r_PS1 1419.8238 65.3853 19.619413842221512 0.05
OBS: 17.41963079165819 r_PS1 1002.8268 46.1819 19.996935207000078 0.05
OBS: 21.774538489572738 r_PS1 760.5234 35.0234 20.297218476514395 0.05
OBS: 26.129446187487282 r_PS1 610.1001 28.0961 20.536497223702533 0.05
OBS: 30.48435388540183 r_PS1 485.3771 22.3524 20.784801701655574 0.05
OBS: 34.83926158331638 r_PS1 391.7284 18.0398 21.017537230507948 0.05
OBS: 39.19416928123093 r_PS1 336.3074 15.4875 21.183158875352042 0.05
OBS: -8.709815395829095 i_PS1 1020.0488 46.975 19.978447653811557 0.05
OBS: -4.354907697914547 i_PS1 1578.2595 72.6815 19.504553991829532 0.05
OBS: 0.0 i_PS1 1709.8384 78.741 19.417612319529724 0.05
OBS: 4.354907697914547 i_PS1 1611.1378 74.1956 19.482168313948982 0.05
OBS: 8.709815395829095 i_PS1 1288.4418 59.3349 19.724838003927786 0.05
OBS: 13.064723093743641 i_PS1 1029.3014 47.4011 19.968643584165548 0.05
OBS: 17.41963079165819 i_PS1 959.2284 44.1741 20.04519493980267 0.05
OBS: 21.774538489572738 i_PS1 938.4744 43.2183 20.068943927950677 0.05
OBS: 26.129446187487282 i_PS1 781.4948 35.9892 20.267684715484172 0.05
OBS: 30.48435388540183 i_PS1 581.962 26.8003 20.5877635067421 0.05
OBS: 34.83926158331638 i_PS1 444.4261 20.4666 20.880501167120826 0.05
OBS: 39.19416928123093 i_PS1 363.3735 16.734 21.099116990905095 0.05
OBS: -8.709815395829095 z_PS1 845.4121 38.9327 20.1823288867742 0.05
OBS: -4.354907697914547 z_PS1 1287.0138 59.2692 19.726042025606354 0.05
OBS: 0.0 z_PS1 1306.483 60.1658 19.709740591999086 0.05
OBS: 4.354907697914547 z_PS1 1027.1785 47.3033 19.97088518193835 0.05
OBS: 8.709815395829095 z_PS1 727.9979 33.5255 20.344674688716125 0.05
OBS: 13.064723093743641 z_PS1 610.8432 28.1304 20.535175654509963 0.05
OBS: 17.41963079165819 z_PS1 641.8778 29.5596 20.48136918359407 0.05
OBS: 21.774538489572738 z_PS1 727.8508 33.5188 20.344894085809152 0.05
OBS: 26.129446187487282 z_PS1 670.0885 30.8587 20.434669534464213 0.05
OBS: 30.48435388540183 z_PS1 518.5057 23.8781 20.713116196761824 0.05
OBS: 34.83926158331638 z_PS1 396.0171 18.2373 21.005715052165392 0.05
OBS: 39.19416928123093 z_PS1 325.023 14.9679 21.220214885029115 0.05
END: