# 67 
# SNANA-like file generated from user-provided data
# Zeropoint of the converted SNANA file: 27.5 mag
# -----------------------------------------------------------
# Data table created by: anonymous
# On date: 2023.03.14 (yyyy.mm.dd); 20.49 hrs (GMT).
# Script used: BayeSNmodel.io.write_snana_lcfile.py
# -----------------------------------------------------------
SNID: 67
MWEBV: 0
REDSHIFT_HELIO: 0.08837733533732885
REDSHIFT_CMB: 0.08837733533732885
REDSHIFT_CMB_ERR: 0.001
PEAKMJD: 0
FILTERS: g_PS1,i_PS1,r_PS1,z_PS1
# -----------------------------------------------------------
NOBS: 48
NVAR: 6
VARLIST: MJD FLT FLUXCAL FLUXCALERR MAG MAGERR
OBS: -8.707018682698632 g_PS1 1011.8753 46.5986 19.987182464155023 0.05
OBS: -4.353509341349316 g_PS1 2113.6477 97.3371 19.187418512032433 0.05
OBS: 0.0 g_PS1 2572.638 118.4744 18.974053320040344 0.05
OBS: 4.353509341349316 g_PS1 2094.9683 96.4769 19.197056363410628 0.05
OBS: 8.707018682698632 g_PS1 1397.0377 64.336 19.636979656053494 0.05
OBS: 13.060528024047947 g_PS1 894.3841 41.1879 20.121189838374928 0.05
OBS: 17.414037365397263 g_PS1 620.9556 28.5961 20.517348568824058 0.05
OBS: 21.76754670674658 g_PS1 423.7515 19.5145 20.93222192106278 0.05
OBS: 26.121056048095895 g_PS1 281.8515 12.9797 21.37494907148574 0.05
OBS: 30.47456538944521 g_PS1 207.9401 9.576 21.705154528874704 0.05
OBS: 34.828074730794526 g_PS1 176.9708 8.1498 21.880246107032338 0.05
OBS: 39.18158407214384 g_PS1 166.3649 7.6614 21.947345426584793 0.05
OBS: -8.707018682698632 r_PS1 925.3915 42.6159 20.084186250098377 0.05
OBS: -4.353509341349316 r_PS1 1690.3581 77.8439 19.430053227175016 0.05
OBS: 0.0 r_PS1 2210.5525 101.7997 19.138747918086032 0.05
OBS: 4.353509341349316 r_PS1 2169.7009 99.9184 19.159000312137806 0.05
OBS: 8.707018682698632 r_PS1 1810.648 83.3834 19.355414942101582 0.05
OBS: 13.060528024047947 r_PS1 1398.8437 64.4191 19.6355770568482 0.05
OBS: 17.414037365397263 r_PS1 1089.4179 50.1696 19.907013683958695 0.05
OBS: 21.76754670674658 r_PS1 880.1699 40.5333 20.13858369594349 0.05
OBS: 26.121056048095895 r_PS1 659.9456 30.3916 20.451229720346355 0.05
OBS: 30.47456538944521 r_PS1 468.1468 21.559 20.824044741308967 0.05
OBS: 34.828074730794526 r_PS1 365.162 16.8163 21.093786156113005 0.05
OBS: 39.18158407214384 r_PS1 338.8567 15.6049 21.174959821105197 0.05
OBS: -8.707018682698632 i_PS1 889.059 40.9427 20.127673497375284 0.05
OBS: -4.353509341349316 i_PS1 1627.3789 74.9436 19.47127829597494 0.05
OBS: 0.0 i_PS1 1867.7368 86.0125 19.32171078754518 0.05
OBS: 4.353509341349316 i_PS1 1616.3451 74.4354 19.47866479455152 0.05
OBS: 8.707018682698632 i_PS1 1167.3825 53.7599 19.83196707485851 0.05
OBS: 13.060528024047947 i_PS1 966.6216 44.5146 20.03685878404152 0.05
OBS: 17.414037365397263 i_PS1 1063.6632 48.9835 19.93298963834365 0.05
OBS: 21.76754670674658 i_PS1 1177.6717 54.2338 19.82243938933002 0.05
OBS: 26.121056048095895 i_PS1 944.1835 43.4813 20.062359027860275 0.05
OBS: 30.47456538944521 i_PS1 627.4937 28.8972 20.505976602143292 0.05
OBS: 34.828074730794526 i_PS1 452.7963 20.852 20.86024280970493 0.05
OBS: 39.18158407214384 i_PS1 386.1943 17.7849 21.03298538394369 0.05
OBS: -8.707018682698632 z_PS1 703.118 32.3798 20.38242940182029 0.05
OBS: -4.353509341349316 z_PS1 1214.4716 55.9285 19.789031560609253 0.05
OBS: 0.0 z_PS1 1325.0705 61.0218 19.694402553481055 0.05
OBS: 4.353509341349316 z_PS1 1039.467 47.8692 19.95797321080247 0.05
OBS: 8.707018682698632 z_PS1 717.6897 33.0508 20.360158287924108 0.05
OBS: 13.060528024047947 z_PS1 613.6274 28.2586 20.530238098186153 0.05
OBS: 17.414037365397263 z_PS1 690.1782 31.7839 20.40259694041371 0.05
OBS: 21.76754670674658 z_PS1 828.5525 38.1563 20.204199937817855 0.05
OBS: 26.121056048095895 z_PS1 758.7901 34.9436 20.299695851175024 0.05
OBS: 30.47456538944521 z_PS1 559.5876 25.77 20.63032970151456 0.05
OBS: 34.828074730794526 z_PS1 407.6501 18.773 20.974281202701007 0.05
OBS: 39.18158407214384 z_PS1 324.9668 14.9653 21.220402513718007 0.05
END: