# 682 
# SNANA-like file generated from user-provided data
# Zeropoint of the converted SNANA file: 27.5 mag
# -----------------------------------------------------------
# Data table created by: anonymous
# On date: 2023.03.14 (yyyy.mm.dd); 20.49 hrs (GMT).
# Script used: BayeSNmodel.io.write_snana_lcfile.py
# -----------------------------------------------------------
SNID: 682
MWEBV: 0
REDSHIFT_HELIO: 0.0626100058664677
REDSHIFT_CMB: 0.0626100058664677
REDSHIFT_CMB_ERR: 0.001
PEAKMJD: 0
FILTERS: g_PS1,i_PS1,r_PS1,z_PS1
# -----------------------------------------------------------
NOBS: 48
NVAR: 6
VARLIST: MJD FLT FLUXCAL FLUXCALERR MAG MAGERR
OBS: -8.50088004693174 g_PS1 2245.8613 103.4257 19.121542680253622 0.05
OBS: -4.25044002346587 g_PS1 3892.3793 179.2507 18.524462104441415 0.05
OBS: 0.0 g_PS1 4382.1376 201.8049 18.39578498574787 0.05
OBS: 4.25044002346587 g_PS1 3819.6719 175.9024 18.544934839165638 0.05
OBS: 8.50088004693174 g_PS1 2847.9964 131.1551 18.863651406438787 0.05
OBS: 12.751320070397611 g_PS1 2034.8275 93.7073 19.22868097897685 0.05
OBS: 17.00176009386348 g_PS1 1540.3829 70.9373 19.530928269208797 0.05
OBS: 21.25220011732935 g_PS1 1136.9106 52.3567 19.86068419221907 0.05
OBS: 25.502640140795222 g_PS1 808.4731 37.2316 20.23083602237192 0.05
OBS: 29.753080164261092 g_PS1 605.6617 27.8918 20.54442472825853 0.05
OBS: 34.00352018772696 g_PS1 472.1259 21.7422 20.814855414060947 0.05
OBS: 38.25396021119283 g_PS1 373.6243 17.206 21.068912233525108 0.05
OBS: -8.50088004693174 r_PS1 2225.7182 102.4981 19.131324574324815 0.05
OBS: -4.25044002346587 r_PS1 3505.5343 161.4358 18.638114457255355 0.05
OBS: 0.0 r_PS1 4205.3119 193.6618 18.440504474775942 0.05
OBS: 4.25044002346587 r_PS1 4104.1525 189.0032 18.466941267695887 0.05
OBS: 8.50088004693174 r_PS1 3528.2996 162.4842 18.631086372639437 0.05
OBS: 12.751320070397611 r_PS1 2811.9474 129.495 18.87748201647861 0.05
OBS: 17.00176009386348 r_PS1 2242.6951 103.2799 19.123074428192105 0.05
OBS: 21.25220011732935 r_PS1 1939.2917 89.3077 19.280892174207565 0.05
OBS: 25.502640140795222 r_PS1 1718.2944 79.1304 19.41225609408425 0.05
OBS: 29.753080164261092 r_PS1 1444.4589 66.5198 19.600736999882443 0.05
OBS: 34.00352018772696 r_PS1 1162.4903 53.5347 19.836526700590348 0.05
OBS: 38.25396021119283 r_PS1 940.8993 43.33 20.066142080769986 0.05
OBS: -8.50088004693174 i_PS1 2146.9462 98.8705 19.17044711262821 0.05
OBS: -4.25044002346587 i_PS1 2839.4893 130.7633 18.866899408725885 0.05
OBS: 0.0 i_PS1 2661.3137 122.558 18.93725982152754 0.05
OBS: 4.25044002346587 i_PS1 2291.9956 105.5503 19.09946553384755 0.05
OBS: 8.50088004693174 i_PS1 1745.1563 80.3674 19.39541415121603 0.05
OBS: 12.751320070397611 i_PS1 1380.1036 63.5561 19.650220811132982 0.05
OBS: 17.00176009386348 i_PS1 1380.8825 63.592 19.649608170782805 0.05
OBS: 21.25220011732935 i_PS1 1553.5316 71.5428 19.52169974847824 0.05
OBS: 25.502640140795222 i_PS1 1539.4421 70.8939 19.53159160730513 0.05
OBS: 29.753080164261092 i_PS1 1345.3611 61.9562 19.677902862734086 0.05
OBS: 34.00352018772696 i_PS1 1120.0902 51.5821 19.876867501499326 0.05
OBS: 38.25396021119283 i_PS1 916.297 42.197 20.09490933088931 0.05
OBS: -8.50088004693174 z_PS1 1942.3757 89.4497 19.279166929697837 0.05
OBS: -4.25044002346587 z_PS1 2378.7167 109.544 19.05914319849186 0.05
OBS: 0.0 z_PS1 2246.4103 103.451 19.121277277691725 0.05
OBS: 4.25044002346587 z_PS1 1880.3128 86.5916 19.314424763830537 0.05
OBS: 8.50088004693174 z_PS1 1584.3094 72.9601 19.500400000580775 0.05
OBS: 12.751320070397611 z_PS1 1340.2021 61.7186 19.682074235122414 0.05
OBS: 17.00176009386348 z_PS1 1235.8589 56.9134 19.77007774024954 0.05
OBS: 21.25220011732935 z_PS1 1263.999 58.2093 19.745633166892617 0.05
OBS: 25.502640140795222 z_PS1 1257.818 57.9247 19.750955454174907 0.05
OBS: 29.753080164261092 z_PS1 1143.5797 52.6638 19.854333914098518 0.05
OBS: 34.00352018772696 z_PS1 958.5762 44.1441 20.045933364386187 0.05
OBS: 38.25396021119283 z_PS1 773.0379 35.5997 20.279498009731213 0.05
END: