# 688 
# SNANA-like file generated from user-provided data
# Zeropoint of the converted SNANA file: 27.5 mag
# -----------------------------------------------------------
# Data table created by: anonymous
# On date: 2023.03.14 (yyyy.mm.dd); 20.49 hrs (GMT).
# Script used: BayeSNmodel.io.write_snana_lcfile.py
# -----------------------------------------------------------
SNID: 688
MWEBV: 0
REDSHIFT_HELIO: 0.07961625514644405
REDSHIFT_CMB: 0.07961625514644405
REDSHIFT_CMB_ERR: 0.001
PEAKMJD: 0
FILTERS: g_PS1,i_PS1,r_PS1,z_PS1
# -----------------------------------------------------------
NOBS: 48
NVAR: 6
VARLIST: MJD FLT FLUXCAL FLUXCALERR MAG MAGERR
OBS: -8.636930041171553 g_PS1 1731.4986 79.7385 19.403944607507203 0.05
OBS: -4.318465020585776 g_PS1 3064.6428 141.132 18.784050353699758 0.05
OBS: 0.0 g_PS1 3486.3112 160.5506 18.644084614646406 0.05
OBS: 4.318465020585776 g_PS1 3018.8605 139.0237 18.80039238508903 0.05
OBS: 8.636930041171553 g_PS1 2156.8292 99.3257 19.16546060980203 0.05
OBS: 12.95539506175733 g_PS1 1357.0551 62.4947 19.66850630723076 0.05
OBS: 17.273860082343106 g_PS1 849.4616 39.1192 20.177140658889908 0.05
OBS: 21.592325102928882 g_PS1 531.2793 24.4663 20.686692717783668 0.05
OBS: 25.91079012351466 g_PS1 358.7265 16.52 21.113091438961145 0.05
OBS: 30.229255144100435 g_PS1 281.8081 12.9777 21.375116379822952 0.05
OBS: 34.54772016468621 g_PS1 247.0146 11.3754 21.518193330465888 0.05
OBS: 38.86618518527199 g_PS1 226.8331 10.4461 21.610733748930915 0.05
OBS: -8.636930041171553 r_PS1 1621.166 74.6575 19.475431292854246 0.05
OBS: -4.318465020585776 r_PS1 2556.4285 117.7279 18.980915867337913 0.05
OBS: 0.0 r_PS1 3022.0795 139.1719 18.799235271060702 0.05
OBS: 4.318465020585776 r_PS1 2859.5209 131.6858 18.859266828716997 0.05
OBS: 8.636930041171553 r_PS1 2377.0685 109.468 19.05989575807967 0.05
OBS: 12.95539506175733 r_PS1 1822.0183 83.907 19.348618139745945 0.05
OBS: 17.273860082343106 r_PS1 1395.6047 64.27 19.63809392261758 0.05
OBS: 21.592325102928882 r_PS1 1141.5029 52.5682 19.856307461872547 0.05
OBS: 25.91079012351466 r_PS1 911.0776 41.9567 20.101111606427217 0.05
OBS: 30.229255144100435 r_PS1 688.3983 31.7019 20.405400530694223 0.05
OBS: 34.54772016468621 r_PS1 542.3899 24.978 20.66422098757444 0.05
OBS: 38.86618518527199 r_PS1 477.2378 21.9776 20.80316299307865 0.05
OBS: -8.636930041171553 i_PS1 1631.8952 75.1515 19.468269363552935 0.05
OBS: -4.318465020585776 i_PS1 2195.6536 101.1136 19.146090436451274 0.05
OBS: 0.0 i_PS1 2114.1033 97.3581 19.187184512863773 0.05
OBS: 4.318465020585776 i_PS1 1856.1997 85.4812 19.32843827875125 0.05
OBS: 8.636930041171553 i_PS1 1462.6272 67.3565 19.58716590613451 0.05
OBS: 12.95539506175733 i_PS1 1233.2086 56.7914 19.772408603779226 0.05
OBS: 17.273860082343106 i_PS1 1293.4153 59.564 19.720655020498796 0.05
OBS: 21.592325102928882 i_PS1 1413.6523 65.1011 19.624143482780823 0.05
OBS: 25.91079012351466 i_PS1 1246.6119 57.4086 19.760671828453695 0.05
OBS: 30.229255144100435 i_PS1 934.8427 43.0511 20.07315364569731 0.05
OBS: 34.54772016468621 i_PS1 690.2384 31.7867 20.402502149720874 0.05
OBS: 38.86618518527199 i_PS1 529.3509 24.3775 20.69064092112047 0.05
OBS: -8.636930041171553 z_PS1 1401.7026 64.5508 19.63336031951932 0.05
OBS: -4.318465020585776 z_PS1 1872.5653 86.2348 19.318907555878177 0.05
OBS: 0.0 z_PS1 1783.3667 82.1271 19.371898370291746 0.05
OBS: 4.318465020585776 z_PS1 1409.7535 64.9215 19.627142062973718 0.05
OBS: 8.636930041171553 z_PS1 1060.7947 48.8514 19.935921668103333 0.05
OBS: 12.95539506175733 z_PS1 908.6 41.8426 20.104068181370373 0.05
OBS: 17.273860082343106 z_PS1 939.4079 43.2613 20.067864460150474 0.05
OBS: 21.592325102928882 z_PS1 1053.7672 48.5278 19.943138311380658 0.05
OBS: 25.91079012351466 z_PS1 1007.1421 46.3806 19.992273079698116 0.05
OBS: 30.229255144100435 z_PS1 816.3732 37.5954 20.22027818927883 0.05
OBS: 34.54772016468621 z_PS1 620.221 28.5622 20.518633907570482 0.05
OBS: 38.86618518527199 z_PS1 477.027 21.9679 20.803642515630358 0.05
END: