# 697 
# SNANA-like file generated from user-provided data
# Zeropoint of the converted SNANA file: 27.5 mag
# -----------------------------------------------------------
# Data table created by: anonymous
# On date: 2023.03.14 (yyyy.mm.dd); 20.49 hrs (GMT).
# Script used: BayeSNmodel.io.write_snana_lcfile.py
# -----------------------------------------------------------
SNID: 697
MWEBV: 0
REDSHIFT_HELIO: 0.08139609010363634
REDSHIFT_CMB: 0.08139609010363634
REDSHIFT_CMB_ERR: 0.001
PEAKMJD: 0
FILTERS: g_PS1,i_PS1,r_PS1,z_PS1
# -----------------------------------------------------------
NOBS: 48
NVAR: 6
VARLIST: MJD FLT FLUXCAL FLUXCALERR MAG MAGERR
OBS: -8.65116872082909 g_PS1 2243.5164 103.3177 19.12267689226245 0.05
OBS: -4.325584360414545 g_PS1 3892.7875 179.2695 18.52434824535855 0.05
OBS: 0.0 g_PS1 4337.9414 199.7696 18.406790785893943 0.05
OBS: 4.325584360414545 g_PS1 3664.6637 168.764 18.5899146718757 0.05
OBS: 8.65116872082909 g_PS1 2607.789 120.0931 18.9593188675012 0.05
OBS: 12.976753081243636 g_PS1 1744.5234 80.3383 19.395808020893494 0.05
OBS: 17.30233744165818 g_PS1 1217.9776 56.0899 19.785901762577733 0.05
OBS: 21.627921802072727 g_PS1 817.3949 37.6424 20.218920240654857 0.05
OBS: 25.953506162487272 g_PS1 532.772 24.5351 20.683646427466403 0.05
OBS: 30.279090522901818 g_PS1 382.9557 17.6358 21.042128592989155 0.05
OBS: 34.60467488331636 g_PS1 314.8098 14.4975 21.254879457047185 0.05
OBS: 38.93025924373091 g_PS1 285.8822 13.1654 21.35953239043351 0.05
OBS: -8.65116872082909 r_PS1 1692.8955 77.9607 19.428424620922918 0.05
OBS: -4.325584360414545 r_PS1 3035.379 139.7844 18.794467698090664 0.05
OBS: 0.0 r_PS1 3851.4574 177.3662 18.53593724354087 0.05
OBS: 4.325584360414545 r_PS1 3620.0522 166.7096 18.603212907765567 0.05
OBS: 8.65116872082909 r_PS1 2917.9649 134.3772 18.83729985699695 0.05
OBS: 12.976753081243636 r_PS1 2281.3697 105.061 19.10451082517441 0.05
OBS: 17.30233744165818 r_PS1 1868.8357 86.0631 19.321072214012432 0.05
OBS: 21.627921802072727 r_PS1 1605.0918 73.9172 19.486250283166342 0.05
OBS: 25.953506162487272 r_PS1 1296.5872 59.71 19.717995669354615 0.05
OBS: 30.279090522901818 r_PS1 966.3614 44.5026 20.03715101109193 0.05
OBS: 34.60467488331636 r_PS1 741.2223 34.1345 20.325128774685595 0.05
OBS: 38.93025924373091 r_PS1 635.5692 29.269 20.492092858609183 0.05
OBS: -8.65116872082909 i_PS1 1457.7887 67.1337 19.59076351678104 0.05
OBS: -4.325584360414545 i_PS1 2221.4348 102.3009 19.133416073672663 0.05
OBS: 0.0 i_PS1 2404.2387 110.7193 19.047556040148763 0.05
OBS: 4.325584360414545 i_PS1 2292.9712 105.5952 19.099003514637104 0.05
OBS: 8.65116872082909 i_PS1 1851.7523 85.2763 19.331042795040446 0.05
OBS: 12.976753081243636 i_PS1 1476.2383 67.9833 19.577108816239033 0.05
OBS: 17.30233744165818 i_PS1 1398.1341 64.3865 19.636127894461808 0.05
OBS: 21.627921802072727 i_PS1 1483.7033 68.3271 19.571632309439636 0.05
OBS: 25.953506162487272 i_PS1 1471.2423 67.7532 19.580789506331392 0.05
OBS: 30.279090522901818 i_PS1 1302.4209 59.9787 19.713121648877582 0.05
OBS: 34.60467488331636 i_PS1 1035.0414 47.6654 19.96260570023845 0.05
OBS: 38.93025924373091 i_PS1 750.2439 34.55 20.311993859803337 0.05
OBS: -8.65116872082909 z_PS1 1405.7843 64.7388 19.630203309243164 0.05
OBS: -4.325584360414545 z_PS1 1885.8435 86.8463 19.311235900669068 0.05
OBS: 0.0 z_PS1 1816.1099 83.635 19.352144679290376 0.05
OBS: 4.325584360414545 z_PS1 1467.9205 67.6002 19.583243671270885 0.05
OBS: 8.65116872082909 z_PS1 1107.3421 50.995 19.889295465074383 0.05
OBS: 12.976753081243636 z_PS1 909.3832 41.8786 20.103132720807842 0.05
OBS: 17.30233744165818 z_PS1 881.6726 40.6025 20.136731688055733 0.05
OBS: 21.627921802072727 z_PS1 986.2 45.4162 20.015087557515066 0.05
OBS: 25.953506162487272 z_PS1 1054.3515 48.5547 19.942536424419252 0.05
OBS: 30.279090522901818 z_PS1 1002.1161 46.1492 19.99770492947227 0.05
OBS: 34.60467488331636 z_PS1 835.5569 38.4788 20.1950599324932 0.05
OBS: 38.93025924373091 z_PS1 636.2684 29.3012 20.490899120715497 0.05
END: