# 71 
# SNANA-like file generated from user-provided data
# Zeropoint of the converted SNANA file: 27.5 mag
# -----------------------------------------------------------
# Data table created by: anonymous
# On date: 2023.03.14 (yyyy.mm.dd); 20.49 hrs (GMT).
# Script used: BayeSNmodel.io.write_snana_lcfile.py
# -----------------------------------------------------------
SNID: 71
MWEBV: 0
REDSHIFT_HELIO: 0.0852194636611211
REDSHIFT_CMB: 0.0852194636611211
REDSHIFT_CMB_ERR: 0.001
PEAKMJD: 0
FILTERS: g_PS1,i_PS1,r_PS1,z_PS1
# -----------------------------------------------------------
NOBS: 48
NVAR: 6
VARLIST: MJD FLT FLUXCAL FLUXCALERR MAG MAGERR
OBS: -8.681755709288968 g_PS1 2048.0494 94.3162 19.221648915403588 0.05
OBS: -4.340877854644484 g_PS1 2878.2722 132.5493 18.852170349467396 0.05
OBS: 0.0 g_PS1 2909.3521 133.9806 18.84050928387796 0.05
OBS: 4.340877854644484 g_PS1 2611.6398 120.2705 18.957716818679206 0.05
OBS: 8.681755709288968 g_PS1 2125.4451 97.8804 19.181375250590694 0.05
OBS: 13.022633563933452 g_PS1 1563.9097 72.0207 19.514470836897612 0.05
OBS: 17.363511418577936 g_PS1 1135.1573 52.2759 19.86235986234988 0.05
OBS: 21.704389273222418 g_PS1 785.8835 36.1913 20.261604538202025 0.05
OBS: 26.045267127866904 g_PS1 535.6992 24.6699 20.677697492796515 0.05
OBS: 30.38614498251139 g_PS1 396.8675 18.2764 21.00338607851435 0.05
OBS: 34.72702283715587 g_PS1 314.4506 14.481 21.2561190083924 0.05
OBS: 39.067900691800354 g_PS1 255.6817 11.7746 21.480750750304058 0.05
OBS: -8.681755709288968 r_PS1 1804.9894 83.1228 19.358813370558543 0.05
OBS: -4.340877854644484 r_PS1 2567.3586 118.2312 18.976283655250192 0.05
OBS: 0.0 r_PS1 2900.3159 133.5645 18.843886743468225 0.05
OBS: 4.340877854644484 r_PS1 2834.3508 130.5267 18.868865984195445 0.05
OBS: 8.681755709288968 r_PS1 2500.7129 115.1621 19.00484039631268 0.05
OBS: 13.022633563933452 r_PS1 1973.5575 90.8857 19.26187551761607 0.05
OBS: 17.363511418577936 r_PS1 1495.7397 68.8814 19.562859923868828 0.05
OBS: 21.704389273222418 r_PS1 1215.7045 55.9853 19.78792990898365 0.05
OBS: 26.045267127866904 r_PS1 1051.9692 48.445 19.94499244454918 0.05
OBS: 30.38614498251139 r_PS1 893.6652 41.1548 20.122062859382574 0.05
OBS: 34.72702283715587 r_PS1 730.4015 33.6362 20.34109584826053 0.05
OBS: 39.067900691800354 r_PS1 598.8019 27.5758 20.5567919974806 0.05
OBS: -8.681755709288968 i_PS1 1484.5653 68.3668 19.57100176985101 0.05
OBS: -4.340877854644484 i_PS1 2025.5861 93.2817 19.233623249193016 0.05
OBS: 0.0 i_PS1 2036.9015 93.8028 19.22757492776128 0.05
OBS: 4.340877854644484 i_PS1 1901.4722 87.566 19.302275031620823 0.05
OBS: 8.681755709288968 i_PS1 1510.8094 69.5753 19.55197579533087 0.05
OBS: 13.022633563933452 i_PS1 1121.3549 51.6403 19.875642305114418 0.05
OBS: 17.363511418577936 i_PS1 945.7189 43.552 20.060594829627142 0.05
OBS: 21.704389273222418 i_PS1 954.6154 43.9617 20.050428868987183 0.05
OBS: 26.045267127866904 i_PS1 1024.1493 47.1638 19.97409186326265 0.05
OBS: 30.38614498251139 i_PS1 1041.9659 47.9843 19.955366254180035 0.05
OBS: 34.72702283715587 i_PS1 921.6254 42.4424 20.08861391286223 0.05
OBS: 39.067900691800354 i_PS1 699.5616 32.216 20.387935147720484 0.05
OBS: -8.681755709288968 z_PS1 1314.6873 60.5436 19.7029438084653 0.05
OBS: -4.340877854644484 z_PS1 1556.1145 71.6617 19.51989612743096 0.05
OBS: 0.0 z_PS1 1394.8201 64.2338 19.638704494889303 0.05
OBS: 4.340877854644484 z_PS1 1138.3295 52.422 19.859329986593288 0.05
OBS: 8.681755709288968 z_PS1 877.6636 40.4179 20.141679741602935 0.05
OBS: 13.022633563933452 z_PS1 703.3083 32.3885 20.382135578405176 0.05
OBS: 17.363511418577936 z_PS1 637.276 29.3476 20.489181053056015 0.05
OBS: 21.704389273222418 z_PS1 685.1387 31.5518 20.410553769484025 0.05
OBS: 26.045267127866904 z_PS1 757.3378 34.8767 20.301775869835502 0.05
OBS: 30.38614498251139 z_PS1 776.347 35.7521 20.274860304858542 0.05
OBS: 34.72702283715587 z_PS1 708.2878 32.6179 20.374475540553796 0.05
OBS: 39.067900691800354 z_PS1 589.9083 27.1663 20.573038762150034 0.05
END: