# 72 
# SNANA-like file generated from user-provided data
# Zeropoint of the converted SNANA file: 27.5 mag
# -----------------------------------------------------------
# Data table created by: anonymous
# On date: 2023.03.14 (yyyy.mm.dd); 20.49 hrs (GMT).
# Script used: BayeSNmodel.io.write_snana_lcfile.py
# -----------------------------------------------------------
SNID: 72
MWEBV: 0
REDSHIFT_HELIO: 0.09864389396201763
REDSHIFT_CMB: 0.09864389396201763
REDSHIFT_CMB_ERR: 0.001
PEAKMJD: 0
FILTERS: g_PS1,i_PS1,r_PS1,z_PS1
# -----------------------------------------------------------
NOBS: 48
NVAR: 6
VARLIST: MJD FLT FLUXCAL FLUXCALERR MAG MAGERR
OBS: -8.78915115169614 g_PS1 1262.5237 58.1414 19.746901159212587 0.05
OBS: -4.39457557584807 g_PS1 2238.3289 103.0789 19.125190248006366 0.05
OBS: 0.0 g_PS1 2460.1916 113.296 19.022577658468972 0.05
OBS: 4.39457557584807 g_PS1 1958.1365 90.1755 19.27039256951527 0.05
OBS: 8.78915115169614 g_PS1 1338.3799 61.6347 19.683551447851737 0.05
OBS: 13.183726727544212 g_PS1 881.7412 40.6057 20.136647209586183 0.05
OBS: 17.57830230339228 g_PS1 622.5002 28.6672 20.51465119769109 0.05
OBS: 21.97287787924035 g_PS1 429.8777 19.7966 20.916637676690176 0.05
OBS: 26.367453455088423 g_PS1 291.7516 13.4357 21.33746697629746 0.05
OBS: 30.762029030936493 g_PS1 216.7395 9.9812 21.660154833341277 0.05
OBS: 35.15660460678456 g_PS1 179.1654 8.2509 21.866864401193236 0.05
OBS: 39.551180182632635 g_PS1 158.1036 7.2809 22.002645516114196 0.05
OBS: -8.78915115169614 r_PS1 1156.1079 53.2407 19.842504090571765 0.05
OBS: -4.39457557584807 r_PS1 1829.9905 84.2742 19.343877916099927 0.05
OBS: 0.0 r_PS1 2171.3022 99.9922 19.15819930096896 0.05
OBS: 4.39457557584807 r_PS1 2071.5868 95.4001 19.20924215194774 0.05
OBS: 8.78915115169614 r_PS1 1746.589 80.4334 19.39452318340937 0.05
OBS: 13.183726727544212 r_PS1 1365.5876 62.8876 19.661701084213107 0.05
OBS: 17.57830230339228 r_PS1 1060.9538 48.8587 19.935758861055497 0.05
OBS: 21.97287787924035 r_PS1 854.7506 39.3627 20.170401417866884 0.05
OBS: 26.367453455088423 r_PS1 658.6052 30.3299 20.453437155024908 0.05
OBS: 30.762029030936493 r_PS1 480.6028 22.1326 20.795534208714407 0.05
OBS: 35.15660460678456 r_PS1 368.842 16.9858 21.082899071290306 0.05
OBS: 39.551180182632635 r_PS1 321.3781 14.8 21.232459314401815 0.05
OBS: -8.78915115169614 i_PS1 1114.8594 51.3412 19.88194974492759 0.05
OBS: -4.39457557584807 i_PS1 1717.0497 79.0731 19.413042863737218 0.05
OBS: 0.0 i_PS1 1792.4897 82.5472 19.36635830960634 0.05
OBS: 4.39457557584807 i_PS1 1538.2041 70.8369 19.532465069527845 0.05
OBS: 8.78915115169614 i_PS1 1144.656 52.7134 19.853312542904575 0.05
OBS: 13.183726727544212 i_PS1 944.9232 43.5153 20.06150876319967 0.05
OBS: 17.57830230339228 i_PS1 980.5256 45.1549 20.02135264788503 0.05
OBS: 21.97287787924035 i_PS1 1032.155 47.5325 19.965637737842513 0.05
OBS: 26.367453455088423 i_PS1 830.572 38.2493 20.20155684369614 0.05
OBS: 30.762029030936493 i_PS1 569.7795 26.2393 20.610732957932214 0.05
OBS: 35.15660460678456 i_PS1 420.3203 19.3565 20.941049152617538 0.05
OBS: 39.551180182632635 i_PS1 358.1132 16.4917 21.114949055491152 0.05
OBS: -8.78915115169614 z_PS1 812.1789 37.4022 20.22587076167614 0.05
OBS: -4.39457557584807 z_PS1 1175.4101 54.1296 19.82452645013222 0.05
OBS: 0.0 z_PS1 1148.4189 52.8866 19.849749187364985 0.05
OBS: 4.39457557584807 z_PS1 904.1945 41.6397 20.10934532941051 0.05
OBS: 8.78915115169614 z_PS1 644.7295 29.6909 20.476556224520223 0.05
OBS: 13.183726727544212 z_PS1 555.2161 25.5686 20.638844790503526 0.05
OBS: 17.57830230339228 z_PS1 600.5365 27.6557 20.553651546200214 0.05
OBS: 21.97287787924035 z_PS1 702.0718 32.3316 20.384046174301126 0.05
OBS: 26.367453455088423 z_PS1 656.5588 30.2357 20.45681590760482 0.05
OBS: 30.762029030936493 z_PS1 508.4796 23.4164 20.73431606262782 0.05
OBS: 35.15660460678456 z_PS1 388.6031 17.8958 21.026234281178425 0.05
OBS: 39.551180182632635 z_PS1 319.7908 14.7269 21.237835200069483 0.05
END: