# 723 
# SNANA-like file generated from user-provided data
# Zeropoint of the converted SNANA file: 27.5 mag
# -----------------------------------------------------------
# Data table created by: anonymous
# On date: 2023.03.14 (yyyy.mm.dd); 20.49 hrs (GMT).
# Script used: BayeSNmodel.io.write_snana_lcfile.py
# -----------------------------------------------------------
SNID: 723
MWEBV: 0
REDSHIFT_HELIO: 0.09680948018903165
REDSHIFT_CMB: 0.09680948018903165
REDSHIFT_CMB_ERR: 0.001
PEAKMJD: 0
FILTERS: g_PS1,i_PS1,r_PS1,z_PS1
# -----------------------------------------------------------
NOBS: 48
NVAR: 6
VARLIST: MJD FLT FLUXCAL FLUXCALERR MAG MAGERR
OBS: -8.774475841512253 g_PS1 1821.1557 83.8673 19.349132301870558 0.05
OBS: -4.387237920756126 g_PS1 2994.88 137.9193 18.809051431005688 0.05
OBS: 0.0 g_PS1 3315.8543 152.7007 18.69851141085849 0.05
OBS: 4.387237920756126 g_PS1 2932.1602 135.031 18.83203077916625 0.05
OBS: 8.774475841512253 g_PS1 2222.7735 102.3625 19.13276198320533 0.05
OBS: 13.161713762268379 g_PS1 1511.9687 69.6287 19.55114302981215 0.05
OBS: 17.548951683024505 g_PS1 1035.8857 47.7043 19.961720360095743 0.05
OBS: 21.936189603780633 g_PS1 704.5908 32.4476 20.380157510429353 0.05
OBS: 26.323427524536758 g_PS1 498.9626 22.9781 20.75482999248563 0.05
OBS: 30.710665445292882 g_PS1 391.8684 18.0462 21.01714927526565 0.05
OBS: 35.09790336604901 g_PS1 325.8194 15.0045 21.217557615155552 0.05
OBS: 39.48514128680514 g_PS1 271.9957 12.5259 21.41359505998636 0.05
OBS: -8.774475841512253 r_PS1 1812.1401 83.4521 19.354520583750194 0.05
OBS: -4.387237920756126 r_PS1 2604.618 119.9471 18.960639887875786 0.05
OBS: 0.0 r_PS1 2925.7881 134.7375 18.834392820741684 0.05
OBS: 4.387237920756126 r_PS1 2791.9128 128.5723 18.885245392041064 0.05
OBS: 8.774475841512253 r_PS1 2410.6521 111.0146 19.044663659060042 0.05
OBS: 13.161713762268379 r_PS1 1908.9441 87.9101 19.298016964564738 0.05
OBS: 17.548951683024505 r_PS1 1487.1941 68.4878 19.569080870828266 0.05
OBS: 21.936189603780633 r_PS1 1244.1044 57.2931 19.762857930852157 0.05
OBS: 26.323427524536758 r_PS1 1085.7986 50.0029 19.910626810428504 0.05
OBS: 30.710665445292882 r_PS1 907.2216 41.7791 20.10571652598893 0.05
OBS: 35.09790336604901 r_PS1 720.5777 33.1838 20.355797953791757 0.05
OBS: 39.48514128680514 r_PS1 575.9203 26.5221 20.599094011268186 0.05
OBS: -8.774475841512253 i_PS1 1540.3655 70.9365 19.530940553120452 0.05
OBS: -4.387237920756126 i_PS1 2122.4541 97.7426 19.18290423294585 0.05
OBS: 0.0 i_PS1 2151.257 99.069 19.1682692404858 0.05
OBS: 4.387237920756126 i_PS1 1995.5975 91.9007 19.249817639882387 0.05
OBS: 8.774475841512253 i_PS1 1610.3387 74.1588 19.48270694948056 0.05
OBS: 13.161713762268379 i_PS1 1269.8859 58.4804 19.740588268651955 0.05
OBS: 17.548951683024505 i_PS1 1149.3485 52.9295 19.84887068053203 0.05
OBS: 21.936189603780633 i_PS1 1178.0505 54.2512 19.822090185587214 0.05
OBS: 26.323427524536758 i_PS1 1172.1711 53.9805 19.8275225021397 0.05
OBS: 30.710665445292882 i_PS1 1061.7219 48.8941 19.934973029966272 0.05
OBS: 35.09790336604901 i_PS1 865.0421 39.8367 20.157406950585433 0.05
OBS: 39.48514128680514 i_PS1 640.9843 29.5184 20.482881556216753 0.05
OBS: -8.774475841512253 z_PS1 1045.4319 48.1439 19.951760620556918 0.05
OBS: -4.387237920756126 z_PS1 1414.8257 65.1551 19.623242624687066 0.05
OBS: 0.0 z_PS1 1373.3899 63.2469 19.655515392282958 0.05
OBS: 4.387237920756126 z_PS1 1153.9989 53.1436 19.844486502038535 0.05
OBS: 8.774475841512253 z_PS1 876.9311 40.3842 20.14258629231255 0.05
OBS: 13.161713762268379 z_PS1 727.2156 33.4895 20.34584207834763 0.05
OBS: 17.548951683024505 z_PS1 702.6975 32.3604 20.383078946999206 0.05
OBS: 21.936189603780633 z_PS1 787.08 36.2464 20.2599528491427 0.05
OBS: 26.323427524536758 z_PS1 837.732 38.579 20.19223725199189 0.05
OBS: 30.710665445292882 z_PS1 795.4599 36.6323 20.248454338025645 0.05
OBS: 35.09790336604901 z_PS1 692.7691 31.9032 20.39852874320067 0.05
OBS: 39.48514128680514 z_PS1 576.7284 26.5593 20.59757164622301 0.05
END: