# 729 
# SNANA-like file generated from user-provided data
# Zeropoint of the converted SNANA file: 27.5 mag
# -----------------------------------------------------------
# Data table created by: anonymous
# On date: 2023.03.14 (yyyy.mm.dd); 20.49 hrs (GMT).
# Script used: BayeSNmodel.io.write_snana_lcfile.py
# -----------------------------------------------------------
SNID: 729
MWEBV: 0
REDSHIFT_HELIO: 0.0872769102152997
REDSHIFT_CMB: 0.0872769102152997
REDSHIFT_CMB_ERR: 0.001
PEAKMJD: 0
FILTERS: g_PS1,i_PS1,r_PS1,z_PS1
# -----------------------------------------------------------
NOBS: 48
NVAR: 6
VARLIST: MJD FLT FLUXCAL FLUXCALERR MAG MAGERR
OBS: -8.698215281722398 g_PS1 1566.5307 72.1414 19.51265269411199 0.05
OBS: -4.349107640861199 g_PS1 2930.4741 134.9533 18.83265528271706 0.05
OBS: 0.0 g_PS1 3323.5903 153.057 18.69598127680346 0.05
OBS: 4.349107640861199 g_PS1 2653.0534 122.1776 18.940635039730427 0.05
OBS: 8.698215281722398 g_PS1 1790.1543 82.4397 19.367773820400448 0.05
OBS: 13.047322922583596 g_PS1 1209.3683 55.6935 19.79360357105858 0.05
OBS: 17.396430563444795 g_PS1 907.1927 41.7778 20.105751122781637 0.05
OBS: 21.745538204305994 g_PS1 657.4474 30.2766 20.455347546448873 0.05
OBS: 26.094645845167193 g_PS1 447.8934 20.6263 20.872063377084547 0.05
OBS: 30.443753486028392 g_PS1 326.9499 15.0566 21.213796877258982 0.05
OBS: 34.79286112688959 g_PS1 268.802 12.3788 21.426418894436164 0.05
OBS: 39.14196876775079 g_PS1 242.1228 11.1502 21.539910759668143 0.05
OBS: -8.698215281722398 r_PS1 1318.2058 60.7056 19.700041982812074 0.05
OBS: -4.349107640861199 r_PS1 2294.0898 105.6467 19.098473952682845 0.05
OBS: 0.0 r_PS1 2850.6878 131.279 18.862625854237272 0.05
OBS: 4.349107640861199 r_PS1 2663.1377 122.642 18.93651594425856 0.05
OBS: 8.698215281722398 r_PS1 2181.4199 100.4581 19.153151810372954 0.05
OBS: 13.047322922583596 r_PS1 1774.9312 81.7386 19.377046174043862 0.05
OBS: 17.396430563444795 r_PS1 1527.1695 70.3288 19.54028191260253 0.05
OBS: 21.745538204305994 r_PS1 1327.905 61.1523 19.692082522186176 0.05
OBS: 26.094645845167193 r_PS1 1006.7258 46.3614 19.99272195814136 0.05
OBS: 30.443753486028392 r_PS1 694.3998 31.9783 20.39597597410559 0.05
OBS: 34.79286112688959 r_PS1 525.0333 24.1787 20.69953294281008 0.05
OBS: 39.14196876775079 r_PS1 479.8455 22.0977 20.79724639041971 0.05
OBS: -8.698215281722398 i_PS1 1305.2999 60.1113 19.710724222928448 0.05
OBS: -4.349107640861199 i_PS1 2041.9025 94.0331 19.224912485946383 0.05
OBS: 0.0 i_PS1 2172.9194 100.0666 19.157390942369084 0.05
OBS: 4.349107640861199 i_PS1 1940.7252 89.3737 19.28008989330751 0.05
OBS: 8.698215281722398 i_PS1 1511.6825 69.6156 19.551348561072814 0.05
OBS: 13.047322922583596 i_PS1 1301.5597 59.939 19.713839786292723 0.05
OBS: 17.396430563444795 i_PS1 1414.5782 65.1437 19.62343257946914 0.05
OBS: 21.745538204305994 i_PS1 1523.8947 70.1779 19.542612568111217 0.05
OBS: 26.094645845167193 i_PS1 1213.2842 55.8738 19.790093656129727 0.05
OBS: 30.443753486028392 i_PS1 813.2694 37.4524 20.224413932737534 0.05
OBS: 34.79286112688959 i_PS1 590.2255 27.1809 20.57245505189266 0.05
OBS: 39.14196876775079 i_PS1 501.675 23.103 20.748943883406938 0.05
OBS: -8.698215281722398 z_PS1 1076.2648 49.5638 19.92020220240358 0.05
OBS: -4.349107640861199 z_PS1 1609.1104 74.1023 19.48353536960986 0.05
OBS: 0.0 z_PS1 1657.3941 76.3258 19.45143553710642 0.05
OBS: 4.349107640861199 z_PS1 1374.5895 63.3022 19.654567406674097 0.05
OBS: 8.698215281722398 z_PS1 1037.697 47.7877 19.959823607034785 0.05
OBS: 13.047322922583596 z_PS1 890.2386 40.997 20.12623393366904 0.05
OBS: 17.396430563444795 z_PS1 915.5405 42.1622 20.095806131754948 0.05
OBS: 21.745538204305994 z_PS1 1002.0655 46.1468 19.997759749869765 0.05
OBS: 26.094645845167193 z_PS1 895.1395 41.2227 20.12027320790272 0.05
OBS: 30.443753486028392 z_PS1 675.7483 31.1194 20.425537639470065 0.05
OBS: 34.79286112688959 z_PS1 508.0144 23.3949 20.73530997761226 0.05
OBS: 39.14196876775079 z_PS1 414.2939 19.0789 20.956728690459478 0.05
END: