# 742 
# SNANA-like file generated from user-provided data
# Zeropoint of the converted SNANA file: 27.5 mag
# -----------------------------------------------------------
# Data table created by: anonymous
# On date: 2023.03.14 (yyyy.mm.dd); 20.49 hrs (GMT).
# Script used: BayeSNmodel.io.write_snana_lcfile.py
# -----------------------------------------------------------
SNID: 742
MWEBV: 0
REDSHIFT_HELIO: 0.09442161491526334
REDSHIFT_CMB: 0.09442161491526334
REDSHIFT_CMB_ERR: 0.001
PEAKMJD: 0
FILTERS: g_PS1,i_PS1,r_PS1,z_PS1
# -----------------------------------------------------------
NOBS: 48
NVAR: 6
VARLIST: MJD FLT FLUXCAL FLUXCALERR MAG MAGERR
OBS: -8.755372919322106 g_PS1 572.2967 26.3552 20.605946864743284 0.05
OBS: -4.377686459661053 g_PS1 918.1315 42.2815 20.092737807067284 0.05
OBS: 0.0 g_PS1 1000.2973 46.0654 19.99967725626931 0.05
OBS: 4.377686459661053 g_PS1 893.4496 41.1449 20.12232487350685 0.05
OBS: 8.755372919322106 g_PS1 698.2986 32.1578 20.38989706040901 0.05
OBS: 13.133059378983159 g_PS1 502.4269 23.1376 20.74731774491215 0.05
OBS: 17.510745838644212 g_PS1 370.61 17.0672 21.077707245872855 0.05
OBS: 21.888432298305265 g_PS1 263.1606 12.119 21.449447851319942 0.05
OBS: 26.266118757966318 g_PS1 183.6809 8.4588 21.83983985402436 0.05
OBS: 30.64380521762737 g_PS1 138.0883 6.3592 22.14960813866448 0.05
OBS: 35.021491677288424 g_PS1 109.3413 5.0354 22.403038960236973 0.05
OBS: 39.39917813694947 g_PS1 87.8911 4.0475 22.64013724966495 0.05
OBS: -8.755372919322106 r_PS1 674.2378 31.0498 20.42796732559409 0.05
OBS: -4.377686459661053 r_PS1 1021.2033 47.0282 19.977219443619724 0.05
OBS: 0.0 r_PS1 1198.0442 55.172 19.8038179008161 0.05
OBS: 4.377686459661053 r_PS1 1176.9725 54.2016 19.823084196063405 0.05
OBS: 8.755372919322106 r_PS1 1040.0151 47.8945 19.957400875830444 0.05
OBS: 13.133059378983159 r_PS1 845.4708 38.9354 20.18225342384639 0.05
OBS: 17.510745838644212 r_PS1 676.0352 31.1326 20.42507667138821 0.05
OBS: 21.888432298305265 r_PS1 566.7277 26.0988 20.616563820790496 0.05
OBS: 26.266118757966318 r_PS1 477.4964 21.9895 20.802574710415925 0.05
OBS: 30.64380521762737 r_PS1 384.7501 17.7184 21.037053046221146 0.05
OBS: 35.021491677288424 r_PS1 308.2206 14.1941 21.277845852243544 0.05
OBS: 39.39917813694947 r_PS1 261.6863 12.0511 21.455547404791467 0.05
OBS: -8.755372919322106 i_PS1 668.2655 30.7748 20.43762736963837 0.05
OBS: -4.377686459661053 i_PS1 959.2664 44.1759 20.045151865282413 0.05
OBS: 0.0 i_PS1 1027.1017 47.2998 19.970966409475608 0.05
OBS: 4.377686459661053 i_PS1 1028.0307 47.3426 19.9699848019281 0.05
OBS: 8.755372919322106 i_PS1 878.0746 40.4368 20.14117146766972 0.05
OBS: 13.133059378983159 i_PS1 686.6361 31.6208 20.4081834091145 0.05
OBS: 17.510745838644212 i_PS1 588.4522 27.0992 20.57572207997883 0.05
OBS: 21.888432298305265 i_PS1 570.9786 26.2945 20.608450460962572 0.05
OBS: 26.266118757966318 i_PS1 563.7482 25.9616 20.622287053533157 0.05
OBS: 30.64380521762737 i_PS1 527.8622 24.309 20.693698629462133 0.05
OBS: 35.021491677288424 i_PS1 454.7217 20.9407 20.85563576413672 0.05
OBS: 39.39917813694947 i_PS1 358.6091 16.5146 21.113446793775637 0.05
OBS: -8.755372919322106 z_PS1 584.6227 26.9229 20.582810863519427 0.05
OBS: -4.377686459661053 z_PS1 789.1801 36.3431 20.257059672564914 0.05
OBS: 0.0 z_PS1 790.1731 36.3888 20.255694459159933 0.05
OBS: 4.377686459661053 z_PS1 709.4905 32.6732 20.372633540428517 0.05
OBS: 8.755372919322106 z_PS1 573.1014 26.3923 20.604421380312544 0.05
OBS: 13.133059378983159 z_PS1 469.3932 21.6164 20.82115791335321 0.05
OBS: 17.510745838644212 z_PS1 419.9519 19.3395 20.942001110618072 0.05
OBS: 21.888432298305265 z_PS1 440.7176 20.2958 20.889598931530863 0.05
OBS: 26.266118757966318 z_PS1 473.6252 21.8112 20.811412932749235 0.05
OBS: 30.64380521762737 z_PS1 471.8816 21.7309 20.815417460379734 0.05
OBS: 35.021491677288424 z_PS1 420.2677 19.354 20.94118491839344 0.05
OBS: 39.39917813694947 z_PS1 341.6624 15.7341 21.166007111690334 0.05
END: