# 750 
# SNANA-like file generated from user-provided data
# Zeropoint of the converted SNANA file: 27.5 mag
# -----------------------------------------------------------
# Data table created by: anonymous
# On date: 2023.03.14 (yyyy.mm.dd); 20.49 hrs (GMT).
# Script used: BayeSNmodel.io.write_snana_lcfile.py
# -----------------------------------------------------------
SNID: 750
MWEBV: 0
REDSHIFT_HELIO: 0.07147028655583491
REDSHIFT_CMB: 0.07147028655583491
REDSHIFT_CMB_ERR: 0.001
PEAKMJD: 0
FILTERS: g_PS1,i_PS1,r_PS1,z_PS1
# -----------------------------------------------------------
NOBS: 48
NVAR: 6
VARLIST: MJD FLT FLUXCAL FLUXCALERR MAG MAGERR
OBS: -8.57176229244668 g_PS1 2673.0375 123.0979 18.93248735433154 0.05
OBS: -4.28588114622334 g_PS1 3233.2976 148.8989 18.725885788486377 0.05
OBS: 0.0 g_PS1 3153.4684 145.2226 18.75302878106501 0.05
OBS: 4.28588114622334 g_PS1 3197.146 147.234 18.738093841466476 0.05
OBS: 8.57176229244668 g_PS1 3029.5989 139.5182 18.796537163333586 0.05
OBS: 12.85764343867002 g_PS1 2279.7957 104.9885 19.105260183612113 0.05
OBS: 17.14352458489336 g_PS1 1533.4871 70.6197 19.53579969861661 0.05
OBS: 21.4294057311167 g_PS1 1060.1143 48.8201 19.936618308988766 0.05
OBS: 25.71528687734004 g_PS1 815.4055 37.5508 20.22156587097186 0.05
OBS: 30.00116802356338 g_PS1 700.5907 32.2634 20.38633914667059 0.05
OBS: 34.28704916978672 g_PS1 570.043 26.2514 20.61023101456428 0.05
OBS: 38.57293031601006 g_PS1 407.6048 18.7709 20.974401658662966 0.05
OBS: -8.57176229244668 r_PS1 2495.5606 114.9248 19.00707969212346 0.05
OBS: -4.28588114622334 r_PS1 3303.1342 152.115 18.702684452441687 0.05
OBS: 0.0 r_PS1 3683.3841 169.6261 18.584382472598357 0.05
OBS: 4.28588114622334 r_PS1 3834.4768 176.5842 18.54073470798855 0.05
OBS: 8.57176229244668 r_PS1 3681.5842 169.5432 18.58491317063679 0.05
OBS: 12.85764343867002 r_PS1 3045.5107 140.251 18.790849668712617 0.05
OBS: 17.14352458489336 r_PS1 2338.4872 107.6913 19.077662523262823 0.05
OBS: 21.4294057311167 r_PS1 1980.7823 91.2184 19.25790811253927 0.05
OBS: 25.71528687734004 r_PS1 1885.1349 86.8137 19.311643901724374 0.05
OBS: 30.00116802356338 r_PS1 1765.7764 81.317 19.382660758507633 0.05
OBS: 34.28704916978672 r_PS1 1488.1721 68.5329 19.56836711273823 0.05
OBS: 38.57293031601006 r_PS1 1149.9325 52.9563 19.84831910216956 0.05
OBS: -8.57176229244668 i_PS1 2299.6596 105.9032 19.095841096037034 0.05
OBS: -4.28588114622334 i_PS1 2581.54 118.8843 18.9703028673622 0.05
OBS: 0.0 i_PS1 2402.8552 110.6556 19.048181013158157 0.05
OBS: 4.28588114622334 i_PS1 2469.1641 113.7092 19.01862513020272 0.05
OBS: 8.57176229244668 i_PS1 2243.7181 103.327 19.122579285342795 0.05
OBS: 12.85764343867002 i_PS1 1689.7957 77.818 19.430414484951427 0.05
OBS: 17.14352458489336 i_PS1 1309.7694 60.3171 19.707012914193015 0.05
OBS: 21.4294057311167 i_PS1 1273.0943 58.6282 19.737848529112085 0.05
OBS: 25.71528687734004 i_PS1 1531.6828 70.5366 19.537077934887364 0.05
OBS: 30.00116802356338 i_PS1 1855.647 85.4557 19.328761582668804 0.05
OBS: 34.28704916978672 i_PS1 1797.944 82.7984 19.36305958506444 0.05
OBS: 38.57293031601006 i_PS1 1319.5991 60.7698 19.698894969852745 0.05
OBS: -8.57176229244668 z_PS1 1983.1096 91.3256 19.2566332162909 0.05
OBS: -4.28588114622334 z_PS1 2203.4443 101.4724 19.142244829259766 0.05
OBS: 0.0 z_PS1 1998.8813 92.0519 19.24803247757699 0.05
OBS: 4.28588114622334 z_PS1 1731.7223 79.7488 19.403804397565033 0.05
OBS: 8.57176229244668 z_PS1 1450.2144 66.7848 19.59641944900069 0.05
OBS: 12.85764343867002 z_PS1 1118.743 51.52 19.87817418116682 0.05
OBS: 17.14352458489336 z_PS1 901.6036 41.5204 20.112460899439682 0.05
OBS: 21.4294057311167 z_PS1 906.8406 41.7616 20.106172670532324 0.05
OBS: 25.71528687734004 z_PS1 1110.4993 51.1404 19.88620429857273 0.05
OBS: 30.00116802356338 z_PS1 1378.6543 63.4894 19.651361548072096 0.05
OBS: 34.28704916978672 z_PS1 1416.6759 65.2403 19.62182375123343 0.05
OBS: 38.57293031601006 z_PS1 1182.2985 54.4469 19.81818217978097 0.05
END: