# 751 
# SNANA-like file generated from user-provided data
# Zeropoint of the converted SNANA file: 27.5 mag
# -----------------------------------------------------------
# Data table created by: anonymous
# On date: 2023.03.14 (yyyy.mm.dd); 20.49 hrs (GMT).
# Script used: BayeSNmodel.io.write_snana_lcfile.py
# -----------------------------------------------------------
SNID: 751
MWEBV: 0
REDSHIFT_HELIO: 0.08750135830442
REDSHIFT_CMB: 0.08750135830442
REDSHIFT_CMB_ERR: 0.001
PEAKMJD: 0
FILTERS: g_PS1,i_PS1,r_PS1,z_PS1
# -----------------------------------------------------------
NOBS: 48
NVAR: 6
VARLIST: MJD FLT FLUXCAL FLUXCALERR MAG MAGERR
OBS: -8.70001086643536 g_PS1 1842.4219 84.8467 19.336527281158876 0.05
OBS: -4.35000543321768 g_PS1 2511.5525 115.6613 19.000144329916036 0.05
OBS: 0.0 g_PS1 2460.6253 113.316 19.02238628518565 0.05
OBS: 4.35000543321768 g_PS1 2151.0889 99.0613 19.1683541018848 0.05
OBS: 8.70001086643536 g_PS1 1724.1968 79.4022 19.408532914831294 0.05
OBS: 13.05001629965304 g_PS1 1263.7885 58.1996 19.74581402402747 0.05
OBS: 17.40002173287072 g_PS1 951.0125 43.7957 20.054534438979214 0.05
OBS: 21.7500271660884 g_PS1 719.287 33.1244 20.357744459767584 0.05
OBS: 26.10003259930608 g_PS1 538.7231 24.8091 20.671586045143183 0.05
OBS: 30.450038032523757 g_PS1 426.1525 19.625 20.92608746628998 0.05
OBS: 34.80004346574144 g_PS1 336.838 15.512 21.181447305191423 0.05
OBS: 39.15004889895912 g_PS1 254.5325 11.7217 21.4856416838341 0.05
OBS: -8.70001086643536 r_PS1 1865.7279 85.9199 19.32287925647514 0.05
OBS: -4.35000543321768 r_PS1 2406.092 110.8046 19.046719440065942 0.05
OBS: 0.0 r_PS1 2455.8317 113.0952 19.024503518772654 0.05
OBS: 4.35000543321768 r_PS1 2183.0975 100.5354 19.152317182685344 0.05
OBS: 8.70001086643536 r_PS1 1841.5481 84.8064 19.337042326351188 0.05
OBS: 13.05001629965304 r_PS1 1531.562 70.531 19.537163563185956 0.05
OBS: 17.40002173287072 r_PS1 1325.8164 61.0561 19.693791495456303 0.05
OBS: 21.7500271660884 r_PS1 1219.2235 56.1473 19.784791691907145 0.05
OBS: 26.10003259930608 r_PS1 1098.893 50.6059 19.897611485903347 0.05
OBS: 30.450038032523757 r_PS1 919.3844 42.3392 20.091257167672595 0.05
OBS: 34.80004346574144 r_PS1 737.4525 33.9609 20.330664858851144 0.05
OBS: 39.15004889895912 r_PS1 605.2069 27.8708 20.545240406691157 0.05
OBS: -8.70001086643536 i_PS1 1399.4251 64.4459 19.635125840665488 0.05
OBS: -4.35000543321768 i_PS1 1830.3424 84.2904 19.34366916948658 0.05
OBS: 0.0 i_PS1 1775.3028 81.7557 19.376818913635077 0.05
OBS: 4.35000543321768 i_PS1 1624.0754 74.7914 19.473484534956633 0.05
OBS: 8.70001086643536 i_PS1 1308.5135 60.2593 19.70805445494114 0.05
OBS: 13.05001629965304 i_PS1 1029.4814 47.4094 19.968453757367996 0.05
OBS: 17.40002173287072 i_PS1 944.2898 43.4862 20.062236762708963 0.05
OBS: 21.7500271660884 i_PS1 1002.3733 46.161 19.997426293719407 0.05
OBS: 26.10003259930608 i_PS1 1058.1334 48.7288 19.938648929336892 0.05
OBS: 30.450038032523757 i_PS1 1026.2773 47.2618 19.971838220666754 0.05
OBS: 34.80004346574144 i_PS1 882.9138 40.6597 20.13520426138517 0.05
OBS: 39.15004889895912 i_PS1 675.7401 31.119 20.4255507245093 0.05
OBS: -8.70001086643536 z_PS1 1143.9799 52.6822 19.853954052703365 0.05
OBS: -4.35000543321768 z_PS1 1417.9931 65.301 19.620814673690134 0.05
OBS: 0.0 z_PS1 1317.4968 60.673 19.70062610505532 0.05
OBS: 4.35000543321768 z_PS1 1102.6391 50.7784 19.893916551616336 0.05
OBS: 8.70001086643536 z_PS1 861.4924 39.6732 20.161871357766337 0.05
OBS: 13.05001629965304 z_PS1 703.4513 32.3951 20.38191488445738 0.05
OBS: 17.40002173287072 z_PS1 650.9998 29.9796 20.466047836946295 0.05
OBS: 21.7500271660884 z_PS1 711.1281 32.7487 20.37013043443344 0.05
OBS: 26.10003259930608 z_PS1 781.1321 35.9725 20.268188741000458 0.05
OBS: 30.450038032523757 z_PS1 785.6512 36.1806 20.261925521639533 0.05
OBS: 34.80004346574144 z_PS1 710.9446 32.7402 20.370410552291027 0.05
OBS: 39.15004889895912 z_PS1 598.176 27.547 20.557927548738242 0.05
END: