# 756 
# SNANA-like file generated from user-provided data
# Zeropoint of the converted SNANA file: 27.5 mag
# -----------------------------------------------------------
# Data table created by: anonymous
# On date: 2023.03.14 (yyyy.mm.dd); 20.49 hrs (GMT).
# Script used: BayeSNmodel.io.write_snana_lcfile.py
# -----------------------------------------------------------
SNID: 756
MWEBV: 0
REDSHIFT_HELIO: 0.09202118445611196
REDSHIFT_CMB: 0.09202118445611196
REDSHIFT_CMB_ERR: 0.001
PEAKMJD: 0
FILTERS: g_PS1,i_PS1,r_PS1,z_PS1
# -----------------------------------------------------------
NOBS: 48
NVAR: 6
VARLIST: MJD FLT FLUXCAL FLUXCALERR MAG MAGERR
OBS: -8.736169475648897 g_PS1 1135.4538 52.2896 19.86207629232967 0.05
OBS: -4.368084737824448 g_PS1 1888.5993 86.9732 19.309650451312304 0.05
OBS: 0.0 g_PS1 2055.2561 94.648 19.217835136981517 0.05
OBS: 4.368084737824448 g_PS1 1738.6258 80.0667 19.399484718466983 0.05
OBS: 8.736169475648897 g_PS1 1259.7339 58.0129 19.749302989956195 0.05
OBS: 13.104254213473345 g_PS1 847.8434 39.0446 20.179210893493657 0.05
OBS: 17.472338951297793 g_PS1 593.7946 27.3453 20.565909459161173 0.05
OBS: 21.84042368912224 g_PS1 412.2555 18.9851 20.96208389272081 0.05
OBS: 26.20850842694669 g_PS1 293.8518 13.5324 21.329679053126593 0.05
OBS: 30.57659316477114 g_PS1 230.2986 10.6056 21.594271981277398 0.05
OBS: 34.944677902595586 g_PS1 190.304 8.7638 21.801380005248188 0.05
OBS: 39.31276264042003 g_PS1 157.9656 7.2746 22.003593437542218 0.05
OBS: -8.736169475648897 r_PS1 1110.2236 51.1277 19.88647382103096 0.05
OBS: -4.368084737824448 r_PS1 1769.0697 81.4687 19.380637662880282 0.05
OBS: 0.0 r_PS1 2086.3209 96.0786 19.201547216463517 0.05
OBS: 4.368084737824448 r_PS1 1940.3359 89.3558 19.280307674663554 0.05
OBS: 8.736169475648897 r_PS1 1595.1347 73.4587 19.493006577777344 0.05
OBS: 13.104254213473345 r_PS1 1249.7619 57.5537 19.75793180956491 0.05
OBS: 17.472338951297793 r_PS1 1004.3157 46.2504 19.99532441184524 0.05
OBS: 21.84042368912224 r_PS1 853.7636 39.3173 20.17165591007032 0.05
OBS: 26.20850842694669 r_PS1 705.5426 32.4914 20.37869189033993 0.05
OBS: 30.57659316477114 r_PS1 546.4774 25.1662 20.65606943775333 0.05
OBS: 34.944677902595586 r_PS1 428.7387 19.7441 20.91951822004288 0.05
OBS: 39.31276264042003 r_PS1 367.0364 16.9027 21.088227171657152 0.05
OBS: -8.736169475648897 i_PS1 1027.0344 47.2967 19.971037561509696 0.05
OBS: -4.368084737824448 i_PS1 1563.9948 72.0246 19.51441174976859 0.05
OBS: 0.0 i_PS1 1645.7441 75.7893 19.45909425341921 0.05
OBS: 4.368084737824448 i_PS1 1468.5142 67.6276 19.582804605718636 0.05
OBS: 8.736169475648897 i_PS1 1121.5246 51.6481 19.87547798907783 0.05
OBS: 13.104254213473345 i_PS1 894.4238 41.1897 20.12114165819267 0.05
OBS: 17.472338951297793 i_PS1 875.3794 40.3127 20.144509230962186 0.05
OBS: 21.84042368912224 i_PS1 930.4255 42.8477 20.07829602592583 0.05
OBS: 26.20850842694669 i_PS1 859.7206 39.5916 20.16410664018774 0.05
OBS: 30.57659316477114 i_PS1 699.0802 32.1938 20.38868250334008 0.05
OBS: 34.944677902595586 i_PS1 550.1642 25.336 20.648769281061647 0.05
OBS: 39.31276264042003 i_PS1 434.6056 20.0143 20.904761695082527 0.05
OBS: -8.736169475648897 z_PS1 911.5392 41.9779 20.10056159692246 0.05
OBS: -4.368084737824448 z_PS1 1242.3298 57.2114 19.76440777578255 0.05
OBS: 0.0 z_PS1 1188.3841 54.7271 19.81260789856102 0.05
OBS: 4.368084737824448 z_PS1 947.4461 43.6315 20.058613700811378 0.05
OBS: 8.736169475648897 z_PS1 687.1093 31.6426 20.407435471256107 0.05
OBS: 13.104254213473345 z_PS1 560.21 25.7986 20.62912291846498 0.05
OBS: 17.472338951297793 z_PS1 551.8983 25.4159 20.64535243190447 0.05
OBS: 21.84042368912224 z_PS1 629.634 28.9957 20.502279588151367 0.05
OBS: 26.20850842694669 z_PS1 663.4245 30.5518 20.445521297886806 0.05
OBS: 30.57659316477114 z_PS1 608.3004 28.0133 20.539704658802513 0.05
OBS: 34.944677902595586 z_PS1 503.6916 23.1959 20.74458830517861 0.05
OBS: 39.31276264042003 z_PS1 396.3473 18.2525 21.00481017675493 0.05
END: