# 761 
# SNANA-like file generated from user-provided data
# Zeropoint of the converted SNANA file: 27.5 mag
# -----------------------------------------------------------
# Data table created by: anonymous
# On date: 2023.03.14 (yyyy.mm.dd); 20.49 hrs (GMT).
# Script used: BayeSNmodel.io.write_snana_lcfile.py
# -----------------------------------------------------------
SNID: 761
MWEBV: 0
REDSHIFT_HELIO: 0.08736514596583322
REDSHIFT_CMB: 0.08736514596583322
REDSHIFT_CMB_ERR: 0.001
PEAKMJD: 0
FILTERS: g_PS1,i_PS1,r_PS1,z_PS1
# -----------------------------------------------------------
NOBS: 48
NVAR: 6
VARLIST: MJD FLT FLUXCAL FLUXCALERR MAG MAGERR
OBS: -8.698921167726667 g_PS1 2317.5802 106.7285 19.087413060697667 0.05
OBS: -4.349460583863333 g_PS1 2846.9386 131.1064 18.864054729755804 0.05
OBS: 0.0 g_PS1 2767.2081 127.4346 18.894895451933994 0.05
OBS: 4.349460583863333 g_PS1 2686.5779 123.7215 18.927001415288924 0.05
OBS: 8.698921167726667 g_PS1 2419.4805 111.4212 19.04069467714432 0.05
OBS: 13.04838175159 g_PS1 1748.4836 80.5206 19.3933460895997 0.05
OBS: 17.397842335453333 g_PS1 1107.5384 51.004 19.889103058606498 0.05
OBS: 21.747302919316667 g_PS1 706.8923 32.5536 20.376616878400927 0.05
OBS: 26.09676350318 g_PS1 537.0126 24.7303 20.675038898217263 0.05
OBS: 30.446224087043333 g_PS1 476.2422 21.9318 20.80543025312497 0.05
OBS: 34.79568467090667 g_PS1 412.2354 18.9841 20.962136707101553 0.05
OBS: 39.14514525477 g_PS1 318.3257 14.6594 21.242820761468042 0.05
OBS: -8.698921167726667 r_PS1 1987.0809 91.5085 19.25446112398504 0.05
OBS: -4.349460583863333 r_PS1 2491.6259 114.7436 19.00879289916687 0.05
OBS: 0.0 r_PS1 2699.9343 124.3366 18.92161701422002 0.05
OBS: 4.349460583863333 r_PS1 2817.3819 129.7452 18.87538568039772 0.05
OBS: 8.698921167726667 r_PS1 2763.4506 127.2616 18.89637072546008 0.05
OBS: 13.04838175159 r_PS1 2290.676 105.4895 19.100090853544636 0.05
OBS: 17.397842335453333 r_PS1 1683.7037 77.5374 19.434335826036524 0.05
OBS: 21.747302919316667 r_PS1 1304.8881 60.0923 19.711066786764754 0.05
OBS: 26.09676350318 r_PS1 1094.6572 50.4108 19.90180463818693 0.05
OBS: 30.446224087043333 r_PS1 919.5458 42.3467 20.091066547831495 0.05
OBS: 34.79568467090667 r_PS1 771.6803 35.5372 20.28140650273263 0.05
OBS: 39.14514525477 r_PS1 675.9065 31.1266 20.42528346542121 0.05
OBS: -8.698921167726667 i_PS1 1825.4427 84.0647 19.346579504726066 0.05
OBS: -4.349460583863333 i_PS1 2475.8389 114.0166 19.01569403006146 0.05
OBS: 0.0 i_PS1 2569.9833 118.3521 18.975174241261236 0.05
OBS: 4.349460583863333 i_PS1 2608.8745 120.1431 18.958867044986114 0.05
OBS: 8.698921167726667 i_PS1 2275.0169 104.7684 19.10753842350418 0.05
OBS: 13.04838175159 i_PS1 1755.3843 80.8384 19.389069496023872 0.05
OBS: 17.397842335453333 i_PS1 1432.4722 65.9678 19.609784528945937 0.05
OBS: 21.747302919316667 i_PS1 1296.8018 59.7199 19.71781595138267 0.05
OBS: 26.09676350318 i_PS1 1194.69 55.0175 19.806861887978066 0.05
OBS: 30.446224087043333 i_PS1 1074.3167 49.4741 19.922169230102583 0.05
OBS: 34.79568467090667 i_PS1 935.3225 43.0732 20.07259654676305 0.05
OBS: 39.14514525477 i_PS1 784.0031 36.1047 20.264205612036207 0.05
OBS: -8.698921167726667 z_PS1 1272.5427 58.6028 19.738319116274006 0.05
OBS: -4.349460583863333 z_PS1 1655.0567 76.2182 19.45296782397277 0.05
OBS: 0.0 z_PS1 1669.0951 76.8647 19.443797313556765 0.05
OBS: 4.349460583863333 z_PS1 1590.2353 73.233 19.496346536954036 0.05
OBS: 8.698921167726667 z_PS1 1376.1053 63.372 19.6533708432139 0.05
OBS: 13.04838175159 z_PS1 1129.9006 52.0338 19.867399393018168 0.05
OBS: 17.397842335453333 z_PS1 944.136 43.4791 20.062413605277015 0.05
OBS: 21.747302919316667 z_PS1 903.941 41.628 20.109649777445618 0.05
OBS: 26.09676350318 z_PS1 909.0089 41.8614 20.103579632815617 0.05
OBS: 30.446224087043333 z_PS1 883.7833 40.6997 20.134135583574306 0.05
OBS: 34.79568467090667 z_PS1 796.2521 36.6688 20.247373538694383 0.05
OBS: 39.14514525477 z_PS1 673.1297 30.9988 20.42975317544181 0.05
END: