# 768 
# SNANA-like file generated from user-provided data
# Zeropoint of the converted SNANA file: 27.5 mag
# -----------------------------------------------------------
# Data table created by: anonymous
# On date: 2023.03.14 (yyyy.mm.dd); 20.49 hrs (GMT).
# Script used: BayeSNmodel.io.write_snana_lcfile.py
# -----------------------------------------------------------
SNID: 768
MWEBV: 0
REDSHIFT_HELIO: 0.06744906446374872
REDSHIFT_CMB: 0.06744906446374872
REDSHIFT_CMB_ERR: 0.001
PEAKMJD: 0
FILTERS: g_PS1,i_PS1,r_PS1,z_PS1
# -----------------------------------------------------------
NOBS: 48
NVAR: 6
VARLIST: MJD FLT FLUXCAL FLUXCALERR MAG MAGERR
OBS: -8.53959251570999 g_PS1 2023.3131 93.177 19.234842277590925 0.05
OBS: -4.269796257854995 g_PS1 3557.282 163.8189 18.622204277547784 0.05
OBS: 0.0 g_PS1 4066.2564 187.258 18.47701308827899 0.05
OBS: 4.269796257854995 g_PS1 3598.0434 165.696 18.60983400330232 0.05
OBS: 8.53959251570999 g_PS1 2648.2424 121.9561 18.94260565461372 0.05
OBS: 12.809388773564983 g_PS1 1754.7069 80.8072 19.38948856772149 0.05
OBS: 17.07918503141998 g_PS1 1177.0044 54.2031 19.82305480237091 0.05
OBS: 21.348981289274974 g_PS1 787.5505 36.268 20.259303924149886 0.05
OBS: 25.618777547129966 g_PS1 553.644 25.4962 20.641923576422126 0.05
OBS: 29.88857380498496 g_PS1 436.1852 20.0871 20.90082272897939 0.05
OBS: 34.15837006283996 g_PS1 364.4782 16.7848 21.095821248731948 0.05
OBS: 38.42816632069495 g_PS1 307.6073 14.1658 21.28000857852575 0.05
OBS: -8.53959251570999 r_PS1 1978.6937 91.1222 19.259053583732673 0.05
OBS: -4.269796257854995 r_PS1 3315.5559 152.687 18.698609111745576 0.05
OBS: 0.0 r_PS1 4132.1257 190.2914 18.45956618393499 0.05
OBS: 4.269796257854995 r_PS1 4052.7706 186.637 18.48061994273626 0.05
OBS: 8.53959251570999 r_PS1 3433.2439 158.1067 18.660738367495497 0.05
OBS: 12.809388773564983 r_PS1 2675.4921 123.211 18.931490798019027 0.05
OBS: 17.07918503141998 r_PS1 2074.5762 95.5378 19.207676540779097 0.05
OBS: 21.348981289274974 r_PS1 1717.8089 79.108 19.412562890762537 0.05
OBS: 25.618777547129966 r_PS1 1416.5078 65.2326 19.621952607489348 0.05
OBS: 29.88857380498496 r_PS1 1114.205 51.311 19.882587232620388 0.05
OBS: 34.15837006283996 r_PS1 891.7687 41.0675 20.124369380647416 0.05
OBS: 38.42816632069495 r_PS1 771.2778 35.5187 20.281972883654262 0.05
OBS: -8.53959251570999 i_PS1 1966.7203 90.5708 19.265643502310105 0.05
OBS: -4.269796257854995 i_PS1 2605.5726 119.9911 18.9602420401118 0.05
OBS: 0.0 i_PS1 2542.2967 117.0771 18.986934423317777 0.05
OBS: 4.269796257854995 i_PS1 2360.0469 108.6842 19.067698431981306 0.05
OBS: 8.53959251570999 i_PS1 1930.8318 88.9181 19.285638868760522 0.05
OBS: 12.809388773564983 i_PS1 1563.118 71.9842 19.51502056498876 0.05
OBS: 17.07918503141998 i_PS1 1498.0792 68.9891 19.561163090208012 0.05
OBS: 21.348981289274974 i_PS1 1554.9712 71.6091 19.520694140908567 0.05
OBS: 25.618777547129966 i_PS1 1429.7691 65.8433 19.61183523348822 0.05
OBS: 29.88857380498496 i_PS1 1185.9114 54.6132 19.814869352186854 0.05
OBS: 34.15837006283996 i_PS1 967.1539 44.5391 20.03626098356765 0.05
OBS: 38.42816632069495 i_PS1 798.9184 36.7916 20.24374388684162 0.05
OBS: -8.53959251570999 z_PS1 1671.7458 76.9867 19.44207442351955 0.05
OBS: -4.269796257854995 z_PS1 2229.7797 102.6852 19.129345099138526 0.05
OBS: 0.0 z_PS1 2184.9643 100.6213 19.151389150235268 0.05
OBS: 4.269796257854995 z_PS1 1782.6955 82.0962 19.372307055552447 0.05
OBS: 8.53959251570999 z_PS1 1415.6236 65.1919 19.622630507952017 0.05
OBS: 12.809388773564983 z_PS1 1208.8023 55.6674 19.79411176095865 0.05
OBS: 17.07918503141998 z_PS1 1193.4935 54.9624 19.807949893147246 0.05
OBS: 21.348981289274974 z_PS1 1261.3925 58.0893 19.747874385214722 0.05
OBS: 25.618777547129966 z_PS1 1181.5555 54.4126 19.818864650691182 0.05
OBS: 29.88857380498496 z_PS1 987.4617 45.4743 20.01369937087835 0.05
OBS: 34.15837006283996 z_PS1 798.1482 36.7561 20.244791156341357 0.05
OBS: 38.42816632069495 z_PS1 665.0729 30.6277 20.442826902115826 0.05
END: