# 769 
# SNANA-like file generated from user-provided data
# Zeropoint of the converted SNANA file: 27.5 mag
# -----------------------------------------------------------
# Data table created by: anonymous
# On date: 2023.03.14 (yyyy.mm.dd); 20.49 hrs (GMT).
# Script used: BayeSNmodel.io.write_snana_lcfile.py
# -----------------------------------------------------------
SNID: 769
MWEBV: 0
REDSHIFT_HELIO: 0.08410618639014655
REDSHIFT_CMB: 0.08410618639014655
REDSHIFT_CMB_ERR: 0.001
PEAKMJD: 0
FILTERS: g_PS1,i_PS1,r_PS1,z_PS1
# -----------------------------------------------------------
NOBS: 48
NVAR: 6
VARLIST: MJD FLT FLUXCAL FLUXCALERR MAG MAGERR
OBS: -8.672849491121173 g_PS1 2128.5176 98.0219 19.179806873789776 0.05
OBS: -4.336424745560587 g_PS1 3052.1972 140.5589 18.78846854373347 0.05
OBS: 0.0 g_PS1 3224.3162 148.4852 18.728905926753132 0.05
OBS: 4.336424745560587 g_PS1 3100.1334 142.7664 18.771549054747705 0.05
OBS: 8.672849491121173 g_PS1 2669.3239 122.9269 18.93399681009024 0.05
OBS: 13.00927423668176 g_PS1 1961.4979 90.3303 19.268530404112443 0.05
OBS: 17.345698982242347 g_PS1 1370.1849 63.0993 19.658052059394887 0.05
OBS: 21.68212372780293 g_PS1 946.5882 43.592 20.05959729298353 0.05
OBS: 26.01854847336352 g_PS1 685.219 31.5555 20.41042653654625 0.05
OBS: 30.35497321892411 g_PS1 544.1578 25.0594 20.66068794996752 0.05
OBS: 34.69139796448469 g_PS1 433.3966 19.9586 20.907786323511733 0.05
OBS: 39.02782271004528 g_PS1 326.2037 15.0222 21.21627775245069 0.05
OBS: -8.672849491121173 r_PS1 1794.255 82.6285 19.365289617371474 0.05
OBS: -4.336424745560587 r_PS1 2633.2497 121.2656 18.948769880835307 0.05
OBS: 0.0 r_PS1 3055.8323 140.7263 18.78717622263615 0.05
OBS: 4.336424745560587 r_PS1 3048.9989 140.4116 18.7896068423088 0.05
OBS: 8.672849491121173 r_PS1 2730.5558 125.7467 18.90937234762668 0.05
OBS: 13.00927423668176 r_PS1 2178.8876 100.3415 19.154412930025813 0.05
OBS: 17.345698982242347 r_PS1 1671.2033 76.9618 19.442426783995977 0.05
OBS: 21.68212372780293 r_PS1 1383.4451 63.71 19.647595193432082 0.05
OBS: 26.01854847336352 r_PS1 1228.2048 56.5609 19.776823064102416 0.05
OBS: 30.35497321892411 r_PS1 1070.9719 49.3201 19.925554814521234 0.05
OBS: 34.69139796448469 r_PS1 891.3357 41.0475 20.124896697795123 0.05
OBS: 39.02782271004528 r_PS1 736.1302 33.9 20.332613473213257 0.05
OBS: -8.672849491121173 i_PS1 1491.9912 68.7087 19.565584330155886 0.05
OBS: -4.336424745560587 i_PS1 2038.8437 93.8922 19.22654019018185 0.05
OBS: 0.0 i_PS1 2127.6163 97.9804 19.18026674047612 0.05
OBS: 4.336424745560587 i_PS1 2153.0949 99.1537 19.167342059148638 0.05
OBS: 8.672849491121173 i_PS1 1831.3847 84.3384 19.343051031352296 0.05
OBS: 13.00927423668176 i_PS1 1339.5754 61.6897 19.68258208637603 0.05
OBS: 17.345698982242347 i_PS1 1042.5184 48.0097 19.95479072994884 0.05
OBS: 21.68212372780293 i_PS1 988.0341 45.5007 20.01307013562566 0.05
OBS: 26.01854847336352 i_PS1 1088.5734 50.1307 19.907855666393246 0.05
OBS: 30.35497321892411 i_PS1 1193.2257 54.9501 19.80819350278454 0.05
OBS: 34.69139796448469 i_PS1 1112.5322 51.234 19.884218497511853 0.05
OBS: 39.02782271004528 i_PS1 849.1163 39.1033 20.17758203214344 0.05
OBS: -8.672849491121173 z_PS1 1448.1783 66.6911 19.597944877611873 0.05
OBS: -4.336424745560587 z_PS1 1690.847 77.8664 19.429739226256274 0.05
OBS: 0.0 z_PS1 1553.9479 71.5619 19.521408891099732 0.05
OBS: 4.336424745560587 z_PS1 1358.5693 62.5644 19.66729547613926 0.05
OBS: 8.672849491121173 z_PS1 1110.2701 51.1298 19.886428406360203 0.05
OBS: 13.00927423668176 z_PS1 871.2534 40.1227 20.149638832407064 0.05
OBS: 17.345698982242347 z_PS1 721.7384 33.2373 20.354050472090158 0.05
OBS: 21.68212372780293 z_PS1 728.6138 33.5539 20.34375645651371 0.05
OBS: 26.01854847336352 z_PS1 835.973 38.498 20.194519408341357 0.05
OBS: 30.35497321892411 z_PS1 937.1628 43.1579 20.07046234877911 0.05
OBS: 34.69139796448469 z_PS1 897.192 41.3172 20.11778652579077 0.05
OBS: 39.02782271004528 z_PS1 729.6891 33.6034 20.34215535685901 0.05
END: