# 77 
# SNANA-like file generated from user-provided data
# Zeropoint of the converted SNANA file: 27.5 mag
# -----------------------------------------------------------
# Data table created by: anonymous
# On date: 2023.03.14 (yyyy.mm.dd); 20.49 hrs (GMT).
# Script used: BayeSNmodel.io.write_snana_lcfile.py
# -----------------------------------------------------------
SNID: 77
MWEBV: 0
REDSHIFT_HELIO: 0.08802452560925456
REDSHIFT_CMB: 0.08802452560925456
REDSHIFT_CMB_ERR: 0.001
PEAKMJD: 0
FILTERS: g_PS1,i_PS1,r_PS1,z_PS1
# -----------------------------------------------------------
NOBS: 48
NVAR: 6
VARLIST: MJD FLT FLUXCAL FLUXCALERR MAG MAGERR
OBS: -8.704196204874037 g_PS1 1681.7859 77.4491 19.435573236594333 0.05
OBS: -4.352098102437019 g_PS1 2811.7954 129.488 18.87754069892115 0.05
OBS: 0.0 g_PS1 3095.142 142.5366 18.773298549222456 0.05
OBS: 4.352098102437019 g_PS1 2666.593 122.8011 18.93510816116012 0.05
OBS: 8.704196204874037 g_PS1 1993.1963 91.7901 19.25112483150048 0.05
OBS: 13.056294307311056 g_PS1 1402.0552 64.567 19.633087247022377 0.05
OBS: 17.408392409748075 g_PS1 1022.9308 47.1077 19.97538431082732 0.05
OBS: 21.760490512185093 g_PS1 722.1691 33.2571 20.3534027764444 0.05
OBS: 26.112588614622112 g_PS1 504.83 23.2483 20.742137131156934 0.05
OBS: 30.46468671705913 g_PS1 384.3394 17.6995 21.038212822855566 0.05
OBS: 34.81678481949615 g_PS1 316.4135 14.5714 21.249362441017563 0.05
OBS: 39.16888292193317 g_PS1 270.6511 12.4639 21.418975630543915 0.05
OBS: -8.704196204874037 r_PS1 1715.0903 78.9828 19.41428254019018 0.05
OBS: -4.352098102437019 r_PS1 2545.2098 117.2112 18.985691014313716 0.05
OBS: 0.0 r_PS1 2954.8047 136.0738 18.82367804521401 0.05
OBS: 4.352098102437019 r_PS1 2908.0077 133.9187 18.841011121599678 0.05
OBS: 8.704196204874037 r_PS1 2593.4357 119.4321 18.965311279311486 0.05
OBS: 13.056294307311056 r_PS1 2125.068 97.863 19.181567907251626 0.05
OBS: 17.408392409748075 r_PS1 1698.7842 78.2319 19.424654440224295 0.05
OBS: 21.760490512185093 r_PS1 1416.7326 65.2429 19.621780269198908 0.05
OBS: 26.112588614622112 r_PS1 1167.2285 53.7529 19.8321103094301 0.05
OBS: 30.46468671705913 r_PS1 906.2787 41.7357 20.106845614718686 0.05
OBS: 34.81678481949615 r_PS1 701.0072 32.2826 20.385693796207924 0.05
OBS: 39.16888292193317 r_PS1 578.1167 26.6233 20.594961302090553 0.05
OBS: -8.704196204874037 i_PS1 1429.3102 65.8222 19.612183748930384 0.05
OBS: -4.352098102437019 i_PS1 2188.0688 100.7643 19.14984754860282 0.05
OBS: 0.0 i_PS1 2339.0995 107.7195 19.07737825373046 0.05
OBS: 4.352098102437019 i_PS1 2168.2762 99.8528 19.159713473913875 0.05
OBS: 8.704196204874037 i_PS1 1726.8978 79.5266 19.406833427157103 0.05
OBS: 13.056294307311056 i_PS1 1412.2264 65.0354 19.625239162974914 0.05
OBS: 17.408392409748075 i_PS1 1379.6555 63.5355 19.650573357705134 0.05
OBS: 21.760490512185093 i_PS1 1433.5066 66.0154 19.6090007502749 0.05
OBS: 26.112588614622112 i_PS1 1270.2262 58.4961 19.740297356592976 0.05
OBS: 30.46468671705913 i_PS1 994.9501 45.8191 20.00549678770451 0.05
OBS: 34.81678481949615 i_PS1 775.7846 35.7262 20.275647109954562 0.05
OBS: 39.16888292193317 i_PS1 630.1525 29.0196 20.50138577650737 0.05
OBS: -8.704196204874037 z_PS1 1021.1006 47.0234 19.977328698119152 0.05
OBS: -4.352098102437019 z_PS1 1473.3455 67.8501 19.57923853091858 0.05
OBS: 0.0 z_PS1 1512.9806 69.6753 19.55041657553994 0.05
OBS: 4.352098102437019 z_PS1 1306.8917 60.1846 19.70940103422864 0.05
OBS: 8.704196204874037 z_PS1 1029.345 47.4031 19.96859759273606 0.05
OBS: 13.056294307311056 z_PS1 881.6997 40.6038 20.136698233004218 0.05
OBS: 17.408392409748075 z_PS1 874.551 40.2746 20.14553715352009 0.05
OBS: 21.760490512185093 z_PS1 951.8953 43.8364 20.053527024744376 0.05
OBS: 26.112588614622112 z_PS1 911.5424 41.9781 20.100557832602192 0.05
OBS: 30.46468671705913 z_PS1 766.3653 35.2924 20.288910351794797 0.05
OBS: 34.81678481949615 z_PS1 631.2644 29.0708 20.4994716839335 0.05
OBS: 39.16888292193317 z_PS1 544.8095 25.0894 20.659388344104407 0.05
END: