# 770 
# SNANA-like file generated from user-provided data
# Zeropoint of the converted SNANA file: 27.5 mag
# -----------------------------------------------------------
# Data table created by: anonymous
# On date: 2023.03.14 (yyyy.mm.dd); 20.49 hrs (GMT).
# Script used: BayeSNmodel.io.write_snana_lcfile.py
# -----------------------------------------------------------
SNID: 770
MWEBV: 0
REDSHIFT_HELIO: 0.09050958828151627
REDSHIFT_CMB: 0.09050958828151627
REDSHIFT_CMB_ERR: 0.001
PEAKMJD: 0
FILTERS: g_PS1,i_PS1,r_PS1,z_PS1
# -----------------------------------------------------------
NOBS: 48
NVAR: 6
VARLIST: MJD FLT FLUXCAL FLUXCALERR MAG MAGERR
OBS: -8.72407670625213 g_PS1 1389.4406 63.9861 19.64290002719775 0.05
OBS: -4.362038353126065 g_PS1 2395.6393 110.3233 19.051446426302338 0.05
OBS: 0.0 g_PS1 2695.2553 124.1211 18.923500229461165 0.05
OBS: 4.362038353126065 g_PS1 2339.8018 107.7519 19.07705234147112 0.05
OBS: 8.72407670625213 g_PS1 1740.9478 80.1736 19.39803565465625 0.05
OBS: 13.086115059378196 g_PS1 1219.4574 56.1581 19.784583403164252 0.05
OBS: 17.44815341250426 g_PS1 895.8085 41.2535 20.119462048435782 0.05
OBS: 21.81019176563033 g_PS1 640.8905 29.5141 20.483040441778495 0.05
OBS: 26.172230118756392 g_PS1 452.4845 20.8377 20.860990777901076 0.05
OBS: 30.534268471882456 g_PS1 343.7133 15.8286 21.159509249451997 0.05
OBS: 34.89630682500852 g_PS1 276.4218 12.7297 21.396069299950423 0.05
OBS: 39.25834517813459 g_PS1 226.3703 10.4247 21.61295148364039 0.05
OBS: -8.72407670625213 r_PS1 1173.1411 54.0251 19.82662436240684 0.05
OBS: -4.362038353126065 r_PS1 2047.6238 94.2966 19.221874580827176 0.05
OBS: 0.0 r_PS1 2609.4734 120.1707 18.95861782193473 0.05
OBS: 4.362038353126065 r_PS1 2566.0569 118.1713 18.976834278489157 0.05
OBS: 8.72407670625213 r_PS1 2175.9646 100.2069 19.15587041452804 0.05
OBS: 13.086115059378196 r_PS1 1717.1726 79.0787 19.41296513810132 0.05
OBS: 17.44815341250426 r_PS1 1363.1812 62.7768 19.66361605506247 0.05
OBS: 21.81019176563033 r_PS1 1132.3754 52.1478 19.86502394364618 0.05
OBS: 26.172230118756392 r_PS1 921.7018 42.4459 20.088523916026517 0.05
OBS: 30.534268471882456 r_PS1 716.3834 32.9907 20.362136248936828 0.05
OBS: 34.89630682500852 r_PS1 575.0865 26.4837 20.600667129966084 0.05
OBS: 39.25834517813459 r_PS1 512.3661 23.5953 20.72604894945181 0.05
OBS: -8.72407670625213 i_PS1 1080.2537 49.7475 19.916185573526974 0.05
OBS: -4.362038353126065 i_PS1 1688.5404 77.7602 19.431221331810704 0.05
OBS: 0.0 i_PS1 1885.708 86.8401 19.3113138662181 0.05
OBS: 4.362038353126065 i_PS1 1849.8505 85.1888 19.332158395102923 0.05
OBS: 8.72407670625213 i_PS1 1525.1366 70.2351 19.541728146083557 0.05
OBS: 13.086115059378196 i_PS1 1212.2371 55.8256 19.791031051855825 0.05
OBS: 17.44815341250426 i_PS1 1101.1004 50.7075 19.895432722966973 0.05
OBS: 21.81019176563033 i_PS1 1089.1418 50.1568 19.907288924021287 0.05
OBS: 26.172230118756392 i_PS1 995.9371 45.8646 20.00442021234494 0.05
OBS: 30.534268471882456 i_PS1 840.7005 38.7157 20.188396698542192 0.05
OBS: 34.89630682500852 i_PS1 698.1607 32.1515 20.390111455706077 0.05
OBS: 39.25834517813459 i_PS1 582.3364 26.8176 20.587065230858876 0.05
OBS: -8.72407670625213 z_PS1 897.9794 41.3535 20.116834044816528 0.05
OBS: -4.362038353126065 z_PS1 1247.4333 57.4464 19.7599566562131 0.05
OBS: 0.0 z_PS1 1263.0474 58.1655 19.746450840045988 0.05
OBS: 4.362038353126065 z_PS1 1115.5214 51.3717 19.881305244762295 0.05
OBS: 8.72407670625213 z_PS1 895.5395 41.2411 20.119788076377496 0.05
OBS: 13.086115059378196 z_PS1 754.773 34.7586 20.305459161675714 0.05
OBS: 17.44815341250426 z_PS1 712.9344 32.8318 20.36737608011238 0.05
OBS: 21.81019176563033 z_PS1 761.0378 35.0471 20.296484462301223 0.05
OBS: 26.172230118756392 z_PS1 768.9691 35.4123 20.285227747730126 0.05
OBS: 30.534268471882456 z_PS1 698.2695 32.1565 20.389942283234127 0.05
OBS: 34.89630682500852 z_PS1 588.3676 27.0953 20.575878167868247 0.05
OBS: 39.25834517813459 z_PS1 480.1299 22.1108 20.79660313768086 0.05
END: