# 773 
# SNANA-like file generated from user-provided data
# Zeropoint of the converted SNANA file: 27.5 mag
# -----------------------------------------------------------
# Data table created by: anonymous
# On date: 2023.03.14 (yyyy.mm.dd); 20.49 hrs (GMT).
# Script used: BayeSNmodel.io.write_snana_lcfile.py
# -----------------------------------------------------------
SNID: 773
MWEBV: 0
REDSHIFT_HELIO: 0.09930204287339878
REDSHIFT_CMB: 0.09930204287339878
REDSHIFT_CMB_ERR: 0.001
PEAKMJD: 0
FILTERS: g_PS1,i_PS1,r_PS1,z_PS1
# -----------------------------------------------------------
NOBS: 48
NVAR: 6
VARLIST: MJD FLT FLUXCAL FLUXCALERR MAG MAGERR
OBS: -8.79441634298719 g_PS1 953.9299 43.9301 20.051208865093873 0.05
OBS: -4.397208171493595 g_PS1 1745.9662 80.4047 19.394910421256913 0.05
OBS: 0.0 g_PS1 1968.2059 90.6392 19.264823688698637 0.05
OBS: 4.397208171493595 g_PS1 1598.3598 73.6072 19.490813657087276 0.05
OBS: 8.79441634298719 g_PS1 1105.8982 50.9285 19.890712119332672 0.05
OBS: 13.191624514480786 g_PS1 704.4038 32.439 20.38044577742674 0.05
OBS: 17.58883268597438 g_PS1 462.7544 21.3106 20.8366235339172 0.05
OBS: 21.986040857467977 g_PS1 299.4095 13.7883 21.309336185458395 0.05
OBS: 26.383249028961572 g_PS1 195.6882 9.0118 21.771088278053835 0.05
OBS: 30.780457200455167 g_PS1 145.0513 6.6799 22.096196104058745 0.05
OBS: 35.17766537194876 g_PS1 124.3612 5.727 22.263287694836688 0.05
OBS: 39.57487354344236 g_PS1 116.8353 5.3805 22.331064664001293 0.05
OBS: -8.79441634298719 r_PS1 974.1045 44.8592 20.028486123518263 0.05
OBS: -4.397208171493595 r_PS1 1439.8974 66.3097 19.604171129627886 0.05
OBS: 0.0 r_PS1 1663.1949 76.593 19.447642113680907 0.05
OBS: 4.397208171493595 r_PS1 1633.0646 75.2054 19.46749157932063 0.05
OBS: 8.79441634298719 r_PS1 1432.4207 65.9654 19.60982356245743 0.05
OBS: 13.191624514480786 r_PS1 1111.8125 51.2009 19.884921134563847 0.05
OBS: 17.58883268597438 r_PS1 818.3336 37.6857 20.2176740458399 0.05
OBS: 21.986040857467977 r_PS1 623.2827 28.7032 20.51328735611383 0.05
OBS: 26.383249028961572 r_PS1 460.9601 21.228 20.840841673330466 0.05
OBS: 30.780457200455167 r_PS1 329.3504 15.1671 21.20585443008084 0.05
OBS: 35.17766537194876 r_PS1 253.5057 11.6744 21.490030765147246 0.05
OBS: 39.57487354344236 r_PS1 225.1433 10.3682 21.618852215116767 0.05
OBS: -8.79441634298719 i_PS1 1030.3959 47.4515 19.96748971162799 0.05
OBS: -4.397208171493595 i_PS1 1368.4535 63.0196 19.659424870782743 0.05
OBS: 0.0 i_PS1 1322.9256 60.923 19.696161414819187 0.05
OBS: 4.397208171493595 i_PS1 1156.9772 53.2808 19.84168803929208 0.05
OBS: 8.79441634298719 i_PS1 922.9709 42.5044 20.087030036855907 0.05
OBS: 13.191624514480786 i_PS1 803.3928 36.9976 20.2376801441985 0.05
OBS: 17.58883268597438 i_PS1 844.3561 38.884 20.183685851367187 0.05
OBS: 21.986040857467977 i_PS1 867.3349 39.9422 20.15453294814722 0.05
OBS: 26.383249028961572 i_PS1 664.7156 30.6113 20.443410324895787 0.05
OBS: 30.780457200455167 i_PS1 431.5304 19.8727 20.912471389299398 0.05
OBS: 35.17766537194876 i_PS1 305.2551 14.0575 21.288342686278867 0.05
OBS: 39.57487354344236 i_PS1 253.8111 11.6884 21.48872346668771 0.05
OBS: -8.79441634298719 z_PS1 678.4492 31.2437 20.421206672079713 0.05
OBS: -4.397208171493595 z_PS1 928.5646 42.762 20.08046970474423 0.05
OBS: 0.0 z_PS1 898.7944 41.391 20.115849125140798 0.05
OBS: 4.397208171493595 z_PS1 743.533 34.241 20.32174943623209 0.05
OBS: 8.79441634298719 z_PS1 570.9915 26.2951 20.60842591399689 0.05
OBS: 13.191624514480786 z_PS1 518.2627 23.8669 20.713625179149453 0.05
OBS: 17.58883268597438 z_PS1 564.8985 26.0145 20.620073933107896 0.05
OBS: 21.986040857467977 z_PS1 640.2712 29.4856 20.484090072863488 0.05
OBS: 26.383249028961572 z_PS1 566.7738 26.1009 20.61647562337371 0.05
OBS: 30.780457200455167 z_PS1 413.5135 19.043 20.95877587235183 0.05
OBS: 35.17766537194876 z_PS1 301.5065 13.8849 21.301758469881996 0.05
OBS: 39.57487354344236 z_PS1 240.5107 11.0759 21.547164077867045 0.05
END: