# 774 
# SNANA-like file generated from user-provided data
# Zeropoint of the converted SNANA file: 27.5 mag
# -----------------------------------------------------------
# Data table created by: anonymous
# On date: 2023.03.14 (yyyy.mm.dd); 20.49 hrs (GMT).
# Script used: BayeSNmodel.io.write_snana_lcfile.py
# -----------------------------------------------------------
SNID: 774
MWEBV: 0
REDSHIFT_HELIO: 0.07567557617415399
REDSHIFT_CMB: 0.07567557617415399
REDSHIFT_CMB_ERR: 0.001
PEAKMJD: 0
FILTERS: g_PS1,i_PS1,r_PS1,z_PS1
# -----------------------------------------------------------
NOBS: 48
NVAR: 6
VARLIST: MJD FLT FLUXCAL FLUXCALERR MAG MAGERR
OBS: -8.605404609393233 g_PS1 1474.716 67.9132 19.578229034921602 0.05
OBS: -4.302702304696616 g_PS1 2345.7603 108.0263 19.074290927788585 0.05
OBS: 0.0 g_PS1 2464.9499 113.5151 19.02047973810178 0.05
OBS: 4.302702304696616 g_PS1 2061.5924 94.9398 19.214492984610654 0.05
OBS: 8.605404609393233 g_PS1 1506.1509 69.3608 19.555328820442508 0.05
OBS: 12.90810691408985 g_PS1 984.1521 45.3219 20.017344451172928 0.05
OBS: 17.210809218786466 g_PS1 640.3597 29.4897 20.483939990819447 0.05
OBS: 21.513511523483082 g_PS1 429.5436 19.7812 20.917481798592593 0.05
OBS: 25.8162138281797 g_PS1 321.431 14.8024 21.232280610788205 0.05
OBS: 30.118916132876315 g_PS1 279.4946 12.8712 21.384066584976335 0.05
OBS: 34.42161843757293 g_PS1 255.3563 11.7596 21.482133613280144 0.05
OBS: 38.72432074226955 g_PS1 226.3601 10.4243 21.613000142155183 0.05
OBS: -8.605404609393233 r_PS1 1318.7773 60.7319 19.69957135713007 0.05
OBS: -4.302702304696616 r_PS1 1961.4544 90.3283 19.268554484862157 0.05
OBS: 0.0 r_PS1 2299.1012 105.8775 19.0961047946319 0.05
OBS: 4.302702304696616 r_PS1 2295.0332 105.6902 19.09802758511311 0.05
OBS: 8.605404609393233 r_PS1 2066.1334 95.149 19.21210412590191 0.05
OBS: 12.90810691408985 r_PS1 1675.8174 77.1742 19.43943328751645 0.05
OBS: 17.210809218786466 r_PS1 1302.878 59.9997 19.71274061494689 0.05
OBS: 21.513511523483082 r_PS1 1043.8224 48.0698 19.953433471586273 0.05
OBS: 25.8162138281797 r_PS1 789.3085 36.349 20.256883094826406 0.05
OBS: 30.118916132876315 r_PS1 575.4773 26.5017 20.59992942579658 0.05
OBS: 34.42161843757293 r_PS1 455.0873 20.9575 20.854763249373825 0.05
OBS: 38.72432074226955 r_PS1 412.4151 18.9924 20.96166369006452 0.05
OBS: -8.605404609393233 i_PS1 1148.5085 52.8908 19.84966447613298 0.05
OBS: -4.302702304696616 i_PS1 1795.4485 82.6835 19.364567618195778 0.05
OBS: 0.0 i_PS1 1958.653 90.1993 19.27010622962156 0.05
OBS: 4.302702304696616 i_PS1 1891.0778 87.0873 19.308226535137457 0.05
OBS: 8.605404609393233 i_PS1 1575.9378 72.5746 19.506152312287185 0.05
OBS: 12.90810691408985 i_PS1 1340.9464 61.7529 19.681471489136854 0.05
OBS: 17.210809218786466 i_PS1 1350.663 62.2003 19.673632458601382 0.05
OBS: 21.513511523483082 i_PS1 1328.5411 61.1816 19.691562503644732 0.05
OBS: 25.8162138281797 i_PS1 994.5074 45.7988 20.005979912784603 0.05
OBS: 30.118916132876315 i_PS1 649.6696 29.9184 20.468268677039667 0.05
OBS: 34.42161843757293 i_PS1 472.2022 21.7457 20.814679886113552 0.05
OBS: 38.72432074226955 i_PS1 408.4165 18.8083 20.972241705536938 0.05
OBS: -8.605404609393233 z_PS1 957.7619 44.1066 20.04685611987457 0.05
OBS: -4.302702304696616 z_PS1 1444.2972 66.5123 19.60085858630505 0.05
OBS: 0.0 z_PS1 1544.475 71.1257 19.528047800088736 0.05
OBS: 4.302702304696616 z_PS1 1349.8326 62.1621 19.67430023510297 0.05
OBS: 8.605404609393233 z_PS1 1102.0919 50.7532 19.894455464205578 0.05
OBS: 12.90810691408985 z_PS1 982.8702 45.2628 20.01875960861461 0.05
OBS: 17.210809218786466 z_PS1 1003.7358 46.2237 19.995951449085837 0.05
OBS: 21.513511523483082 z_PS1 1041.0733 47.9432 19.956296698493084 0.05
OBS: 25.8162138281797 z_PS1 871.5001 40.1341 20.14933138933911 0.05
OBS: 30.118916132876315 z_PS1 627.3281 28.8895 20.506263164423316 0.05
OBS: 34.42161843757293 z_PS1 459.3945 21.1559 20.844535502836365 0.05
OBS: 38.72432074226955 z_PS1 374.407 17.2421 21.06664021983965 0.05
END: