# 787 
# SNANA-like file generated from user-provided data
# Zeropoint of the converted SNANA file: 27.5 mag
# -----------------------------------------------------------
# Data table created by: anonymous
# On date: 2023.03.14 (yyyy.mm.dd); 20.49 hrs (GMT).
# Script used: BayeSNmodel.io.write_snana_lcfile.py
# -----------------------------------------------------------
SNID: 787
MWEBV: 0
REDSHIFT_HELIO: 0.07799842801296354
REDSHIFT_CMB: 0.07799842801296354
REDSHIFT_CMB_ERR: 0.001
PEAKMJD: 0
FILTERS: g_PS1,i_PS1,r_PS1,z_PS1
# -----------------------------------------------------------
NOBS: 48
NVAR: 6
VARLIST: MJD FLT FLUXCAL FLUXCALERR MAG MAGERR
OBS: -8.623987424103708 g_PS1 1703.4889 78.4486 19.42165171281236 0.05
OBS: -4.311993712051854 g_PS1 3177.3755 146.3235 18.744828648284578 0.05
OBS: 0.0 g_PS1 3673.0115 169.1484 18.587444274731514 0.05
OBS: 4.311993712051854 g_PS1 3083.2319 141.9881 18.777484508924548 0.05
OBS: 8.623987424103708 g_PS1 2138.423 98.478 19.17476596408292 0.05
OBS: 12.935981136155561 g_PS1 1374.0213 63.276 19.655016313434917 0.05
OBS: 17.247974848207416 g_PS1 922.7161 42.4926 20.087329794455112 0.05
OBS: 21.55996856025927 g_PS1 621.5026 28.6213 20.516392556635562 0.05
OBS: 25.871962272311123 g_PS1 435.0789 20.0361 20.90358002580005 0.05
OBS: 30.183955984362978 g_PS1 342.1824 15.7581 21.164355933257145 0.05
OBS: 34.49594969641483 g_PS1 292.6755 13.4782 21.334034075347954 0.05
OBS: 38.807943408466684 g_PS1 257.7511 11.8699 21.471998838300546 0.05
OBS: -8.623987424103708 r_PS1 1488.8008 68.5618 19.56790851620533 0.05
OBS: -4.311993712051854 r_PS1 2652.2514 122.1407 18.94096328205331 0.05
OBS: 0.0 r_PS1 3363.0954 154.8763 18.68315203360543 0.05
OBS: 4.311993712051854 r_PS1 3174.6376 146.1975 18.74576460849444 0.05
OBS: 8.623987424103708 r_PS1 2556.467 117.7297 18.98089952314043 0.05
OBS: 12.935981136155561 r_PS1 1940.6246 89.3691 19.280146192178165 0.05
OBS: 17.247974848207416 r_PS1 1516.8265 69.8524 19.54766022659328 0.05
OBS: 21.55996856025927 r_PS1 1264.7415 58.2435 19.744995560865682 0.05
OBS: 25.871962272311123 r_PS1 1003.1672 46.1976 19.996566731319156 0.05
OBS: 30.183955984362978 r_PS1 744.2467 34.2738 20.32070777129352 0.05
OBS: 34.49594969641483 r_PS1 575.7045 26.5122 20.599500849572294 0.05
OBS: 38.807943408466684 r_PS1 498.2049 22.9432 20.756480085258026 0.05
OBS: -8.623987424103708 i_PS1 1265.3424 58.2712 19.74447981508557 0.05
OBS: -4.311993712051854 i_PS1 2175.8533 100.2017 19.15592594786027 0.05
OBS: 0.0 i_PS1 2366.8041 108.9954 19.064594219290107 0.05
OBS: 4.311993712051854 i_PS1 1986.8432 91.4975 19.25459101970216 0.05
OBS: 8.623987424103708 i_PS1 1402.3586 64.581 19.6328523271076 0.05
OBS: 12.935981136155561 i_PS1 1137.0664 52.3638 19.860535478718255 0.05
OBS: 17.247974848207416 i_PS1 1249.1792 57.5268 19.75843816051855 0.05
OBS: 21.55996856025927 i_PS1 1428.0594 65.7646 19.613134338989177 0.05
OBS: 25.871962272311123 i_PS1 1220.8858 56.2239 19.783312421509358 0.05
OBS: 30.183955984362978 i_PS1 864.4859 39.811 20.15810527531908 0.05
OBS: 34.49594969641483 i_PS1 633.9964 29.1966 20.494783057770533 0.05
OBS: 38.807943408466684 i_PS1 519.3569 23.9173 20.71133527346919 0.05
OBS: -8.623987424103708 z_PS1 1205.8673 55.5322 19.796751179565668 0.05
OBS: -4.311993712051854 z_PS1 1790.6009 82.4602 19.367502980210723 0.05
OBS: 0.0 z_PS1 1794.7578 82.6517 19.364985383235968 0.05
OBS: 4.311993712051854 z_PS1 1380.6872 63.583 19.64976178607045 0.05
OBS: 8.623987424103708 z_PS1 995.6491 45.8513 20.00473422324663 0.05
OBS: 12.935981136155561 z_PS1 849.9785 39.143 20.176480167305172 0.05
OBS: 17.247974848207416 z_PS1 920.187 42.3762 20.0903097284081 0.05
OBS: 21.55996856025927 z_PS1 1064.366 49.0159 19.93227254109471 0.05
OBS: 25.871962272311123 z_PS1 989.5697 45.5714 20.01138405467944 0.05
OBS: 30.183955984362978 z_PS1 764.0352 35.1851 20.29221653500651 0.05
OBS: 34.49594969641483 z_PS1 575.2334 26.4905 20.600389749708995 0.05
OBS: 38.807943408466684 z_PS1 464.6878 21.3997 20.832096904842302 0.05
END: