# 79 
# SNANA-like file generated from user-provided data
# Zeropoint of the converted SNANA file: 27.5 mag
# -----------------------------------------------------------
# Data table created by: anonymous
# On date: 2023.03.14 (yyyy.mm.dd); 20.49 hrs (GMT).
# Script used: BayeSNmodel.io.write_snana_lcfile.py
# -----------------------------------------------------------
SNID: 79
MWEBV: 0
REDSHIFT_HELIO: 0.09314151662848219
REDSHIFT_CMB: 0.09314151662848219
REDSHIFT_CMB_ERR: 0.001
PEAKMJD: 0
FILTERS: g_PS1,i_PS1,r_PS1,z_PS1
# -----------------------------------------------------------
NOBS: 48
NVAR: 6
VARLIST: MJD FLT FLUXCAL FLUXCALERR MAG MAGERR
OBS: -8.745132133027857 g_PS1 984.1514 45.3218 20.01734518397357 0.05
OBS: -4.3725660665139285 g_PS1 1491.288 68.6763 19.566096204602207 0.05
OBS: 0.0 g_PS1 1598.1634 73.5981 19.49094704122069 0.05
OBS: 4.3725660665139285 g_PS1 1477.0013 68.0184 19.576547770597625 0.05
OBS: 8.745132133027857 g_PS1 1207.0653 55.5874 19.795673126210968 0.05
OBS: 13.117698199541785 g_PS1 869.7267 40.0524 20.151542935782064 0.05
OBS: 17.490264266055714 g_PS1 610.396 28.1098 20.535970714481724 0.05
OBS: 21.862830332569644 g_PS1 408.2371 18.8 20.97271886474884 0.05
OBS: 26.23539639908357 g_PS1 273.5495 12.5974 21.40741022517187 0.05
OBS: 30.6079624655975 g_PS1 203.3428 9.3643 21.72942800831377 0.05
OBS: 34.98052853211143 g_PS1 165.2599 7.6105 21.95458128065461 0.05
OBS: 39.353094598625354 g_PS1 140.513 6.4709 22.1307084166579 0.05
OBS: -8.745132133027857 r_PS1 942.1645 43.3883 20.064683147712536 0.05
OBS: -4.3725660665139285 r_PS1 1435.3158 66.0987 19.607631304672502 0.05
OBS: 0.0 r_PS1 1680.4625 77.3882 19.43642791617102 0.05
OBS: 4.3725660665139285 r_PS1 1635.1104 75.2996 19.466132297422163 0.05
OBS: 8.745132133027857 r_PS1 1442.4725 66.4283 19.602231174994998 0.05
OBS: 13.117698199541785 r_PS1 1200.8539 55.3014 19.801274564009667 0.05
OBS: 17.490264266055714 r_PS1 995.7053 45.8539 20.00467300314883 0.05
OBS: 21.862830332569644 r_PS1 848.4868 39.0743 20.178387219982923 0.05
OBS: 26.23539639908357 r_PS1 696.0113 32.0525 20.393459262033602 0.05
OBS: 30.6079624655975 r_PS1 538.4373 24.796 20.67216220831554 0.05
OBS: 34.98052853211143 r_PS1 428.3431 19.7259 20.92052050090492 0.05
OBS: 39.353094598625354 r_PS1 378.4976 17.4305 21.054842137083305 0.05
OBS: -8.745132133027857 i_PS1 996.62 45.896 20.00367605419946 0.05
OBS: -4.3725660665139285 i_PS1 1368.2599 63.0107 19.65957853190001 0.05
OBS: 0.0 i_PS1 1388.922 63.9622 19.643305386511635 0.05
OBS: 4.3725660665139285 i_PS1 1303.7064 60.0379 19.712050508314142 0.05
OBS: 8.745132133027857 i_PS1 1066.7973 49.1278 19.92979528104523 0.05
OBS: 13.117698199541785 i_PS1 852.8541 39.2754 20.172813176298675 0.05
OBS: 17.490264266055714 i_PS1 789.0257 36.336 20.257272122077325 0.05
OBS: 21.862830332569644 i_PS1 821.8591 37.848 20.213006559166864 0.05
OBS: 26.23539639908357 i_PS1 827.0008 38.0848 20.206235156395813 0.05
OBS: 30.6079624655975 i_PS1 762.3938 35.1095 20.294551660075932 0.05
OBS: 34.98052853211143 i_PS1 642.4621 29.5865 20.48038128042416 0.05
OBS: 39.353094598625354 i_PS1 498.6593 22.9641 20.755490106868905 0.05
OBS: -8.745132133027857 z_PS1 991.0781 45.6408 20.009730293104568 0.05
OBS: -4.3725660665139285 z_PS1 1196.7792 55.1137 19.804964907513842 0.05
OBS: 0.0 z_PS1 1096.6871 50.5043 19.899793177330388 0.05
OBS: 4.3725660665139285 z_PS1 928.8567 42.7754 20.080128245884637 0.05
OBS: 8.745132133027857 z_PS1 725.7956 33.4241 20.347964131896227 0.05
OBS: 13.117698199541785 z_PS1 579.3554 26.6803 20.592637278221716 0.05
OBS: 17.490264266055714 z_PS1 511.2912 23.5458 20.728329124847406 0.05
OBS: 21.862830332569644 z_PS1 542.9499 25.0038 20.663100536942913 0.05
OBS: 26.23539639908357 z_PS1 605.5285 27.8856 20.54466357954655 0.05
OBS: 30.6079624655975 z_PS1 626.2815 28.8413 20.508076053212655 0.05
OBS: 34.98052853211143 z_PS1 563.5144 25.9508 20.62273752984398 0.05
OBS: 39.353094598625354 z_PS1 448.2431 20.6424 20.871215990859838 0.05
END: