# 804 
# SNANA-like file generated from user-provided data
# Zeropoint of the converted SNANA file: 27.5 mag
# -----------------------------------------------------------
# Data table created by: anonymous
# On date: 2023.03.14 (yyyy.mm.dd); 20.49 hrs (GMT).
# Script used: BayeSNmodel.io.write_snana_lcfile.py
# -----------------------------------------------------------
SNID: 804
MWEBV: 0
REDSHIFT_HELIO: 0.09102583004025373
REDSHIFT_CMB: 0.09102583004025373
REDSHIFT_CMB_ERR: 0.001
PEAKMJD: 0
FILTERS: g_PS1,i_PS1,r_PS1,z_PS1
# -----------------------------------------------------------
NOBS: 48
NVAR: 6
VARLIST: MJD FLT FLUXCAL FLUXCALERR MAG MAGERR
OBS: -8.72820664032203 g_PS1 903.4962 41.6075 20.11018411929194 0.05
OBS: -4.364103320161015 g_PS1 1406.2446 64.76 19.629847866898 0.05
OBS: 0.0 g_PS1 1489.4394 68.5912 19.567442899372555 0.05
OBS: 4.364103320161015 g_PS1 1292.6045 59.5266 19.72133586561655 0.05
OBS: 8.72820664032203 g_PS1 994.9626 45.8197 20.005483161468586 0.05
OBS: 13.092309960483046 g_PS1 716.76 33.008 20.36156559179467 0.05
OBS: 17.45641328064406 g_PS1 531.9931 24.4992 20.685235053897262 0.05
OBS: 21.820516600805075 g_PS1 383.9869 17.6833 21.039208853979 0.05
OBS: 26.184619920966092 g_PS1 276.5462 12.7354 21.395580942392687 0.05
OBS: 30.548723241127107 g_PS1 213.9978 9.855 21.67397655857116 0.05
OBS: 34.91282656128812 g_PS1 171.7352 7.9087 21.912851857648132 0.05
OBS: 39.276929881449135 g_PS1 137.0918 6.3133 22.15747164809819 0.05
OBS: -8.72820664032203 r_PS1 967.6777 44.5632 20.035673167173222 0.05
OBS: -4.364103320161015 r_PS1 1453.3908 66.9311 19.594044018296962 0.05
OBS: 0.0 r_PS1 1681.8335 77.4513 19.435542501726253 0.05
OBS: 4.364103320161015 r_PS1 1615.7485 74.408 19.479065617941153 0.05
OBS: 8.72820664032203 r_PS1 1409.8742 64.9271 19.62704912997701 0.05
OBS: 13.092309960483046 r_PS1 1164.9351 53.6472 19.834245680425674 0.05
OBS: 17.45641328064406 r_PS1 961.7979 44.2924 20.04229042862682 0.05
OBS: 21.820516600805075 r_PS1 812.2729 37.4065 20.22574511461167 0.05
OBS: 26.184619920966092 r_PS1 648.2609 29.8535 20.470625421895903 0.05
OBS: 30.548723241127107 r_PS1 487.7583 22.4621 20.77948824382036 0.05
OBS: 34.91282656128812 r_PS1 387.4718 17.8437 21.02939962187031 0.05
OBS: 39.276929881449135 r_PS1 352.6609 16.2406 21.131606782811453 0.05
OBS: -8.72820664032203 i_PS1 902.0448 41.5407 20.111929791896884 0.05
OBS: -4.364103320161015 i_PS1 1350.6579 62.2001 19.67363662907229 0.05
OBS: 0.0 i_PS1 1449.0912 66.7331 19.597260719392963 0.05
OBS: 4.364103320161015 i_PS1 1383.1944 63.6985 19.64779191391161 0.05
OBS: 8.72820664032203 i_PS1 1135.7862 52.3049 19.861758546905307 0.05
OBS: 13.092309960483046 i_PS1 927.0133 42.6905 20.08228514120988 0.05
OBS: 17.45641328064406 i_PS1 875.8855 40.336 20.143881676749125 0.05
OBS: 21.820516600805075 i_PS1 872.97 40.2018 20.147501747071274 0.05
OBS: 26.184619920966092 i_PS1 758.1543 34.9143 20.300606052365886 0.05
OBS: 30.548723241127107 i_PS1 599.585 27.6119 20.555373046137618 0.05
OBS: 34.91282656128812 i_PS1 489.5541 22.5448 20.775498219414175 0.05
OBS: 39.276929881449135 i_PS1 427.8554 19.7035 20.921757465101237 0.05
OBS: -8.72820664032203 z_PS1 754.6088 34.751 20.305695351539818 0.05
OBS: -4.364103320161015 z_PS1 1005.373 46.2991 19.994181933898915 0.05
OBS: 0.0 z_PS1 974.8624 44.8941 20.027641730968455 0.05
OBS: 4.364103320161015 z_PS1 827.0449 38.0868 20.206177283777023 0.05
OBS: 8.72820664032203 z_PS1 652.25 30.0372 20.463964728286008 0.05
OBS: 13.092309960483046 z_PS1 568.2486 26.1688 20.613654088387086 0.05
OBS: 17.45641328064406 z_PS1 571.8618 26.3352 20.606772223809138 0.05
OBS: 21.820516600805075 z_PS1 628.9488 28.9642 20.503461826911142 0.05
OBS: 26.184619920966092 z_PS1 608.0193 28.0003 20.540206505048047 0.05
OBS: 30.548723241127107 z_PS1 515.1534 23.7237 20.720158535666194 0.05
OBS: 34.91282656128812 z_PS1 421.692 19.4196 20.93751153360075 0.05
OBS: 39.276929881449135 z_PS1 354.3626 16.319 21.12638018177995 0.05
END: