# 806 
# SNANA-like file generated from user-provided data
# Zeropoint of the converted SNANA file: 27.5 mag
# -----------------------------------------------------------
# Data table created by: anonymous
# On date: 2023.03.14 (yyyy.mm.dd); 20.49 hrs (GMT).
# Script used: BayeSNmodel.io.write_snana_lcfile.py
# -----------------------------------------------------------
SNID: 806
MWEBV: 0
REDSHIFT_HELIO: 0.07134702129290985
REDSHIFT_CMB: 0.07134702129290985
REDSHIFT_CMB_ERR: 0.001
PEAKMJD: 0
FILTERS: g_PS1,i_PS1,r_PS1,z_PS1
# -----------------------------------------------------------
NOBS: 48
NVAR: 6
VARLIST: MJD FLT FLUXCAL FLUXCALERR MAG MAGERR
OBS: -8.57077617034328 g_PS1 3113.1748 143.367 18.766991222963522 0.05
OBS: -4.28538808517164 g_PS1 4101.6369 188.8874 18.467606969676684 0.05
OBS: 0.0 g_PS1 4006.8433 184.522 18.492994100817402 0.05
OBS: 4.28538808517164 g_PS1 3636.411 167.4629 18.598317589469193 0.05
OBS: 8.57077617034328 g_PS1 3056.1104 140.7391 18.78707738615171 0.05
OBS: 12.85616425551492 g_PS1 2327.614 107.1906 19.082722620214657 0.05
OBS: 17.14155234068656 g_PS1 1747.6682 80.4831 19.393852536207273 0.05
OBS: 21.4269404258582 g_PS1 1276.422 58.7814 19.735014269650993 0.05
OBS: 25.71232851102984 g_PS1 931.9295 42.9169 20.076542324337087 0.05
OBS: 29.997716596201478 g_PS1 733.9398 33.7992 20.335848938661965 0.05
OBS: 34.28310468137312 g_PS1 595.6384 27.4302 20.56254332381936 0.05
OBS: 38.56849276654476 g_PS1 478.3624 22.0294 20.800607300276805 0.05
OBS: -8.57077617034328 r_PS1 2757.5631 126.9905 18.898686357448675 0.05
OBS: -4.28538808517164 r_PS1 3508.5404 161.5743 18.637183781043674 0.05
OBS: 0.0 r_PS1 3721.1887 171.3671 18.573295771499694 0.05
OBS: 4.28538808517164 r_PS1 3659.6982 168.5353 18.591386825233606 0.05
OBS: 8.57077617034328 r_PS1 3430.6553 157.9875 18.661557297269717 0.05
OBS: 12.85616425551492 r_PS1 2984.3213 137.4331 18.812886049076845 0.05
OBS: 17.14155234068656 r_PS1 2511.2075 115.6454 19.000293481375472 0.05
OBS: 21.4269404258582 r_PS1 2215.0836 102.0084 19.13652467266285 0.05
OBS: 25.71232851102984 r_PS1 1958.6678 90.2 19.27009802147642 0.05
OBS: 29.997716596201478 r_PS1 1620.8639 74.6435 19.47563361207984 0.05
OBS: 34.28310468137312 r_PS1 1276.7732 58.7976 19.73471556251564 0.05
OBS: 38.56849276654476 r_PS1 1013.2469 46.6617 19.985711789152354 0.05
OBS: -8.57077617034328 i_PS1 2261.9596 104.1671 19.11378789402486 0.05
OBS: -4.28538808517164 i_PS1 2581.2783 118.8723 18.970412908153605 0.05
OBS: 0.0 i_PS1 2375.5753 109.3993 19.060578010774194 0.05
OBS: 4.28538808517164 i_PS1 2348.7631 108.1645 19.072901978974556 0.05
OBS: 8.57077617034328 i_PS1 2108.6286 97.1059 19.18999975133473 0.05
OBS: 12.85616425551492 i_PS1 1709.0092 78.7028 19.41813901834402 0.05
OBS: 17.14155234068656 i_PS1 1494.9351 68.8443 19.563444154519104 0.05
OBS: 21.4269404258582 i_PS1 1485.3458 68.4027 19.570431077031635 0.05
OBS: 25.71232851102984 i_PS1 1515.9777 69.8134 19.548267945917715 0.05
OBS: 29.997716596201478 i_PS1 1472.2903 67.8015 19.580016408958727 0.05
OBS: 34.28310468137312 i_PS1 1287.5211 59.2925 19.725614150173314 0.05
OBS: 38.56849276654476 i_PS1 1009.0575 46.4688 19.990210189460058 0.05
OBS: -8.57077617034328 z_PS1 1775.491 81.7644 19.376703837640513 0.05
OBS: -4.28538808517164 z_PS1 2140.5707 98.5769 19.17367605674808 0.05
OBS: 0.0 z_PS1 2058.5656 94.8004 19.216088233950707 0.05
OBS: 4.28538808517164 z_PS1 1842.9167 84.8695 19.336235719567618 0.05
OBS: 8.57077617034328 z_PS1 1597.5862 73.5716 19.49133924424907 0.05
OBS: 12.85616425551492 z_PS1 1317.4687 60.6717 19.700649210953273 0.05
OBS: 17.14155234068656 z_PS1 1135.2418 52.2798 19.862279110281328 0.05
OBS: 21.4269404258582 z_PS1 1114.2921 51.315 19.882502416702174 0.05
OBS: 25.71232851102984 z_PS1 1153.0903 53.1018 19.845341746785166 0.05
OBS: 29.997716596201478 z_PS1 1159.2321 53.3846 19.83957396282696 0.05
OBS: 34.28310468137312 z_PS1 1070.313 49.2897 19.92622303585749 0.05
OBS: 38.56849276654476 z_PS1 925.8895 42.6388 20.083602074150427 0.05
END: