# 811 
# SNANA-like file generated from user-provided data
# Zeropoint of the converted SNANA file: 27.5 mag
# -----------------------------------------------------------
# Data table created by: anonymous
# On date: 2023.03.14 (yyyy.mm.dd); 20.49 hrs (GMT).
# Script used: BayeSNmodel.io.write_snana_lcfile.py
# -----------------------------------------------------------
SNID: 811
MWEBV: 0
REDSHIFT_HELIO: 0.09244357809847684
REDSHIFT_CMB: 0.09244357809847684
REDSHIFT_CMB_ERR: 0.001
PEAKMJD: 0
FILTERS: g_PS1,i_PS1,r_PS1,z_PS1
# -----------------------------------------------------------
NOBS: 48
NVAR: 6
VARLIST: MJD FLT FLUXCAL FLUXCALERR MAG MAGERR
OBS: -8.739548624787815 g_PS1 663.042 30.5342 20.446147396291952 0.05
OBS: -4.369774312393908 g_PS1 1058.5101 48.7462 19.938262496279467 0.05
OBS: 0.0 g_PS1 1132.7508 52.1651 19.86466406862996 0.05
OBS: 4.369774312393908 g_PS1 980.3445 45.1465 20.02155316769699 0.05
OBS: 8.739548624787815 g_PS1 737.1692 33.9479 20.331081976250548 0.05
OBS: 13.109322937181723 g_PS1 497.7262 22.9211 20.75752381821143 0.05
OBS: 17.47909724957563 g_PS1 333.9854 15.3806 21.190681293868327 0.05
OBS: 21.84887156196954 g_PS1 216.8867 9.988 21.659417488692622 0.05
OBS: 26.218645874363446 g_PS1 146.0152 6.7242 22.089004854979986 0.05
OBS: 30.588420186757354 g_PS1 111.8254 5.1497 22.378649263644743 0.05
OBS: 34.95819449915126 g_PS1 95.3524 4.3911 22.551670686662096 0.05
OBS: 39.32796881154517 g_PS1 85.9956 3.9602 22.663809962193884 0.05
OBS: -8.739548624787815 r_PS1 660.9872 30.4396 20.449517328611556 0.05
OBS: -4.369774312393908 r_PS1 1025.8982 47.2444 19.97223932386285 0.05
OBS: 0.0 r_PS1 1232.3013 56.7496 19.773207723180704 0.05
OBS: 4.369774312393908 r_PS1 1234.8568 56.8673 19.77095848899272 0.05
OBS: 8.739548624787815 r_PS1 1095.2396 50.4376 19.901227180481293 0.05
OBS: 13.109322937181723 r_PS1 864.6987 39.8208 20.15783792651952 0.05
OBS: 17.47909724957563 r_PS1 649.6126 29.9158 20.468363916353503 0.05
OBS: 21.84887156196954 r_PS1 505.4451 23.2766 20.740815111501384 0.05
OBS: 26.218645874363446 r_PS1 390.4659 17.9816 21.021042308528607 0.05
OBS: 30.588420186757354 r_PS1 292.8361 13.4856 21.333438540029242 0.05
OBS: 34.95819449915126 r_PS1 232.8645 10.7238 21.582241714265862 0.05
OBS: 39.32796881154517 r_PS1 210.3165 9.6854 21.69281651548676 0.05
OBS: -8.739548624787815 i_PS1 669.9144 30.8507 20.434951703659316 0.05
OBS: -4.369774312393908 i_PS1 965.6154 44.4682 20.037989594379837 0.05
OBS: 0.0 i_PS1 1028.9538 47.3851 19.969010297079315 0.05
OBS: 4.369774312393908 i_PS1 1012.4721 46.6261 19.98654235360651 0.05
OBS: 8.739548624787815 i_PS1 860.8384 39.6431 20.162695898951263 0.05
OBS: 13.109322937181723 i_PS1 700.0501 32.2385 20.387177137506228 0.05
OBS: 17.47909724957563 i_PS1 637.7363 29.3688 20.488397219679797 0.05
OBS: 21.84887156196954 i_PS1 618.713 28.4928 20.521276834070825 0.05
OBS: 26.218645874363446 i_PS1 545.5557 25.1238 20.65790223761396 0.05
OBS: 30.588420186757354 i_PS1 437.9344 20.1676 20.89647735785575 0.05
OBS: 34.95819449915126 i_PS1 341.7926 15.7401 21.165593218440115 0.05
OBS: 39.32796881154517 i_PS1 265.0731 12.2071 21.44158578935979 0.05
OBS: -8.739548624787815 z_PS1 640.9158 29.5153 20.482997543876145 0.05
OBS: -4.369774312393908 z_PS1 870.3391 40.0806 20.150778822343952 0.05
OBS: 0.0 z_PS1 849.4088 39.1167 20.17720812358671 0.05
OBS: 4.369774312393908 z_PS1 711.3677 32.7597 20.369764719414725 0.05
OBS: 8.739548624787815 z_PS1 543.5929 25.0334 20.661815658480812 0.05
OBS: 13.109322937181723 z_PS1 449.2838 20.6903 20.86869804978972 0.05
OBS: 17.47909724957563 z_PS1 426.5616 19.6439 20.925045726412556 0.05
OBS: 21.84887156196954 z_PS1 461.5102 21.2533 20.839546748347914 0.05
OBS: 26.218645874363446 z_PS1 469.5846 21.6252 20.8207154904703 0.05
OBS: 30.588420186757354 z_PS1 422.9863 19.4792 20.934184142255795 0.05
OBS: 34.95819449915126 z_PS1 343.305 15.8098 21.160799651378028 0.05
OBS: 39.32796881154517 z_PS1 261.8054 12.0566 21.455053336398898 0.05
END: