# 83 
# SNANA-like file generated from user-provided data
# Zeropoint of the converted SNANA file: 27.5 mag
# -----------------------------------------------------------
# Data table created by: anonymous
# On date: 2023.03.14 (yyyy.mm.dd); 20.49 hrs (GMT).
# Script used: BayeSNmodel.io.write_snana_lcfile.py
# -----------------------------------------------------------
SNID: 83
MWEBV: 0
REDSHIFT_HELIO: 0.08559881940327128
REDSHIFT_CMB: 0.08559881940327128
REDSHIFT_CMB_ERR: 0.001
PEAKMJD: 0
FILTERS: g_PS1,i_PS1,r_PS1,z_PS1
# -----------------------------------------------------------
NOBS: 48
NVAR: 6
VARLIST: MJD FLT FLUXCAL FLUXCALERR MAG MAGERR
OBS: -8.68479055522617 g_PS1 1099.2055 50.6203 19.897302762499887 0.05
OBS: -4.342395277613085 g_PS1 2081.5305 95.858 19.204043076387013 0.05
OBS: 0.0 g_PS1 2373.5034 109.3039 19.061525370547994 0.05
OBS: 4.342395277613085 g_PS1 1879.1351 86.5374 19.315104984995944 0.05
OBS: 8.68479055522617 g_PS1 1229.2725 56.6101 19.7758795416549 0.05
OBS: 13.027185832839255 g_PS1 812.7129 37.4268 20.22515705876007 0.05
OBS: 17.36958111045234 g_PS1 619.1852 28.5145 20.52044856886135 0.05
OBS: 21.711976388065427 g_PS1 475.3745 21.8918 20.807410253859896 0.05
OBS: 26.05437166567851 g_PS1 350.4493 16.1388 21.138437082773105 0.05
OBS: 30.396766943291595 g_PS1 272.8895 12.567 21.41003283941252 0.05
OBS: 34.73916222090468 g_PS1 225.5648 10.3876 21.616821703347252 0.05
OBS: 39.08155749851777 g_PS1 192.3504 8.8581 21.789767477380163 0.05
OBS: -8.68479055522617 r_PS1 1224.1921 56.3761 19.780376085259206 0.05
OBS: -4.342395277613085 r_PS1 2033.2358 93.634 19.22953064276976 0.05
OBS: 0.0 r_PS1 2390.8121 110.101 19.05363636444678 0.05
OBS: 4.342395277613085 r_PS1 2084.5861 95.9987 19.202450409276608 0.05
OBS: 8.68479055522617 r_PS1 1607.2578 74.017 19.484786162683214 0.05
OBS: 13.027185832839255 r_PS1 1282.2359 59.0491 19.73008013107571 0.05
OBS: 17.36958111045234 r_PS1 1137.2848 52.3739 19.86032692835562 0.05
OBS: 21.711976388065427 r_PS1 1062.1401 48.9134 19.934545519994927 0.05
OBS: 26.05437166567851 r_PS1 898.1653 41.362 20.116609347260663 0.05
OBS: 30.396766943291595 r_PS1 681.3683 31.3782 20.41654515928397 0.05
OBS: 34.73916222090468 r_PS1 526.1095 24.2282 20.69730971572362 0.05
OBS: 39.08155749851777 r_PS1 452.8881 20.8563 20.860022806947647 0.05
OBS: -8.68479055522617 i_PS1 1110.1207 51.1229 19.886574519847116 0.05
OBS: -4.342395277613085 i_PS1 1657.7574 76.3426 19.451197548945316 0.05
OBS: 0.0 i_PS1 1698.372 78.2129 19.424917970740452 0.05
OBS: 4.342395277613085 i_PS1 1485.4684 68.4083 19.570341467065717 0.05
OBS: 8.68479055522617 i_PS1 1134.6149 52.2509 19.862878754450357 0.05
OBS: 13.027185832839255 i_PS1 942.2902 43.3941 20.064538366619296 0.05
OBS: 17.36958111045234 i_PS1 994.2661 45.7876 20.00624338985814 0.05
OBS: 21.711976388065427 i_PS1 1128.9955 51.9922 19.868269426663176 0.05
OBS: 26.05437166567851 i_PS1 1063.2968 48.9666 19.933363696666355 0.05
OBS: 30.396766943291595 i_PS1 852.3303 39.2513 20.1734801588823 0.05
OBS: 34.73916222090468 i_PS1 654.3265 30.1328 20.46051373534449 0.05
OBS: 39.08155749851777 i_PS1 505.3583 23.2726 20.741001463224706 0.05
OBS: -8.68479055522617 z_PS1 859.1881 39.5671 20.1647793652595 0.05
OBS: -4.342395277613085 z_PS1 1301.8134 59.9507 19.713628152165214 0.05
OBS: 0.0 z_PS1 1319.503 60.7654 19.698974056368378 0.05
OBS: 4.342395277613085 z_PS1 1031.567 47.5054 19.966256425614638 0.05
OBS: 8.68479055522617 z_PS1 732.2838 33.7229 20.338301396440947 0.05
OBS: 13.027185832839255 z_PS1 610.7348 28.1254 20.535368282515243 0.05
OBS: 17.36958111045234 z_PS1 647.1672 29.8031 20.47245879460155 0.05
OBS: 21.711976388065427 z_PS1 770.5733 35.4862 20.282965119438238 0.05
OBS: 26.05437166567851 z_PS1 786.8616 36.2363 20.260254079872638 0.05
OBS: 30.396766943291595 z_PS1 678.6169 31.2515 20.42093834502198 0.05
OBS: 34.73916222090468 z_PS1 545.227 25.1086 20.658556634378378 0.05
OBS: 39.08155749851777 z_PS1 439.0187 20.2176 20.893792521416863 0.05
END: