# 830 
# SNANA-like file generated from user-provided data
# Zeropoint of the converted SNANA file: 27.5 mag
# -----------------------------------------------------------
# Data table created by: anonymous
# On date: 2023.03.14 (yyyy.mm.dd); 20.49 hrs (GMT).
# Script used: BayeSNmodel.io.write_snana_lcfile.py
# -----------------------------------------------------------
SNID: 830
MWEBV: 0
REDSHIFT_HELIO: 0.09704835221242922
REDSHIFT_CMB: 0.09704835221242922
REDSHIFT_CMB_ERR: 0.001
PEAKMJD: 0
FILTERS: g_PS1,i_PS1,r_PS1,z_PS1
# -----------------------------------------------------------
NOBS: 48
NVAR: 6
VARLIST: MJD FLT FLUXCAL FLUXCALERR MAG MAGERR
OBS: -8.776386817699434 g_PS1 1196.1248 55.0836 19.805558781490834 0.05
OBS: -4.388193408849717 g_PS1 2067.1909 95.1977 19.21154856070711 0.05
OBS: 0.0 g_PS1 2254.825 103.8385 19.117217876523657 0.05
OBS: 4.388193408849717 g_PS1 1813.1305 83.4977 19.35392735416001 0.05
OBS: 8.776386817699434 g_PS1 1240.1996 57.1133 19.766271025702448 0.05
OBS: 13.164580226549152 g_PS1 802.3292 36.9486 20.239118518904274 0.05
OBS: 17.552773635398868 g_PS1 553.5529 25.4921 20.642102152767944 0.05
OBS: 21.940967044248584 g_PS1 389.3885 17.932 21.02404207571023 0.05
OBS: 26.329160453098304 g_PS1 288.3133 13.2773 21.350338378709427 0.05
OBS: 30.71735386194802 g_PS1 236.1205 10.8738 21.56716564592899 0.05
OBS: 35.105547270797736 g_PS1 200.9044 9.252 21.742526424383573 0.05
OBS: 39.49374067964745 g_PS1 167.303 7.7046 21.941240551484892 0.05
OBS: -8.776386817699434 r_PS1 982.0747 45.2262 20.01963869401417 0.05
OBS: -4.388193408849717 r_PS1 1577.6397 72.653 19.50498042504961 0.05
OBS: 0.0 r_PS1 1931.9898 88.9714 19.28498792684941 0.05
OBS: 4.388193408849717 r_PS1 1935.557 89.1357 19.282985072594293 0.05
OBS: 8.776386817699434 r_PS1 1673.9149 77.0866 19.440666550171862 0.05
OBS: 13.164580226549152 r_PS1 1254.5171 57.7726 19.75380851986106 0.05
OBS: 17.552773635398868 r_PS1 896.3482 41.2784 20.11880809026981 0.05
OBS: 21.940967044248584 r_PS1 702.7162 32.3613 20.383050083804243 0.05
OBS: 26.329160453098304 r_PS1 601.4454 27.6976 20.55200954093518 0.05
OBS: 30.71735386194802 r_PS1 508.4719 23.416 20.73433265986118 0.05
OBS: 35.105547270797736 r_PS1 412.893 19.0144 20.960406306351913 0.05
OBS: 39.49374067964745 r_PS1 335.743 15.4615 21.184982503066657 0.05
OBS: -8.776386817699434 i_PS1 950.3729 43.7663 20.05526485453909 0.05
OBS: -4.388193408849717 i_PS1 1575.4253 72.551 19.50650547884772 0.05
OBS: 0.0 i_PS1 1733.3405 79.8233 19.402790300449233 0.05
OBS: 4.388193408849717 i_PS1 1538.0842 70.8314 19.532549748589076 0.05
OBS: 8.776386817699434 i_PS1 1146.4581 52.7963 19.851604518252977 0.05
OBS: 13.164580226549152 i_PS1 906.8914 41.7639 20.10611179469413 0.05
OBS: 17.552773635398868 i_PS1 889.4089 40.9588 20.127246355849337 0.05
OBS: 21.940967044248584 i_PS1 938.9168 43.2387 20.06843217039512 0.05
OBS: 26.329160453098304 i_PS1 825.5842 38.0196 20.208096595842825 0.05
OBS: 30.71735386194802 i_PS1 625.3313 28.7976 20.50972465011067 0.05
OBS: 35.105547270797736 i_PS1 468.9572 21.5963 20.82216689251041 0.05
OBS: 39.49374067964745 i_PS1 365.5049 16.8321 21.092766858399223 0.05
OBS: -8.776386817699434 z_PS1 778.5054 35.8515 20.27184596444051 0.05
OBS: -4.388193408849717 z_PS1 1140.0859 52.5029 19.857656036884244 0.05
OBS: 0.0 z_PS1 1106.0701 50.9364 19.890543378351502 0.05
OBS: 4.388193408849717 z_PS1 842.3556 38.7919 20.186261267713313 0.05
OBS: 8.776386817699434 z_PS1 583.1526 26.8552 20.585544425941343 0.05
OBS: 13.164580226549152 z_PS1 504.5497 23.2354 20.74274008769013 0.05
OBS: 17.552773635398868 z_PS1 570.5094 26.2729 20.609343034063734 0.05
OBS: 21.940967044248584 z_PS1 707.5335 32.5831 20.37563247266511 0.05
OBS: 26.329160453098304 z_PS1 690.4552 31.7966 20.40216120600315 0.05
OBS: 30.71735386194802 z_PS1 543.2985 25.0198 20.662403725781154 0.05
OBS: 35.105547270797736 z_PS1 410.6221 18.9098 20.96639419526467 0.05
OBS: 39.49374067964745 z_PS1 327.0709 15.0622 21.21339517288981 0.05
END: