# 844 
# SNANA-like file generated from user-provided data
# Zeropoint of the converted SNANA file: 27.5 mag
# -----------------------------------------------------------
# Data table created by: anonymous
# On date: 2023.03.14 (yyyy.mm.dd); 20.49 hrs (GMT).
# Script used: BayeSNmodel.io.write_snana_lcfile.py
# -----------------------------------------------------------
SNID: 844
MWEBV: 0
REDSHIFT_HELIO: 0.08973400337461306
REDSHIFT_CMB: 0.08973400337461306
REDSHIFT_CMB_ERR: 0.001
PEAKMJD: 0
FILTERS: g_PS1,i_PS1,r_PS1,z_PS1
# -----------------------------------------------------------
NOBS: 48
NVAR: 6
VARLIST: MJD FLT FLUXCAL FLUXCALERR MAG MAGERR
OBS: -8.717872026996904 g_PS1 1547.7906 71.2784 19.525719489409926 0.05
OBS: -4.358936013498452 g_PS1 2754.549 126.8517 18.899873731047595 0.05
OBS: 0.0 g_PS1 3137.8472 144.5032 18.758420519773633 0.05
OBS: 4.358936013498452 g_PS1 2685.1825 123.6572 18.92756549179712 0.05
OBS: 8.717872026996904 g_PS1 1944.4915 89.5471 19.27798490434399 0.05
OBS: 13.076808040495356 g_PS1 1323.659 60.9567 19.695559736067676 0.05
OBS: 17.435744053993808 g_PS1 938.2486 43.2079 20.069205238335282 0.05
OBS: 21.79468006749226 g_PS1 634.889 29.2377 20.493255526392698 0.05
OBS: 26.153616080990712 g_PS1 416.1775 19.1657 20.951803389046898 0.05
OBS: 30.512552094489166 g_PS1 300.7878 13.8518 21.30434941829807 0.05
OBS: 34.871488107987616 g_PS1 250.199 11.5221 21.504286221384522 0.05
OBS: 39.23042412148607 g_PS1 231.4161 10.6571 21.589016013269553 0.05
OBS: -8.717872026996904 r_PS1 1317.8433 60.6889 19.700340582219134 0.05
OBS: -4.358936013498452 r_PS1 2298.2536 105.8385 19.096505112531545 0.05
OBS: 0.0 r_PS1 2890.6034 133.1172 18.84752872579066 0.05
OBS: 4.358936013498452 r_PS1 2764.2941 127.3004 18.896039364583146 0.05
OBS: 8.717872026996904 r_PS1 2294.4157 105.6617 19.09831973368319 0.05
OBS: 13.076808040495356 r_PS1 1825.2838 84.0574 19.346673993705465 0.05
OBS: 17.435744053993808 r_PS1 1491.7539 68.6978 19.56575702256398 0.05
OBS: 21.79468006749226 r_PS1 1253.9395 57.746 19.754308562039157 0.05
OBS: 26.153616080990712 r_PS1 977.1365 44.9988 20.025111889115266 0.05
OBS: 30.512552094489166 r_PS1 708.4446 32.6251 20.374235192292645 0.05
OBS: 34.871488107987616 r_PS1 547.286 25.2034 20.6544642413008 0.05
OBS: 39.23042412148607 r_PS1 491.945 22.6549 20.77020867721972 0.05
OBS: -8.717872026996904 i_PS1 1213.7986 55.8975 19.789633395061315 0.05
OBS: -4.358936013498452 i_PS1 1898.3109 87.4204 19.30408162623457 0.05
OBS: 0.0 i_PS1 2058.764 94.8096 19.21598360615947 0.05
OBS: 4.358936013498452 i_PS1 1896.005 87.3143 19.305401286798258 0.05
OBS: 8.717872026996904 i_PS1 1498.7208 69.0186 19.560698157121188 0.05
OBS: 13.076808040495356 i_PS1 1247.0743 57.4299 19.760269156971752 0.05
OBS: 17.435744053993808 i_PS1 1272.7719 58.6133 19.738123553753994 0.05
OBS: 21.79468006749226 i_PS1 1376.5973 63.3946 19.652982704771063 0.05
OBS: 26.153616080990712 i_PS1 1242.7396 57.2303 19.76404963562058 0.05
OBS: 30.512552094489166 i_PS1 966.2073 44.4955 20.0373242192005 0.05
OBS: 34.871488107987616 i_PS1 729.8565 33.6111 20.3419063172593 0.05
OBS: 39.23042412148607 i_PS1 561.2689 25.8474 20.627072484189796 0.05
OBS: -8.717872026996904 z_PS1 1043.8774 48.0723 19.95337624186329 0.05
OBS: -4.358936013498452 z_PS1 1383.0436 63.6915 19.647910317204826 0.05
OBS: 0.0 z_PS1 1327.7232 61.1439 19.692231179577966 0.05
OBS: 4.358936013498452 z_PS1 1107.1405 50.9857 19.889493184874418 0.05
OBS: 8.717872026996904 z_PS1 862.6851 39.7281 20.160369205968983 0.05
OBS: 13.076808040495356 z_PS1 751.2355 34.5957 20.3105597813111 0.05
OBS: 17.435744053993808 z_PS1 770.1901 35.4686 20.28350516088907 0.05
OBS: 21.79468006749226 z_PS1 877.2675 40.3997 20.142169923152046 0.05
OBS: 26.153616080990712 z_PS1 881.2199 40.5817 20.13728925878454 0.05
OBS: 30.512552094489166 z_PS1 758.0103 34.9077 20.300812169397197 0.05
OBS: 34.871488107987616 z_PS1 601.8993 27.7185 20.551190402966846 0.05
OBS: 39.23042412148607 z_PS1 469.5951 21.6257 20.820691166539987 0.05
END: