# 854 
# SNANA-like file generated from user-provided data
# Zeropoint of the converted SNANA file: 27.5 mag
# -----------------------------------------------------------
# Data table created by: anonymous
# On date: 2023.03.14 (yyyy.mm.dd); 20.49 hrs (GMT).
# Script used: BayeSNmodel.io.write_snana_lcfile.py
# -----------------------------------------------------------
SNID: 854
MWEBV: 0
REDSHIFT_HELIO: 0.09674174325659829
REDSHIFT_CMB: 0.09674174325659829
REDSHIFT_CMB_ERR: 0.001
PEAKMJD: 0
FILTERS: g_PS1,i_PS1,r_PS1,z_PS1
# -----------------------------------------------------------
NOBS: 48
NVAR: 6
VARLIST: MJD FLT FLUXCAL FLUXCALERR MAG MAGERR
OBS: -8.773933946052786 g_PS1 1754.3138 80.7891 19.389731809307815 0.05
OBS: -4.386966973026393 g_PS1 2553.1031 117.5747 18.982329131885873 0.05
OBS: 0.0 g_PS1 2604.1806 119.927 18.960822235803864 0.05
OBS: 4.386966973026393 g_PS1 2253.2051 103.7639 19.11799818382836 0.05
OBS: 8.773933946052786 g_PS1 1724.5706 79.4194 19.408297542382652 0.05
OBS: 13.160900919079179 g_PS1 1169.4524 53.8553 19.830043632428282 0.05
OBS: 17.54786789210557 g_PS1 782.1862 36.021 20.26672458233099 0.05
OBS: 21.934834865131965 g_PS1 525.8991 24.2185 20.69774398669166 0.05
OBS: 26.321801838158358 g_PS1 383.6903 17.6696 21.04004793695005 0.05
OBS: 30.70876881118475 g_PS1 315.1311 14.5123 21.253771732313478 0.05
OBS: 35.09573578421114 g_PS1 267.9322 12.3387 21.42993773538259 0.05
OBS: 39.48270275723753 g_PS1 221.2358 10.1883 21.637861247155538 0.05
OBS: -8.773933946052786 r_PS1 1465.7708 67.5012 19.584834828979787 0.05
OBS: -4.386966973026393 r_PS1 2023.817 93.2002 19.234571878128726 0.05
OBS: 0.0 r_PS1 2229.8985 102.6906 19.1292872758822 0.05
OBS: 4.386966973026393 r_PS1 2158.3643 99.3964 19.164688108484647 0.05
OBS: 8.773933946052786 r_PS1 1931.2766 88.9386 19.28538879960322 0.05
OBS: 13.160900919079179 r_PS1 1590.2394 73.2332 19.496343717946104 0.05
OBS: 17.54786789210557 r_PS1 1270.5809 58.5124 19.739994157835753 0.05
OBS: 21.934834865131965 r_PS1 1054.1909 48.5473 19.942701795880502 0.05
OBS: 26.321801838158358 r_PS1 864.5287 39.813 20.15805150445049 0.05
OBS: 30.70876881118475 r_PS1 673.084 30.9967 20.429826777547405 0.05
OBS: 35.09573578421114 r_PS1 528.8583 24.3548 20.691651749859368 0.05
OBS: 39.48270275723753 r_PS1 449.6218 20.7058 20.867881649657157 0.05
OBS: -8.773933946052786 i_PS1 1238.9913 57.0577 19.767329353435905 0.05
OBS: -4.386966973026393 i_PS1 1745.8911 80.4013 19.394957143252384 0.05
OBS: 0.0 i_PS1 1795.4624 82.6841 19.36455921144141 0.05
OBS: 4.386966973026393 i_PS1 1682.6385 77.4884 19.435022940799833 0.05
OBS: 8.773933946052786 i_PS1 1383.3134 63.7039 19.647698506542753 0.05
OBS: 13.160900919079179 i_PS1 1140.0669 52.502 19.857674120131627 0.05
OBS: 17.54786789210557 i_PS1 1085.3523 49.9823 19.91107313670497 0.05
OBS: 21.934834865131965 i_PS1 1107.9735 51.0241 19.88867661565402 0.05
OBS: 26.321801838158358 i_PS1 1006.4001 46.3464 19.993073343686888 0.05
OBS: 30.70876881118475 i_PS1 814.405 37.5047 20.2228989500302 0.05
OBS: 35.09573578421114 i_PS1 632.8659 29.1446 20.496720808143834 0.05
OBS: 39.48270275723753 i_PS1 486.4765 22.4031 20.782345435294204 0.05
OBS: -8.773933946052786 z_PS1 969.0062 44.6244 20.034183608987 0.05
OBS: -4.386966973026393 z_PS1 1298.6767 59.8063 19.716247351359605 0.05
OBS: 0.0 z_PS1 1239.2731 57.0706 19.767082459031776 0.05
OBS: 4.386966973026393 z_PS1 1017.2017 46.8439 19.98148235393034 0.05
OBS: 8.773933946052786 z_PS1 759.4571 34.9743 20.298741942158536 0.05
OBS: 13.160900919079179 z_PS1 632.6335 29.1339 20.497119487226307 0.05
OBS: 17.54786789210557 z_PS1 624.0592 28.739 20.51193552649321 0.05
OBS: 21.934834865131965 z_PS1 708.1387 32.611 20.374704116927617 0.05
OBS: 26.321801838158358 z_PS1 743.879 34.2569 20.321244276081977 0.05
OBS: 30.70876881118475 z_PS1 682.2141 31.4171 20.4151983042008 0.05
OBS: 35.09573578421114 z_PS1 565.353 26.0355 20.619200709572603 0.05
OBS: 39.48270275723753 z_PS1 443.66 20.4313 20.88237419524839 0.05
END: