# 867 
# SNANA-like file generated from user-provided data
# Zeropoint of the converted SNANA file: 27.5 mag
# -----------------------------------------------------------
# Data table created by: anonymous
# On date: 2023.03.14 (yyyy.mm.dd); 20.49 hrs (GMT).
# Script used: BayeSNmodel.io.write_snana_lcfile.py
# -----------------------------------------------------------
SNID: 867
MWEBV: 0
REDSHIFT_HELIO: 0.06981943049858998
REDSHIFT_CMB: 0.06981943049858998
REDSHIFT_CMB_ERR: 0.001
PEAKMJD: 0
FILTERS: g_PS1,i_PS1,r_PS1,z_PS1
# -----------------------------------------------------------
NOBS: 48
NVAR: 6
VARLIST: MJD FLT FLUXCAL FLUXCALERR MAG MAGERR
OBS: -8.55855544398872 g_PS1 3393.6085 156.2814 18.67334565065492 0.05
OBS: -4.27927772199436 g_PS1 5253.6823 241.941 18.19884047320401 0.05
OBS: 0.0 g_PS1 5526.0949 254.4861 18.143954160931816 0.05
OBS: 4.27927772199436 g_PS1 4781.9587 220.2173 18.300985457677942 0.05
OBS: 8.55855544398872 g_PS1 3600.3232 165.801 18.60914626717771 0.05
OBS: 12.83783316598308 g_PS1 2494.0253 114.8541 19.00774784460543 0.05
OBS: 17.11711088797744 g_PS1 1766.5784 81.3539 19.38216773316567 0.05
OBS: 21.3963886099718 g_PS1 1258.3101 57.9473 19.750530759342606 0.05
OBS: 25.67566633196616 g_PS1 935.6231 43.087 20.07224761794564 0.05
OBS: 29.954944053960517 g_PS1 758.3071 34.9213 20.300387220158367 0.05
OBS: 34.23422177595488 g_PS1 619.74 28.5401 20.519476264956676 0.05
OBS: 38.51349949794924 g_PS1 485.9798 22.3802 20.78345447726409 0.05
OBS: -8.55855544398872 r_PS1 2909.03 133.9658 18.840629495603636 0.05
OBS: -4.27927772199436 r_PS1 4375.6703 201.5071 18.397388516103568 0.05
OBS: 0.0 r_PS1 5086.9394 234.2622 18.233858584592724 0.05
OBS: 4.27927772199436 r_PS1 4920.0592 226.5771 18.270074187998375 0.05
OBS: 8.55855544398872 r_PS1 4229.2328 194.7634 18.434346017201968 0.05
OBS: 12.83783316598308 r_PS1 3319.7803 152.8815 18.69722663151068 0.05
OBS: 17.11711088797744 r_PS1 2556.605 117.736 18.980840904963223 0.05
OBS: 21.3963886099718 r_PS1 2117.3141 97.5059 19.185536788032557 0.05
OBS: 25.67566633196616 r_PS1 1807.37 83.2325 19.357382307132447 0.05
OBS: 29.954944053960517 r_PS1 1489.5172 68.5948 19.56738621155307 0.05
OBS: 34.23422177595488 r_PS1 1215.9667 55.9973 19.787695793342387 0.05
OBS: 38.51349949794924 r_PS1 1035.8947 47.7047 19.96171098987042 0.05
OBS: -8.55855544398872 i_PS1 2175.1893 100.1712 19.156257356868096 0.05
OBS: -4.27927772199436 i_PS1 3024.698 139.2925 18.79829496137299 0.05
OBS: 0.0 i_PS1 3077.9143 141.7432 18.77935868119784 0.05
OBS: 4.27927772199436 i_PS1 2948.8667 135.8003 18.825862129312178 0.05
OBS: 8.55855544398872 i_PS1 2419.134 111.4052 19.04085018247177 0.05
OBS: 12.83783316598308 i_PS1 1860.5372 85.6809 19.32590409206224 0.05
OBS: 17.11711088797744 i_PS1 1636.9223 75.3831 19.464929861767743 0.05
OBS: 21.3963886099718 i_PS1 1627.8599 74.9657 19.47095741251914 0.05
OBS: 25.67566633196616 i_PS1 1571.291 72.3606 19.509358441007258 0.05
OBS: 29.954944053960517 i_PS1 1421.7356 65.4733 19.617952933803863 0.05
OBS: 34.23422177595488 i_PS1 1220.1079 56.188 19.784004419032392 0.05
OBS: 38.51349949794924 i_PS1 1000.0451 46.0538 19.999950997068453 0.05
OBS: -8.55855544398872 z_PS1 1951.4047 89.8655 19.274131651415026 0.05
OBS: -4.27927772199436 z_PS1 2620.1217 120.6611 18.954196355620816 0.05
OBS: 0.0 z_PS1 2549.7122 117.4186 18.983772076242175 0.05
OBS: 4.27927772199436 z_PS1 2047.0758 94.2713 19.22216519110146 0.05
OBS: 8.55855544398872 z_PS1 1576.879 72.618 19.50550407886218 0.05
OBS: 12.83783316598308 z_PS1 1309.022 60.2827 19.70763263706744 0.05
OBS: 17.11711088797744 z_PS1 1273.9977 58.6698 19.737078369987785 0.05
OBS: 21.3963886099718 z_PS1 1368.3496 63.0148 19.659507327728114 0.05
OBS: 25.67566633196616 z_PS1 1350.9076 62.2116 19.67343588959732 0.05
OBS: 29.954944053960517 z_PS1 1209.2849 55.6896 19.793678382642582 0.05
OBS: 34.23422177595488 z_PS1 1024.6604 47.1874 19.973550099885593 0.05
OBS: 38.51349949794924 z_PS1 866.1228 39.8864 20.15605137311708 0.05
END: