# 883 
# SNANA-like file generated from user-provided data
# Zeropoint of the converted SNANA file: 27.5 mag
# -----------------------------------------------------------
# Data table created by: anonymous
# On date: 2023.03.14 (yyyy.mm.dd); 20.49 hrs (GMT).
# Script used: BayeSNmodel.io.write_snana_lcfile.py
# -----------------------------------------------------------
SNID: 883
MWEBV: 0
REDSHIFT_HELIO: 0.09951899433820659
REDSHIFT_CMB: 0.09951899433820659
REDSHIFT_CMB_ERR: 0.001
PEAKMJD: 0
FILTERS: g_PS1,i_PS1,r_PS1,z_PS1
# -----------------------------------------------------------
NOBS: 48
NVAR: 6
VARLIST: MJD FLT FLUXCAL FLUXCALERR MAG MAGERR
OBS: -8.796151954705653 g_PS1 795.5065 36.6344 20.248390615610855 0.05
OBS: -4.398075977352827 g_PS1 1224.1626 56.3748 19.78040221043747 0.05
OBS: 0.0 g_PS1 1348.5148 62.1014 19.675360668552134 0.05
OBS: 4.398075977352827 g_PS1 1294.476 59.6128 19.719764955889243 0.05
OBS: 8.796151954705653 g_PS1 1087.2789 50.071 19.909147551396625 0.05
OBS: 13.19422793205848 g_PS1 761.7584 35.0803 20.29545687957795 0.05
OBS: 17.592303909411307 g_PS1 493.4535 22.7244 20.766884523002876 0.05
OBS: 21.99037988676413 g_PS1 308.312 14.1983 21.27752400883656 0.05
OBS: 26.38845586411696 g_PS1 207.9568 9.5768 21.70506737865004 0.05
OBS: 30.786531841469788 g_PS1 161.8541 7.4537 21.977190771834355 0.05
OBS: 35.18460781882261 g_PS1 136.8333 6.3014 22.1595201357301 0.05
OBS: 39.58268379617544 g_PS1 118.141 5.4406 22.318998483339254 0.05
OBS: -8.796151954705653 r_PS1 880.4 40.5439 20.138299924486212 0.05
OBS: -4.398075977352827 r_PS1 1346.4003 62.004 19.677064463434483 0.05
OBS: 0.0 r_PS1 1573.4902 72.4619 19.50783989509098 0.05
OBS: 4.398075977352827 r_PS1 1513.9899 69.7218 19.549692588594176 0.05
OBS: 8.796151954705653 r_PS1 1306.8332 60.1819 19.70944961645953 0.05
OBS: 13.19422793205848 r_PS1 1041.261 47.9518 19.95610103406328 0.05
OBS: 17.592303909411307 r_PS1 817.5621 37.6501 20.218698130316533 0.05
OBS: 21.99037988676413 r_PS1 681.5479 31.3864 20.416259044558203 0.05
OBS: 26.38845586411696 r_PS1 574.4584 26.4548 20.601853599270896 0.05
OBS: 30.786531841469788 r_PS1 456.4612 21.0208 20.851490374084896 0.05
OBS: 35.18460781882261 r_PS1 353.4693 16.2779 21.12912082941657 0.05
OBS: 39.58268379617544 r_PS1 285.9618 13.169 21.359229864066627 0.05
OBS: -8.796151954705653 i_PS1 939.7852 43.2787 20.067428449423673 0.05
OBS: -4.398075977352827 i_PS1 1346.5082 62.009 19.676977498247567 0.05
OBS: 0.0 i_PS1 1381.5047 63.6206 19.649119058344567 0.05
OBS: 4.398075977352827 i_PS1 1238.3551 57.0284 19.767887047271714 0.05
OBS: 8.796151954705653 i_PS1 960.51 44.2331 20.043745294908305 0.05
OBS: 13.19422793205848 i_PS1 756.4491 34.8358 20.303050750361905 0.05
OBS: 17.592303909411307 i_PS1 711.5229 32.7668 20.369527785991117 0.05
OBS: 21.99037988676413 i_PS1 740.3797 34.0957 20.326363796175684 0.05
OBS: 26.38845586411696 i_PS1 706.0676 32.5156 20.377884271574366 0.05
OBS: 30.786531841469788 i_PS1 600.3215 27.6458 20.554040338608488 0.05
OBS: 35.18460781882261 i_PS1 475.1073 21.8795 20.808020739177508 0.05
OBS: 39.58268379617544 i_PS1 359.3016 16.5465 21.111352088201016 0.05
OBS: -8.796151954705653 z_PS1 728.5995 33.5532 20.34377778040666 0.05
OBS: -4.398075977352827 z_PS1 946.7829 43.601 20.05937399052067 0.05
OBS: 0.0 z_PS1 916.7787 42.2192 20.094338762400803 0.05
OBS: 4.398075977352827 z_PS1 810.5582 37.3276 20.228039441774477 0.05
OBS: 8.796151954705653 z_PS1 650.5782 29.9602 20.46675121185021 0.05
OBS: 13.19422793205848 z_PS1 541.3216 24.9288 20.666361665575188 0.05
OBS: 17.592303909411307 z_PS1 494.0851 22.7535 20.76549557257143 0.05
OBS: 21.99037988676413 z_PS1 516.9311 23.8056 20.716418274245157 0.05
OBS: 26.38845586411696 z_PS1 528.3311 24.3305 20.69273458226329 0.05
OBS: 30.786531841469788 z_PS1 494.8241 22.7875 20.76387298523388 0.05
OBS: 35.18460781882261 z_PS1 432.8027 19.9313 20.90927498365221 0.05
OBS: 39.58268379617544 z_PS1 365.5464 16.834 21.09264363843002 0.05
END: