# 894 
# SNANA-like file generated from user-provided data
# Zeropoint of the converted SNANA file: 27.5 mag
# -----------------------------------------------------------
# Data table created by: anonymous
# On date: 2023.03.14 (yyyy.mm.dd); 20.49 hrs (GMT).
# Script used: BayeSNmodel.io.write_snana_lcfile.py
# -----------------------------------------------------------
SNID: 894
MWEBV: 0
REDSHIFT_HELIO: 0.09027398976337589
REDSHIFT_CMB: 0.09027398976337589
REDSHIFT_CMB_ERR: 0.001
PEAKMJD: 0
FILTERS: g_PS1,i_PS1,r_PS1,z_PS1
# -----------------------------------------------------------
NOBS: 48
NVAR: 6
VARLIST: MJD FLT FLUXCAL FLUXCALERR MAG MAGERR
OBS: -8.722191918107008 g_PS1 975.2416 44.9115 20.027219426342366 0.05
OBS: -4.361095959053504 g_PS1 1914.6838 88.1744 19.294757319868534 0.05
OBS: 0.0 g_PS1 2231.7496 102.7759 19.12838635274152 0.05
OBS: 4.361095959053504 g_PS1 1777.0466 81.836 19.375752984674182 0.05
OBS: 8.722191918107008 g_PS1 1166.8386 53.7349 19.832473006274004 0.05
OBS: 13.083287877160512 g_PS1 747.8465 34.4396 20.315468844445288 0.05
OBS: 17.444383836214016 g_PS1 528.7777 24.3511 20.691817122323126 0.05
OBS: 21.80547979526752 g_PS1 370.8611 17.0788 21.07697182974395 0.05
OBS: 26.166575754321023 g_PS1 255.6909 11.775 21.480711724914965 0.05
OBS: 30.527671713374527 g_PS1 193.4776 8.91 21.783423210127953 0.05
OBS: 34.88876767242803 g_PS1 163.7789 7.5423 21.96435529496169 0.05
OBS: 39.24986363148153 g_PS1 148.6289 6.8446 22.069742092624868 0.05
OBS: -8.722191918107008 r_PS1 808.3362 37.2253 20.23101996192593 0.05
OBS: -4.361095959053504 r_PS1 1516.3468 69.8303 19.548003676467566 0.05
OBS: 0.0 r_PS1 1985.5972 91.4401 19.255272147126213 0.05
OBS: 4.361095959053504 r_PS1 1885.8234 86.8454 19.31124742786212 0.05
OBS: 8.722191918107008 r_PS1 1499.7284 69.065 19.559968492016232 0.05
OBS: 13.083287877160512 r_PS1 1121.3052 51.638 19.875690395549817 0.05
OBS: 17.444383836214016 r_PS1 866.5245 39.9049 20.155547921152852 0.05
OBS: 21.80547979526752 r_PS1 709.9576 32.6948 20.371919022042363 0.05
OBS: 26.166575754321023 r_PS1 558.3431 25.7126 20.632747128776963 0.05
OBS: 30.527671713374527 r_PS1 419.7194 19.3288 20.942602484646834 0.05
OBS: 34.88876767242803 r_PS1 338.8728 15.6057 21.174908217887534 0.05
OBS: 39.24986363148153 r_PS1 316.5835 14.5792 21.248779397931415 0.05
OBS: -8.722191918107008 i_PS1 824.2574 37.9585 20.209842843813803 0.05
OBS: -4.361095959053504 i_PS1 1385.0378 63.7833 19.646345952930673 0.05
OBS: 0.0 i_PS1 1536.0009 70.7355 19.53402132421779 0.05
OBS: 4.361095959053504 i_PS1 1359.6819 62.6157 19.666406746040288 0.05
OBS: 8.722191918107008 i_PS1 1015.8801 46.783 19.982893822234743 0.05
OBS: 13.083287877160512 i_PS1 832.1053 38.3199 20.19955429212373 0.05
OBS: 17.444383836214016 i_PS1 868.029 39.9742 20.153664391602078 0.05
OBS: 21.80547979526752 i_PS1 921.7542 42.4483 20.08846220887238 0.05
OBS: 26.166575754321023 i_PS1 748.5213 34.4707 20.314489587121656 0.05
OBS: 30.527671713374527 i_PS1 520.2966 23.9605 20.70937242598574 0.05
OBS: 34.88876767242803 i_PS1 390.9329 18.0031 21.01974435117897 0.05
OBS: 39.24986363148153 i_PS1 340.7878 15.6939 21.168789813267338 0.05
OBS: -8.722191918107008 z_PS1 715.893 32.9681 20.362879679343102 0.05
OBS: -4.361095959053504 z_PS1 1074.3568 49.476 19.92212869546409 0.05
OBS: 0.0 z_PS1 1087.8577 50.0977 19.908569772441197 0.05
OBS: 4.361095959053504 z_PS1 871.0463 40.1132 20.14989690930738 0.05
OBS: 8.722191918107008 z_PS1 635.0574 29.2455 20.492967625918894 0.05
OBS: 13.083287877160512 z_PS1 551.1954 25.3835 20.646736015869877 0.05
OBS: 17.444383836214016 z_PS1 595.3592 27.4173 20.56305233196464 0.05
OBS: 21.80547979526752 z_PS1 681.031 31.3626 20.41708273271818 0.05
OBS: 26.166575754321023 z_PS1 611.3359 28.1531 20.53430026319277 0.05
OBS: 30.527671713374527 z_PS1 453.337 20.8769 20.858947020442166 0.05
OBS: 34.88876767242803 z_PS1 336.8995 15.5148 21.18124894626704 0.05
OBS: 39.24986363148153 z_PS1 275.7751 12.6999 21.398612514803816 0.05
END: