# 899 
# SNANA-like file generated from user-provided data
# Zeropoint of the converted SNANA file: 27.5 mag
# -----------------------------------------------------------
# Data table created by: anonymous
# On date: 2023.03.14 (yyyy.mm.dd); 20.49 hrs (GMT).
# Script used: BayeSNmodel.io.write_snana_lcfile.py
# -----------------------------------------------------------
SNID: 899
MWEBV: 0
REDSHIFT_HELIO: 0.09674956925568948
REDSHIFT_CMB: 0.09674956925568948
REDSHIFT_CMB_ERR: 0.001
PEAKMJD: 0
FILTERS: g_PS1,i_PS1,r_PS1,z_PS1
# -----------------------------------------------------------
NOBS: 48
NVAR: 6
VARLIST: MJD FLT FLUXCAL FLUXCALERR MAG MAGERR
OBS: -8.773996554045516 g_PS1 1362.204 62.7318 19.664394584751545 0.05
OBS: -4.386998277022758 g_PS1 2316.9954 106.7016 19.08768708966119 0.05
OBS: 0.0 g_PS1 2557.1441 117.7608 18.98061199720306 0.05
OBS: 4.386998277022758 g_PS1 2155.7214 99.2746 19.16601842648829 0.05
OBS: 8.773996554045516 g_PS1 1564.6584 72.0552 19.51395115601414 0.05
OBS: 13.160994831068273 g_PS1 1060.6013 48.8425 19.93611965424215 0.05
OBS: 17.54799310809103 g_PS1 751.0642 34.5878 20.310807411196432 0.05
OBS: 21.93499138511379 g_PS1 533.002 24.5457 20.683177857807923 0.05
OBS: 26.321989662136545 g_PS1 394.0282 18.1457 21.0111816404476 0.05
OBS: 30.708987939159304 g_PS1 320.5387 14.7614 21.235298879618252 0.05
OBS: 35.09598621618206 g_PS1 271.1475 12.4868 21.416986078215825 0.05
OBS: 39.48298449320482 g_PS1 225.8988 10.403 21.61521519920854 0.05
OBS: -8.773996554045516 r_PS1 1132.1734 52.1385 19.86521760049029 0.05
OBS: -4.386998277022758 r_PS1 1771.5044 81.5808 19.379144409421436 0.05
OBS: 0.0 r_PS1 2106.2322 96.9956 19.191234403035217 0.05
OBS: 4.386998277022758 r_PS1 2054.3629 94.6069 19.218307113726645 0.05
OBS: 8.773996554045516 r_PS1 1796.4359 82.7289 19.363970696264367 0.05
OBS: 13.160994831068273 r_PS1 1470.2437 67.7072 19.581526651943946 0.05
OBS: 17.54799310809103 r_PS1 1200.8586 55.3016 19.801270303330945 0.05
OBS: 21.93499138511379 r_PS1 1019.1584 46.934 19.979395776187523 0.05
OBS: 26.321989662136545 r_PS1 832.5403 38.3399 20.198986901755923 0.05
OBS: 30.708987939159304 r_PS1 639.3855 29.4448 20.485592960063173 0.05
OBS: 35.09598621618206 r_PS1 500.9465 23.0694 20.75052171946836 0.05
OBS: 39.48298449320482 r_PS1 430.7883 19.8385 20.91434030302559 0.05
OBS: -8.773996554045516 i_PS1 994.0492 45.7777 20.006480344412978 0.05
OBS: -4.386998277022758 i_PS1 1571.7738 72.3829 19.509024920599842 0.05
OBS: 0.0 i_PS1 1717.7189 79.1039 19.41261977695222 0.05
OBS: 4.386998277022758 i_PS1 1589.8992 73.2176 19.496576011182228 0.05
OBS: 8.773996554045516 i_PS1 1269.1701 58.4474 19.74120039561585 0.05
OBS: 13.160994831068273 i_PS1 1069.1742 49.2373 19.927378815988092 0.05
OBS: 17.54799310809103 i_PS1 1087.1979 50.0673 19.909228446797904 0.05
OBS: 21.93499138511379 i_PS1 1124.8389 51.8007 19.87227421537051 0.05
OBS: 26.321989662136545 i_PS1 925.5642 42.6238 20.083983671179965 0.05
OBS: 30.708987939159304 i_PS1 661.9136 30.4822 20.44799679195188 0.05
OBS: 35.09598621618206 i_PS1 500.944 23.0693 20.750526987664216 0.05
OBS: 39.48298449320482 i_PS1 426.3777 19.6354 20.925513686008394 0.05
OBS: -8.773996554045516 z_PS1 775.0397 35.6919 20.276690175656505 0.05
OBS: -4.386998277022758 z_PS1 1172.5803 53.9993 19.82714355140522 0.05
OBS: 0.0 z_PS1 1221.8684 56.2691 19.7824389159153 0.05
OBS: 4.386998277022758 z_PS1 1042.9604 48.0301 19.95433049554815 0.05
OBS: 8.773996554045516 z_PS1 790.3857 36.3986 20.255402365526272 0.05
OBS: 13.160994831068273 z_PS1 671.94 30.944 20.431673738771515 0.05
OBS: 17.54799310809103 z_PS1 674.9214 31.0813 20.426867064748926 0.05
OBS: 21.93499138511379 z_PS1 739.3046 34.0462 20.327941446385893 0.05
OBS: 26.321989662136545 z_PS1 687.6779 31.6687 20.406537361417364 0.05
OBS: 30.708987939159304 z_PS1 552.8749 25.4608 20.643432796518546 0.05
OBS: 35.09598621618206 z_PS1 442.1054 20.3597 20.88618544541079 0.05
OBS: 39.48298449320482 z_PS1 377.8213 17.3993 21.056783906552795 0.05
END: