# 906 
# SNANA-like file generated from user-provided data
# Zeropoint of the converted SNANA file: 27.5 mag
# -----------------------------------------------------------
# Data table created by: anonymous
# On date: 2023.03.14 (yyyy.mm.dd); 20.49 hrs (GMT).
# Script used: BayeSNmodel.io.write_snana_lcfile.py
# -----------------------------------------------------------
SNID: 906
MWEBV: 0
REDSHIFT_HELIO: 0.09177463165671519
REDSHIFT_CMB: 0.09177463165671519
REDSHIFT_CMB_ERR: 0.001
PEAKMJD: 0
FILTERS: g_PS1,i_PS1,r_PS1,z_PS1
# -----------------------------------------------------------
NOBS: 48
NVAR: 6
VARLIST: MJD FLT FLUXCAL FLUXCALERR MAG MAGERR
OBS: -8.734197053253721 g_PS1 1016.2119 46.7983 19.98253935618165 0.05
OBS: -4.367098526626861 g_PS1 1870.8008 86.1536 19.319931154053254 0.05
OBS: 0.0 g_PS1 2107.6472 97.0607 19.19050523408473 0.05
OBS: 4.367098526626861 g_PS1 1697.1086 78.1547 19.42572590016179 0.05
OBS: 8.734197053253721 g_PS1 1148.5073 52.8907 19.849665645460593 0.05
OBS: 13.101295579880581 g_PS1 739.2686 34.0446 20.32799436264533 0.05
OBS: 17.468394106507443 g_PS1 507.3038 23.3622 20.73682968793916 0.05
OBS: 21.835492633134304 g_PS1 341.4434 15.724 21.166703272083307 0.05
OBS: 26.202591159761162 g_PS1 227.9555 10.4977 21.605375037675113 0.05
OBS: 30.569689686388024 g_PS1 169.2926 7.7962 21.92840499352415 0.05
OBS: 34.936788213014886 g_PS1 142.7998 6.5762 22.113180997506202 0.05
OBS: 39.30388673964175 g_PS1 130.8789 6.0272 22.207826197534633 0.05
OBS: -8.734197053253721 r_PS1 913.8595 42.0848 20.097801420682742 0.05
OBS: -4.367098526626861 r_PS1 1581.7308 72.8414 19.50216857642947 0.05
OBS: 0.0 r_PS1 1962.037 90.3551 19.26823199846637 0.05
OBS: 4.367098526626861 r_PS1 1834.5045 84.4821 19.341203067796556 0.05
OBS: 8.734197053253721 r_PS1 1472.1867 67.7967 19.580092806504027 0.05
OBS: 13.101295579880581 r_PS1 1111.5234 51.1875 19.885203439736188 0.05
OBS: 17.468394106507443 r_PS1 858.4795 39.5344 20.165675198084912 0.05
OBS: 21.835492633134304 r_PS1 695.7281 32.0395 20.393901137302777 0.05
OBS: 26.202591159761162 r_PS1 531.3958 24.4717 20.686454789372597 0.05
OBS: 30.569689686388024 r_PS1 381.1644 17.5533 21.047219029162264 0.05
OBS: 34.936788213014886 r_PS1 290.7702 13.3905 21.34112541813772 0.05
OBS: 39.30388673964175 r_PS1 255.1193 11.7487 21.483141705404144 0.05
OBS: -8.734197053253721 i_PS1 918.9063 42.3172 20.091821952873552 0.05
OBS: -4.367098526626861 i_PS1 1421.471 65.4612 19.618154957780447 0.05
OBS: 0.0 i_PS1 1491.6277 68.692 19.56584887850282 0.05
OBS: 4.367098526626861 i_PS1 1290.7607 59.4417 19.722885673537043 0.05
OBS: 8.734197053253721 i_PS1 967.2823 44.545 20.036116879149375 0.05
OBS: 13.101295579880581 i_PS1 802.6159 36.9618 20.238730642876085 0.05
OBS: 17.468394106507443 i_PS1 845.864 38.9535 20.181748589677134 0.05
OBS: 21.835492633134304 i_PS1 900.9382 41.4897 20.113262551291143 0.05
OBS: 26.202591159761162 i_PS1 726.9155 33.4757 20.34629018191 0.05
OBS: 30.569689686388024 i_PS1 494.0351 22.7512 20.765605460175024 0.05
OBS: 34.936788213014886 i_PS1 354.5549 16.3279 21.12579128227513 0.05
OBS: 39.30388673964175 i_PS1 288.8532 13.3022 21.348307205096262 0.05
OBS: -8.734197053253721 z_PS1 777.4273 35.8019 20.273350463528566 0.05
OBS: -4.367098526626861 z_PS1 1106.7287 50.9667 19.889897038372567 0.05
OBS: 0.0 z_PS1 1079.2579 49.7017 19.917186927949253 0.05
OBS: 4.367098526626861 z_PS1 850.5411 39.1689 20.175761704585902 0.05
OBS: 8.734197053253721 z_PS1 616.6963 28.3999 20.52482168901289 0.05
OBS: 13.101295579880581 z_PS1 532.4146 24.5186 20.68437515895043 0.05
OBS: 17.468394106507443 z_PS1 569.7659 26.2387 20.610758808264208 0.05
OBS: 21.835492633134304 z_PS1 650.81 29.9709 20.466364380227112 0.05
OBS: 26.202591159761162 z_PS1 592.2734 27.2752 20.568694352361796 0.05
OBS: 30.569689686388024 z_PS1 446.2695 20.5515 20.876006918368212 0.05
OBS: 34.936788213014886 z_PS1 330.9699 15.2417 21.20052889475766 0.05
OBS: 39.30388673964175 z_PS1 264.0474 12.1598 21.44579512969743 0.05
END: