# 914 
# SNANA-like file generated from user-provided data
# Zeropoint of the converted SNANA file: 27.5 mag
# -----------------------------------------------------------
# Data table created by: anonymous
# On date: 2023.03.14 (yyyy.mm.dd); 20.49 hrs (GMT).
# Script used: BayeSNmodel.io.write_snana_lcfile.py
# -----------------------------------------------------------
SNID: 914
MWEBV: 0
REDSHIFT_HELIO: 0.08031480600782388
REDSHIFT_CMB: 0.08031480600782388
REDSHIFT_CMB_ERR: 0.001
PEAKMJD: 0
FILTERS: g_PS1,i_PS1,r_PS1,z_PS1
# -----------------------------------------------------------
NOBS: 48
NVAR: 6
VARLIST: MJD FLT FLUXCAL FLUXCALERR MAG MAGERR
OBS: -8.64251844806259 g_PS1 2121.1707 97.6835 19.18356095615206 0.05
OBS: -4.321259224031295 g_PS1 2988.2706 137.6149 18.811450182581286 0.05
OBS: 0.0 g_PS1 3173.8538 146.1614 18.74603271746567 0.05
OBS: 4.321259224031295 g_PS1 3162.3833 145.6331 18.74996372574589 0.05
OBS: 8.64251844806259 g_PS1 2783.3736 128.1791 18.888571237344554 0.05
OBS: 12.963777672093887 g_PS1 1959.0696 90.2185 19.26987535226642 0.05
OBS: 17.28503689612518 g_PS1 1203.2762 55.4129 19.799086691406277 0.05
OBS: 21.606296120156475 g_PS1 701.5151 32.306 20.38490743712315 0.05
OBS: 25.927555344187773 g_PS1 445.1892 20.5017 20.878638513435202 0.05
OBS: 30.248814568219068 g_PS1 334.7754 15.417 21.188116214864646 0.05
OBS: 34.57007379225036 g_PS1 283.0506 13.035 21.370339789851467 0.05
OBS: 38.891333016281656 g_PS1 251.638 11.5884 21.498059448519438 0.05
OBS: -8.64251844806259 r_PS1 1863.6922 85.8262 19.324064505715633 0.05
OBS: -4.321259224031295 r_PS1 2849.2074 131.2109 18.863189834825825 0.05
OBS: 0.0 r_PS1 3456.9438 159.1981 18.653269216442276 0.05
OBS: 4.321259224031295 r_PS1 3594.3422 165.5256 18.610951433699462 0.05
OBS: 8.64251844806259 r_PS1 3300.8578 152.0101 18.703432945164074 0.05
OBS: 12.963777672093887 r_PS1 2597.0031 119.5964 18.96381882566343 0.05
OBS: 17.28503689612518 r_PS1 1880.8326 86.6155 19.314124664095864 0.05
OBS: 21.606296120156475 r_PS1 1463.845 67.4126 19.5862622842656 0.05
OBS: 25.927555344187773 r_PS1 1238.1198 57.0175 19.76809336730755 0.05
OBS: 30.248814568219068 r_PS1 1031.6717 47.5102 19.96614623165719 0.05
OBS: 34.57007379225036 r_PS1 830.4898 38.2455 20.201664184844972 0.05
OBS: 38.891333016281656 r_PS1 675.0881 31.089 20.42659889758263 0.05
OBS: -8.64251844806259 i_PS1 1649.0912 75.9435 19.456888303847855 0.05
OBS: -4.321259224031295 i_PS1 2318.6146 106.7761 19.086928603600576 0.05
OBS: 0.0 i_PS1 2389.3102 110.0318 19.05431866143394 0.05
OBS: 4.321259224031295 i_PS1 2273.2028 104.6849 19.108404525478974 0.05
OBS: 8.64251844806259 i_PS1 1837.9081 84.6388 19.339190540640573 0.05
OBS: 12.963777672093887 i_PS1 1403.487 64.633 19.631979040451256 0.05
OBS: 17.28503689612518 i_PS1 1236.5871 56.9469 19.769438193702754 0.05
OBS: 21.606296120156475 i_PS1 1306.9547 60.1875 19.70934862985944 0.05
OBS: 25.927555344187773 i_PS1 1457.1191 67.1028 19.59126236434193 0.05
OBS: 30.248814568219068 i_PS1 1498.7693 69.0209 19.560662997366926 0.05
OBS: 34.57007379225036 i_PS1 1271.2889 58.545 19.73938935828697 0.05
OBS: 38.891333016281656 i_PS1 878.3258 40.4484 20.140860876435802 0.05
OBS: -8.64251844806259 z_PS1 1469.9285 67.6927 19.581759486947746 0.05
OBS: -4.321259224031295 z_PS1 1912.0389 88.0526 19.296258167904945 0.05
OBS: 0.0 z_PS1 1809.995 83.3533 19.355806575402717 0.05
OBS: 4.321259224031295 z_PS1 1450.55 66.8003 19.59616825208304 0.05
OBS: 8.64251844806259 z_PS1 1081.9717 49.8266 19.914460240405788 0.05
OBS: 12.963777672093887 z_PS1 849.2646 39.1101 20.177392479440307 0.05
OBS: 17.28503689612518 z_PS1 781.995 36.0122 20.26699009034074 0.05
OBS: 21.606296120156475 z_PS1 871.0501 40.1133 20.149892171504085 0.05
OBS: 25.927555344187773 z_PS1 1014.2221 46.7067 19.984667379018866 0.05
OBS: 30.248814568219068 z_PS1 1087.8852 50.099 19.908542349840566 0.05
OBS: 34.57007379225036 z_PS1 982.8005 45.2596 20.018836627003587 0.05
OBS: 38.891333016281656 z_PS1 763.3698 35.1545 20.293162631784718 0.05
END: