# 920 
# SNANA-like file generated from user-provided data
# Zeropoint of the converted SNANA file: 27.5 mag
# -----------------------------------------------------------
# Data table created by: anonymous
# On date: 2023.03.14 (yyyy.mm.dd); 20.49 hrs (GMT).
# Script used: BayeSNmodel.io.write_snana_lcfile.py
# -----------------------------------------------------------
SNID: 920
MWEBV: 0
REDSHIFT_HELIO: 0.0942410249646557
REDSHIFT_CMB: 0.0942410249646557
REDSHIFT_CMB_ERR: 0.001
PEAKMJD: 0
FILTERS: g_PS1,i_PS1,r_PS1,z_PS1
# -----------------------------------------------------------
NOBS: 48
NVAR: 6
VARLIST: MJD FLT FLUXCAL FLUXCALERR MAG MAGERR
OBS: -8.753928199717246 g_PS1 2105.6427 96.9684 19.191538310732458 0.05
OBS: -4.376964099858623 g_PS1 2974.8126 136.9952 18.81635095264122 0.05
OBS: 0.0 g_PS1 2958.7121 136.2537 18.822243244701387 0.05
OBS: 4.376964099858623 g_PS1 2545.2842 117.2147 18.985659288660454 0.05
OBS: 8.753928199717246 g_PS1 2021.6402 93.1 19.235740334595146 0.05
OBS: 13.13089229957587 g_PS1 1525.1107 70.2339 19.541746596992414 0.05
OBS: 17.50785639943449 g_PS1 1219.6448 56.1667 19.78441660210512 0.05
OBS: 21.884820499293113 g_PS1 942.3477 43.3967 20.064472011358905 0.05
OBS: 26.26178459915174 g_PS1 649.5113 29.9111 20.468533289735337 0.05
OBS: 30.63874869901036 g_PS1 458.9419 21.1351 20.845605696265178 0.05
OBS: 35.01571279886898 g_PS1 347.252 15.9915 21.14838811234876 0.05
OBS: 39.39267689872761 g_PS1 274.6257 12.647 21.40314722081857 0.05
OBS: -8.753928199717246 r_PS1 1854.1596 85.3872 19.329632242194215 0.05
OBS: -4.376964099858623 r_PS1 2600.2092 119.7441 18.962479293480165 0.05
OBS: 0.0 r_PS1 2802.7698 129.0723 18.881031434135487 0.05
OBS: 4.376964099858623 r_PS1 2537.7236 116.8665 18.988889203609027 0.05
OBS: 8.753928199717246 r_PS1 2138.7048 98.491 19.17462291466166 0.05
OBS: 13.13089229957587 r_PS1 1780.0408 81.9739 19.373925106465748 0.05
OBS: 17.50785639943449 r_PS1 1562.279 71.9456 19.515603523813965 0.05
OBS: 21.884820499293113 r_PS1 1439.2018 66.2777 19.604695728981767 0.05
OBS: 26.26178459915174 r_PS1 1275.5676 58.7421 19.735741328612775 0.05
OBS: 30.63874869901036 r_PS1 1061.1074 48.8658 19.935601618817266 0.05
OBS: 35.01571279886898 r_PS1 853.2901 39.2955 20.172258200723512 0.05
OBS: 39.39267689872761 r_PS1 702.4813 32.3505 20.383413073122696 0.05
OBS: -8.753928199717246 i_PS1 1680.555 77.3924 19.436368169983872 0.05
OBS: -4.376964099858623 i_PS1 2118.377 97.5549 19.1849918483113 0.05
OBS: 0.0 i_PS1 2039.8169 93.937 19.22602202318791 0.05
OBS: 4.376964099858623 i_PS1 1897.6906 87.3919 19.3044365102374 0.05
OBS: 8.753928199717246 i_PS1 1536.9159 70.7776 19.53337476067258 0.05
OBS: 13.13089229957587 i_PS1 1150.6094 52.9875 19.847680181998086 0.05
OBS: 17.50785639943449 i_PS1 961.1406 44.2622 20.0430326924944 0.05
OBS: 21.884820499293113 i_PS1 986.0568 45.4096 20.01524511902175 0.05
OBS: 26.26178459915174 i_PS1 1139.8107 52.4902 19.85791818560412 0.05
OBS: 30.63874869901036 i_PS1 1263.4678 58.1848 19.74608951571721 0.05
OBS: 35.01571279886898 i_PS1 1159.0791 53.3776 19.83971731714594 0.05
OBS: 39.39267689872761 i_PS1 855.129 39.3801 20.169920922634205 0.05
OBS: -8.753928199717246 z_PS1 1535.4995 70.7124 19.534375810164747 0.05
OBS: -4.376964099858623 z_PS1 1719.3196 79.1776 19.411608470286033 0.05
OBS: 0.0 z_PS1 1469.2869 67.6632 19.58223345891441 0.05
OBS: 4.376964099858623 z_PS1 1175.0916 54.115 19.824820694757875 0.05
OBS: 8.753928199717246 z_PS1 873.6528 40.2332 20.146652755797604 0.05
OBS: 13.13089229957587 z_PS1 669.8315 30.8469 20.435086004114808 0.05
OBS: 17.50785639943449 z_PS1 581.3772 26.7734 20.58885505522865 0.05
OBS: 21.884820499293113 z_PS1 638.3838 29.3987 20.487295319237987 0.05
OBS: 26.26178459915174 z_PS1 779.6202 35.9028 20.270292326288903 0.05
OBS: 30.63874869901036 z_PS1 896.1527 41.2694 20.119044943477 0.05
OBS: 35.01571279886898 z_PS1 867.4971 39.9497 20.15432986187877 0.05
OBS: 39.39267689872761 z_PS1 709.3164 32.6652 20.37290005319202 0.05
END: