# 927 
# SNANA-like file generated from user-provided data
# Zeropoint of the converted SNANA file: 27.5 mag
# -----------------------------------------------------------
# Data table created by: anonymous
# On date: 2023.03.14 (yyyy.mm.dd); 20.49 hrs (GMT).
# Script used: BayeSNmodel.io.write_snana_lcfile.py
# -----------------------------------------------------------
SNID: 927
MWEBV: 0
REDSHIFT_HELIO: 0.09596374064976386
REDSHIFT_CMB: 0.09596374064976386
REDSHIFT_CMB_ERR: 0.001
PEAKMJD: 0
FILTERS: g_PS1,i_PS1,r_PS1,z_PS1
# -----------------------------------------------------------
NOBS: 48
NVAR: 6
VARLIST: MJD FLT FLUXCAL FLUXCALERR MAG MAGERR
OBS: -8.76770992519811 g_PS1 867.4581 39.9479 20.15437877535081 0.05
OBS: -4.383854962599055 g_PS1 1211.1853 55.7771 19.79197353375699 0.05
OBS: 0.0 g_PS1 1283.2558 59.0961 19.729216882230883 0.05
OBS: 4.383854962599055 g_PS1 1281.0985 58.9968 19.73104365400872 0.05
OBS: 8.76770992519811 g_PS1 1125.9306 51.851 19.871220968996564 0.05
OBS: 13.151564887797164 g_PS1 770.314 35.4743 20.28333050769316 0.05
OBS: 17.53541985039622 g_PS1 465.1723 21.422 20.830965293987543 0.05
OBS: 21.919274812995276 g_PS1 290.9061 13.3967 21.340618075029436 0.05
OBS: 26.30312977559433 g_PS1 224.1331 10.3217 21.62373520944237 0.05
OBS: 30.686984738193384 g_PS1 202.397 9.3207 21.734489581927345 0.05
OBS: 35.07083970079244 g_PS1 171.5761 7.9014 21.913857857707594 0.05
OBS: 39.45469466339149 g_PS1 123.9057 5.7061 22.26727142378409 0.05
OBS: -8.76770992519811 r_PS1 817.4491 37.6449 20.218848198780364 0.05
OBS: -4.383854962599055 r_PS1 1200.1864 55.2706 19.801878217443907 0.05
OBS: 0.0 r_PS1 1453.4433 66.9335 19.594004791444824 0.05
OBS: 4.383854962599055 r_PS1 1592.1363 73.3206 19.49504939670065 0.05
OBS: 8.76770992519811 r_PS1 1548.793 71.3246 19.525016544827963 0.05
OBS: 13.151564887797164 r_PS1 1224.1885 56.376 19.780379227952004 0.05
OBS: 17.53541985039622 r_PS1 850.5694 39.1702 20.175725664477362 0.05
OBS: 21.919274812995276 r_PS1 635.8192 29.2806 20.49166589959396 0.05
OBS: 26.30312977559433 r_PS1 539.2291 24.8324 20.670566754128735 0.05
OBS: 30.686984738193384 r_PS1 467.6397 21.5356 20.825221505071923 0.05
OBS: 35.07083970079244 r_PS1 396.9013 18.278 21.003293726060043 0.05
OBS: 39.45469466339149 r_PS1 341.4166 15.7228 21.166788289059063 0.05
OBS: -8.76770992519811 i_PS1 787.8261 36.2807 20.258924061025134 0.05
OBS: -4.383854962599055 i_PS1 1226.9963 56.5053 19.77789184357139 0.05
OBS: 0.0 i_PS1 1404.6952 64.6886 19.631044792048655 0.05
OBS: 4.383854962599055 i_PS1 1469.2528 67.6616 19.58225864797985 0.05
OBS: 8.76770992519811 i_PS1 1273.1543 58.6309 19.737797427203496 0.05
OBS: 13.151564887797164 i_PS1 977.183 45.0009 20.02506026863073 0.05
OBS: 17.53541985039622 i_PS1 795.8716 36.6512 20.247892534468562 0.05
OBS: 21.919274812995276 i_PS1 729.1665 33.5794 20.34293327547232 0.05
OBS: 26.30312977559433 i_PS1 687.257 31.6494 20.407202012160816 0.05
OBS: 30.686984738193384 i_PS1 628.7756 28.9562 20.503760831785435 0.05
OBS: 35.07083970079244 i_PS1 549.4034 25.301 20.650271633187735 0.05
OBS: 39.45469466339149 i_PS1 455.1883 20.9622 20.854522247296067 0.05
OBS: -8.76770992519811 z_PS1 720.3162 33.1718 20.35619208469096 0.05
OBS: -4.383854962599055 z_PS1 907.0771 41.7724 20.105889541947967 0.05
OBS: 0.0 z_PS1 878.5537 40.4589 20.14057924750192 0.05
OBS: 4.383854962599055 z_PS1 806.3059 37.1318 20.233750366597256 0.05
OBS: 8.76770992519811 z_PS1 677.2988 31.1908 20.423049295258743 0.05
OBS: 13.151564887797164 z_PS1 573.1822 26.396 20.60426822257621 0.05
OBS: 17.53541985039622 z_PS1 518.2862 23.868 20.713575983433998 0.05
OBS: 21.919274812995276 z_PS1 543.6559 25.0363 20.66168976424285 0.05
OBS: 26.30312977559433 z_PS1 581.1083 26.761 20.589357335263564 0.05
OBS: 30.686984738193384 z_PS1 576.2674 26.5381 20.598439835735036 0.05
OBS: 35.07083970079244 z_PS1 513.8753 23.6648 20.722855619031186 0.05
OBS: 39.45469466339149 z_PS1 420.8076 19.3789 20.939791108830953 0.05
END: