# 933 
# SNANA-like file generated from user-provided data
# Zeropoint of the converted SNANA file: 27.5 mag
# -----------------------------------------------------------
# Data table created by: anonymous
# On date: 2023.03.14 (yyyy.mm.dd); 20.49 hrs (GMT).
# Script used: BayeSNmodel.io.write_snana_lcfile.py
# -----------------------------------------------------------
SNID: 933
MWEBV: 0
REDSHIFT_HELIO: 0.09819673594389199
REDSHIFT_CMB: 0.09819673594389199
REDSHIFT_CMB_ERR: 0.001
PEAKMJD: 0
FILTERS: g_PS1,i_PS1,r_PS1,z_PS1
# -----------------------------------------------------------
NOBS: 48
NVAR: 6
VARLIST: MJD FLT FLUXCAL FLUXCALERR MAG MAGERR
OBS: -8.785573887551136 g_PS1 716.4701 32.9947 20.362004808968646 0.05
OBS: -4.392786943775568 g_PS1 1365.1427 62.8671 19.662054860900508 0.05
OBS: 0.0 g_PS1 1566.2452 72.1283 19.51285061725981 0.05
OBS: 4.392786943775568 g_PS1 1264.5055 58.2326 19.745198228520454 0.05
OBS: 8.785573887551136 g_PS1 867.1943 39.9358 20.15470890843194 0.05
OBS: 13.178360831326703 g_PS1 539.7075 24.8545 20.669603776345017 0.05
OBS: 17.571147775102272 g_PS1 345.268 15.9002 21.15460919640901 0.05
OBS: 21.96393471887784 g_PS1 222.3973 10.2418 21.632176176817627 0.05
OBS: 26.356721662653406 g_PS1 146.9227 6.766 22.082277556151606 0.05
OBS: 30.749508606428975 g_PS1 111.589 5.1389 22.3809469933471 0.05
OBS: 35.142295550204544 g_PS1 97.9232 4.5095 22.52278598178952 0.05
OBS: 39.53508249398011 g_PS1 92.9077 4.2786 22.579871013440812 0.05
OBS: -8.785573887551136 r_PS1 621.574 28.6245 20.51626782435138 0.05
OBS: -4.392786943775568 r_PS1 1053.2871 48.5057 19.943633122785677 0.05
OBS: 0.0 r_PS1 1349.8651 62.1636 19.674274094126325 0.05
OBS: 4.392786943775568 r_PS1 1399.8744 64.4666 19.634777346574495 0.05
OBS: 8.785573887551136 r_PS1 1247.8841 57.4672 19.759564379928484 0.05
OBS: 13.178360831326703 r_PS1 956.7472 44.0598 20.04800699736421 0.05
OBS: 17.571147775102272 r_PS1 690.3289 31.7908 20.40235979609848 0.05
OBS: 21.96393471887784 r_PS1 519.5458 23.926 20.71094032907434 0.05
OBS: 26.356721662653406 r_PS1 379.912 17.4956 21.050792494562053 0.05
OBS: 30.749508606428975 r_PS1 270.4004 12.4524 21.41998164771406 0.05
OBS: 35.142295550204544 r_PS1 209.6279 9.6537 21.696377386822384 0.05
OBS: 39.53508249398011 r_PS1 188.1959 8.6667 21.81347470995918 0.05
OBS: -8.785573887551136 i_PS1 695.0778 32.0095 20.39491638127945 0.05
OBS: -4.392786943775568 i_PS1 1141.3568 52.5614 19.856446465291235 0.05
OBS: 0.0 i_PS1 1261.7478 58.1056 19.747568607510452 0.05
OBS: 4.392786943775568 i_PS1 1138.5343 52.4314 19.85913468007204 0.05
OBS: 8.785573887551136 i_PS1 882.4383 40.6378 20.135789185966892 0.05
OBS: 13.178360831326703 i_PS1 750.0407 34.5407 20.31228790224813 0.05
OBS: 17.571147775102272 i_PS1 790.0392 36.3826 20.255878413727714 0.05
OBS: 21.96393471887784 i_PS1 810.0672 37.305 20.228697403006414 0.05
OBS: 26.356721662653406 i_PS1 604.3997 27.8336 20.546689472230106 0.05
OBS: 30.749508606428975 i_PS1 379.148 17.4604 21.052978093699224 0.05
OBS: 35.142295550204544 i_PS1 263.6239 12.1403 21.447538064696417 0.05
OBS: 39.53508249398011 i_PS1 220.5108 10.1549 21.64142548250942 0.05
OBS: -8.785573887551136 z_PS1 581.6752 26.7871 20.588298648828655 0.05
OBS: -4.392786943775568 z_PS1 885.9542 40.7997 20.13147180102721 0.05
OBS: 0.0 z_PS1 889.3402 40.9556 20.12733016909054 0.05
OBS: 4.392786943775568 z_PS1 696.7981 32.0887 20.39223262574793 0.05
OBS: 8.785573887551136 z_PS1 492.3136 22.6719 20.769395400045973 0.05
OBS: 13.178360831326703 z_PS1 431.7944 19.8849 20.911807406933526 0.05
OBS: 17.571147775102272 z_PS1 484.3086 22.3032 20.787194619603007 0.05
OBS: 21.96393471887784 z_PS1 573.3137 26.4021 20.604019269790676 0.05
OBS: 26.356721662653406 z_PS1 516.9874 23.8081 20.71630014529375 0.05
OBS: 30.749508606428975 z_PS1 374.7881 17.2596 21.0655354703541 0.05
OBS: 35.142295550204544 z_PS1 266.6396 12.2792 21.4351885672505 0.05
OBS: 39.53508249398011 z_PS1 205.1616 9.448 21.71975973050347 0.05
END: