# 966 
# SNANA-like file generated from user-provided data
# Zeropoint of the converted SNANA file: 27.5 mag
# -----------------------------------------------------------
# Data table created by: anonymous
# On date: 2023.03.14 (yyyy.mm.dd); 20.49 hrs (GMT).
# Script used: BayeSNmodel.io.write_snana_lcfile.py
# -----------------------------------------------------------
SNID: 966
MWEBV: 0
REDSHIFT_HELIO: 0.07484671981519724
REDSHIFT_CMB: 0.07484671981519724
REDSHIFT_CMB_ERR: 0.001
PEAKMJD: 0
FILTERS: g_PS1,i_PS1,r_PS1,z_PS1
# -----------------------------------------------------------
NOBS: 48
NVAR: 6
VARLIST: MJD FLT FLUXCAL FLUXCALERR MAG MAGERR
OBS: -8.598773758521578 g_PS1 1212.664 55.8452 19.79064876186391 0.05
OBS: -4.299386879260789 g_PS1 2246.05 103.4344 19.12145144105938 0.05
OBS: 0.0 g_PS1 2632.9807 121.2532 18.948880797303442 0.05
OBS: 4.299386879260789 g_PS1 2296.267 105.747 19.097444035601963 0.05
OBS: 8.598773758521578 g_PS1 1627.0216 74.9271 19.471516692702163 0.05
OBS: 12.898160637782366 g_PS1 1008.8982 46.4615 19.990381591799636 0.05
OBS: 17.197547517043155 g_PS1 631.1112 29.0637 20.499735252479628 0.05
OBS: 21.496934396303942 g_PS1 417.0824 19.2074 20.949445330568334 0.05
OBS: 25.796321275564733 g_PS1 319.2959 14.7041 21.239516775554993 0.05
OBS: 30.095708154825523 g_PS1 285.6384 13.1541 21.360458642509517 0.05
OBS: 34.39509503408631 g_PS1 261.1115 12.0246 21.45793497443287 0.05
OBS: 38.6944819133471 g_PS1 224.8072 10.3528 21.62047437495067 0.05
OBS: -8.598773758521578 r_PS1 1166.8908 53.7373 19.8324244425243 0.05
OBS: -4.299386879260789 r_PS1 2025.2375 93.2656 19.233810074439617 0.05
OBS: 0.0 r_PS1 2577.7412 118.7094 18.97190171591327 0.05
OBS: 4.299386879260789 r_PS1 2540.5623 116.9972 18.98767537100344 0.05
OBS: 8.598773758521578 r_PS1 2176.1232 100.2142 19.155791288829903 0.05
OBS: 12.898160637782366 r_PS1 1759.4552 81.0259 19.386554497909295 0.05
OBS: 17.197547517043155 r_PS1 1454.8924 67.0003 19.592922809514732 0.05
OBS: 21.496934396303942 r_PS1 1252.2922 57.6702 19.755735770976067 0.05
OBS: 25.796321275564733 r_PS1 977.2332 45.0033 20.02500449652718 0.05
OBS: 30.095708154825523 r_PS1 702.9965 32.3742 20.382617114208458 0.05
OBS: 34.39509503408631 r_PS1 533.9907 24.5912 20.68116569164347 0.05
OBS: 38.6944819133471 r_PS1 458.4189 21.111 20.846843603619668 0.05
OBS: -8.598773758521578 i_PS1 1230.6678 56.6743 19.774647945938355 0.05
OBS: -4.299386879260789 i_PS1 2023.626 93.1914 19.23467439947894 0.05
OBS: 0.0 i_PS1 2239.1367 103.1161 19.124798485684515 0.05
OBS: 4.299386879260789 i_PS1 2095.7023 96.5107 19.196676001090154 0.05
OBS: 8.598773758521578 i_PS1 1676.0645 77.1856 19.43927315773567 0.05
OBS: 12.898160637782366 i_PS1 1421.2179 65.4495 19.618348335925617 0.05
OBS: 17.197547517043155 i_PS1 1498.7501 69.02 19.560676955498266 0.05
OBS: 21.496934396303942 i_PS1 1584.6224 72.9746 19.500185544167678 0.05
OBS: 25.796321275564733 i_PS1 1275.906 58.7576 19.735453283214355 0.05
OBS: 30.095708154825523 i_PS1 872.3377 40.1726 20.148288397698998 0.05
OBS: 34.39509503408631 i_PS1 626.7621 28.8635 20.507243157349706 0.05
OBS: 38.6944819133471 i_PS1 505.4536 23.277 20.74079685239768 0.05
OBS: -8.598773758521578 z_PS1 1053.935 48.5355 19.94296546843048 0.05
OBS: -4.299386879260789 z_PS1 1623.3195 74.7566 19.473989954201635 0.05
OBS: 0.0 z_PS1 1734.2079 79.8632 19.40224708297486 0.05
OBS: 4.299386879260789 z_PS1 1469.9081 67.6918 19.581774536701367 0.05
OBS: 8.598773758521578 z_PS1 1155.0909 53.1939 19.843459612404608 0.05
OBS: 12.898160637782366 z_PS1 1014.8473 46.7354 19.983998285439043 0.05
OBS: 17.197547517043155 z_PS1 1059.9759 48.8137 19.936759983559263 0.05
OBS: 21.496934396303942 z_PS1 1163.7863 53.5943 19.835316909772196 0.05
OBS: 25.796321275564733 z_PS1 1058.0164 48.7235 19.938768954772335 0.05
OBS: 30.095708154825523 z_PS1 821.9749 37.8533 20.212853632469496 0.05
OBS: 34.39509503408631 z_PS1 620.7528 28.5867 20.517703201925634 0.05
OBS: 38.6944819133471 z_PS1 495.3335 22.811 20.76275569988036 0.05
END: