# 98 
# SNANA-like file generated from user-provided data
# Zeropoint of the converted SNANA file: 27.5 mag
# -----------------------------------------------------------
# Data table created by: anonymous
# On date: 2023.03.14 (yyyy.mm.dd); 20.49 hrs (GMT).
# Script used: BayeSNmodel.io.write_snana_lcfile.py
# -----------------------------------------------------------
SNID: 98
MWEBV: 0
REDSHIFT_HELIO: 0.08225353166246668
REDSHIFT_CMB: 0.08225353166246668
REDSHIFT_CMB_ERR: 0.001
PEAKMJD: 0
FILTERS: g_PS1,i_PS1,r_PS1,z_PS1
# -----------------------------------------------------------
NOBS: 48
NVAR: 6
VARLIST: MJD FLT FLUXCAL FLUXCALERR MAG MAGERR
OBS: -8.658028253299733 g_PS1 1866.8219 85.9703 19.322242807058235 0.05
OBS: -4.3290141266498665 g_PS1 2867.6268 132.0591 18.856193406156482 0.05
OBS: 0.0 g_PS1 3029.9629 139.5349 18.79640671142305 0.05
OBS: 4.3290141266498665 g_PS1 2672.0463 123.0523 18.932890050748345 0.05
OBS: 8.658028253299733 g_PS1 2039.4821 93.9216 19.226200269314578 0.05
OBS: 12.9870423799496 g_PS1 1351.4019 62.2344 19.67303866300406 0.05
OBS: 17.316056506599466 g_PS1 865.7048 39.8672 20.15657548582625 0.05
OBS: 21.645070633249333 g_PS1 557.2662 25.6631 20.634843151470225 0.05
OBS: 25.9740847598992 g_PS1 398.287 18.3418 20.999509790123053 0.05
OBS: 30.303098886549066 g_PS1 326.1389 15.0193 21.21649357957722 0.05
OBS: 34.63211301319893 g_PS1 276.0376 12.712 21.397579271206187 0.05
OBS: 38.9611271398488 g_PS1 224.951 10.3594 21.61978029022386 0.05
OBS: -8.658028253299733 r_PS1 1700.6776 78.3191 19.423445016253964 0.05
OBS: -4.3290141266498665 r_PS1 2633.5662 121.2802 18.94863941573393 0.05
OBS: 0.0 r_PS1 3134.388 144.3439 18.759618098660418 0.05
OBS: 4.3290141266498665 r_PS1 3069.8375 141.3712 18.7822115312135 0.05
OBS: 8.658028253299733 r_PS1 2635.3899 121.3642 18.947887786951476 0.05
OBS: 12.9870423799496 r_PS1 1999.3761 92.0747 19.247763736857202 0.05
OBS: 17.316056506599466 r_PS1 1454.3607 66.9758 19.59331968566527 0.05
OBS: 21.645070633249333 r_PS1 1143.4455 52.6576 19.8544613128282 0.05
OBS: 25.9740847598992 r_PS1 935.7533 43.093 20.072096568696445 0.05
OBS: 30.303098886549066 r_PS1 741.2505 34.1358 20.325087568984294 0.05
OBS: 34.63211301319893 r_PS1 582.8518 26.8413 20.58610472617257 0.05
OBS: 38.9611271398488 r_PS1 478.8876 22.0536 20.7994160672635 0.05
OBS: -8.658028253299733 i_PS1 1494.4436 68.8217 19.563801205831254 0.05
OBS: -4.3290141266498665 i_PS1 2162.0474 99.566 19.162836983034843 0.05
OBS: 0.0 i_PS1 2197.5779 101.2022 19.145139289913374 0.05
OBS: 4.3290141266498665 i_PS1 1955.9932 90.0768 19.271581626126867 0.05
OBS: 8.658028253299733 i_PS1 1505.7044 69.3403 19.555650685155456 0.05
OBS: 12.9870423799496 i_PS1 1208.6353 55.6597 19.794261815607882 0.05
OBS: 17.316056506599466 i_PS1 1187.4121 54.6823 19.8134963511458 0.05
OBS: 21.645070633249333 i_PS1 1256.6836 57.8724 19.75193517353614 0.05
OBS: 25.9740847598992 i_PS1 1133.8691 52.2166 19.863592688542788 0.05
OBS: 30.303098886549066 i_PS1 896.1538 41.2694 20.119043636591186 0.05
OBS: 34.63211301319893 i_PS1 694.0449 31.962 20.396531025983954 0.05
OBS: 38.9611271398488 i_PS1 549.5454 25.3075 20.649991088780403 0.05
OBS: -8.658028253299733 z_PS1 1210.3287 55.7377 19.792741704340273 0.05
OBS: -4.3290141266498665 z_PS1 1630.681 75.0956 19.469077479064325 0.05
OBS: 0.0 z_PS1 1556.6433 71.6861 19.519527201606657 0.05
OBS: 4.3290141266498665 z_PS1 1230.1725 56.6515 19.775084996340112 0.05
OBS: 8.658028253299733 z_PS1 918.1949 42.2844 20.092662840039907 0.05
OBS: 12.9870423799496 z_PS1 780.2059 35.9298 20.26947696683775 0.05
OBS: 17.316056506599466 z_PS1 806.8322 37.156 20.233041995865513 0.05
OBS: 21.645070633249333 z_PS1 918.0697 42.2787 20.09281083390038 0.05
OBS: 25.9740847598992 z_PS1 903.7408 41.6188 20.109890237289306 0.05
OBS: 30.303098886549066 z_PS1 762.1739 35.0994 20.294864764543036 0.05
OBS: 34.63211301319893 z_PS1 604.8966 27.8565 20.54579715565849 0.05
OBS: 38.9611271398488 z_PS1 485.2291 22.3456 20.78513296592005 0.05
END: