# 983 
# SNANA-like file generated from user-provided data
# Zeropoint of the converted SNANA file: 27.5 mag
# -----------------------------------------------------------
# Data table created by: anonymous
# On date: 2023.03.14 (yyyy.mm.dd); 20.49 hrs (GMT).
# Script used: BayeSNmodel.io.write_snana_lcfile.py
# -----------------------------------------------------------
SNID: 983
MWEBV: 0
REDSHIFT_HELIO: 0.09410240264623548
REDSHIFT_CMB: 0.09410240264623548
REDSHIFT_CMB_ERR: 0.001
PEAKMJD: 0
FILTERS: g_PS1,i_PS1,r_PS1,z_PS1
# -----------------------------------------------------------
NOBS: 48
NVAR: 6
VARLIST: MJD FLT FLUXCAL FLUXCALERR MAG MAGERR
OBS: -8.752819221169883 g_PS1 1904.1249 87.6882 19.30076139566118 0.05
OBS: -4.3764096105849415 g_PS1 2384.547 109.8124 19.05648529986529 0.05
OBS: 0.0 g_PS1 2341.6127 107.8352 19.076212358421824 0.05
OBS: 4.3764096105849415 g_PS1 2286.3504 105.2903 19.102143016140285 0.05
OBS: 8.752819221169883 g_PS1 2043.259 94.0956 19.22419142565484 0.05
OBS: 13.129228831754824 g_PS1 1445.8217 66.5826 19.599713143188456 0.05
OBS: 17.505638442339766 g_PS1 911.8554 41.9925 20.100185060167103 0.05
OBS: 21.88204805292471 g_PS1 583.6997 26.8804 20.584526325200837 0.05
OBS: 26.25845766350965 g_PS1 425.0788 19.5756 20.9288262611492 0.05
OBS: 30.63486727409459 g_PS1 357.5306 16.4649 21.116717012611023 0.05
OBS: 35.01127688467953 g_PS1 300.7721 13.8511 21.304406002505072 0.05
OBS: 39.387686495264475 g_PS1 233.4007 10.7485 21.579744628003237 0.05
OBS: -8.752819221169883 r_PS1 1637.0503 75.389 19.464844971002996 0.05
OBS: -4.3764096105849415 r_PS1 2174.5951 100.1438 19.156553987712705 0.05
OBS: 0.0 r_PS1 2351.8671 108.3075 19.07146805321745 0.05
OBS: 4.3764096105849415 r_PS1 2290.2554 105.4702 19.100290233123403 0.05
OBS: 8.752819221169883 r_PS1 2065.462 95.118 19.212456980200557 0.05
OBS: 13.129228831754824 r_PS1 1673.2648 77.0567 19.441088325364042 0.05
OBS: 17.505638442339766 r_PS1 1297.8801 59.7696 19.71691358381854 0.05
OBS: 21.88204805292471 r_PS1 1083.06 49.8768 19.913368755461185 0.05
OBS: 26.25845766350965 r_PS1 971.2068 44.7257 20.03172075785919 0.05
OBS: 30.63486727409459 r_PS1 850.4349 39.164 20.1758973453311 0.05
OBS: 35.01127688467953 r_PS1 702.8839 32.369 20.38279097679051 0.05
OBS: 39.387686495264475 r_PS1 573.9135 26.4297 20.602883938608123 0.05
OBS: -8.752819221169883 i_PS1 1306.2933 60.157 19.709898252008806 0.05
OBS: -4.3764096105849415 i_PS1 1637.0402 75.3885 19.464851630788466 0.05
OBS: 0.0 i_PS1 1637.7901 75.423 19.464354384404743 0.05
OBS: 4.3764096105849415 i_PS1 1661.2918 76.5053 19.44888521532613 0.05
OBS: 8.752819221169883 i_PS1 1474.4372 67.9003 19.578434284976964 0.05
OBS: 13.129228831754824 i_PS1 1147.2925 52.8348 19.85081458539492 0.05
OBS: 17.505638442339766 i_PS1 942.2035 43.3901 20.064638172681434 0.05
OBS: 21.88204805292471 i_PS1 928.212 42.7457 20.080882076779545 0.05
OBS: 26.25845766350965 i_PS1 1042.8854 48.0266 19.954408487614373 0.05
OBS: 30.63486727409459 i_PS1 1129.1516 51.9994 19.868119321579947 0.05
OBS: 35.01127688467953 i_PS1 998.2223 45.9698 20.001931864545377 0.05
OBS: 39.387686495264475 i_PS1 695.4895 32.0285 20.394273622385498 0.05
OBS: -8.752819221169883 z_PS1 1205.2108 55.502 19.797342469990475 0.05
OBS: -4.3764096105849415 z_PS1 1335.6615 61.5095 19.685759012352776 0.05
OBS: 0.0 z_PS1 1166.7117 53.7291 19.832591110278862 0.05
OBS: 4.3764096105849415 z_PS1 995.2013 45.8307 20.005222613397947 0.05
OBS: 8.752819221169883 z_PS1 799.639 36.8247 20.242765019937686 0.05
OBS: 13.129228831754824 z_PS1 642.6339 29.5944 20.480090996248528 0.05
OBS: 17.505638442339766 z_PS1 556.8723 25.6449 20.635610881182217 0.05
OBS: 21.88204805292471 z_PS1 601.0626 27.68 20.552700740464665 0.05
OBS: 26.25845766350965 z_PS1 735.3983 33.8663 20.33369348853494 0.05
OBS: 30.63486727409459 z_PS1 854.4509 39.3489 20.170782212268286 0.05
OBS: 35.01127688467953 z_PS1 812.0846 37.3979 20.225996837129344 0.05
OBS: 39.387686495264475 z_PS1 626.6787 28.8596 20.507387651825738 0.05
END: