# 988 
# SNANA-like file generated from user-provided data
# Zeropoint of the converted SNANA file: 27.5 mag
# -----------------------------------------------------------
# Data table created by: anonymous
# On date: 2023.03.14 (yyyy.mm.dd); 20.49 hrs (GMT).
# Script used: BayeSNmodel.io.write_snana_lcfile.py
# -----------------------------------------------------------
SNID: 988
MWEBV: 0
REDSHIFT_HELIO: 0.08144456619726644
REDSHIFT_CMB: 0.08144456619726644
REDSHIFT_CMB_ERR: 0.001
PEAKMJD: 0
FILTERS: g_PS1,i_PS1,r_PS1,z_PS1
# -----------------------------------------------------------
NOBS: 48
NVAR: 6
VARLIST: MJD FLT FLUXCAL FLUXCALERR MAG MAGERR
OBS: -8.651556529578132 g_PS1 1103.2516 50.8066 19.893313551288838 0.05
OBS: -4.325778264789066 g_PS1 2530.2395 116.5218 18.992095917951143 0.05
OBS: 0.0 g_PS1 3280.1965 151.0586 18.71025035450393 0.05
OBS: 4.325778264789066 g_PS1 2733.8135 125.8968 18.908077808115454 0.05
OBS: 8.651556529578132 g_PS1 1775.5564 81.7674 19.376663790056117 0.05
OBS: 12.977334794367199 g_PS1 1057.7453 48.711 19.9390472813793 0.05
OBS: 17.303113059156264 g_PS1 670.7039 30.8871 20.433673000555697 0.05
OBS: 21.62889132394533 g_PS1 429.2404 19.7672 20.91824857394651 0.05
OBS: 25.954669588734397 g_PS1 280.3706 12.9115 21.380668960666906 0.05
OBS: 30.280447853523462 g_PS1 210.953 9.7147 21.689535537980017 0.05
OBS: 34.60622611831253 g_PS1 187.6192 8.6402 21.816807009521103 0.05
OBS: 38.93200438310159 g_PS1 186.2589 8.5775 21.824707591287538 0.05
OBS: -8.651556529578132 r_PS1 985.8684 45.4009 20.015452615927686 0.05
OBS: -4.325778264789066 r_PS1 2070.0377 95.3288 19.210054346222982 0.05
OBS: 0.0 r_PS1 2917.7787 134.3687 18.837369110965064 0.05
OBS: 4.325778264789066 r_PS1 2821.5233 129.936 18.873790894401807 0.05
OBS: 8.651556529578132 r_PS1 2218.8752 102.183 19.13466780405347 0.05
OBS: 12.977334794367199 r_PS1 1638.3214 75.4475 19.4640022545697 0.05
OBS: 17.303113059156264 r_PS1 1267.4958 58.3703 19.742633651092703 0.05
OBS: 21.62889132394533 r_PS1 1030.4925 47.4559 19.96738788379571 0.05
OBS: 25.954669588734397 r_PS1 747.617 34.429 20.3158021465891 0.05
OBS: 30.280447853523462 r_PS1 502.6936 23.1499 20.74674165633231 0.05
OBS: 34.60622611831253 r_PS1 378.5932 17.4349 21.054567928052542 0.05
OBS: 38.93200438310159 r_PS1 346.64 15.9634 21.15030317505886 0.05
OBS: -8.651556529578132 i_PS1 975.7929 44.9369 20.026605863326395 0.05
OBS: -4.325778264789066 i_PS1 1858.485 85.5864 19.327102360027645 0.05
OBS: 0.0 i_PS1 2186.9187 100.7113 19.150418392840052 0.05
OBS: 4.325778264789066 i_PS1 1907.5512 87.846 19.298809466092116 0.05
OBS: 8.651556529578132 i_PS1 1367.4058 62.9714 19.660256423354582 0.05
OBS: 12.977334794367199 i_PS1 1119.9793 51.577 19.87697499306114 0.05
OBS: 17.303113059156264 i_PS1 1234.0397 56.8296 19.7716772129902 0.05
OBS: 21.62889132394533 i_PS1 1374.5482 63.3003 19.654600031236797 0.05
OBS: 25.954669588734397 i_PS1 1109.1329 51.0775 19.887541010255546 0.05
OBS: 30.280447853523462 i_PS1 732.5123 33.7334 20.33796268835681 0.05
OBS: 34.60622611831253 i_PS1 506.4687 23.3237 20.73861840690921 0.05
OBS: 38.93200438310159 i_PS1 397.4392 18.3028 21.00182321925932 0.05
OBS: -8.651556529578132 z_PS1 864.7809 39.8246 20.15773473636949 0.05
OBS: -4.325778264789066 z_PS1 1450.6184 66.8034 19.596117012772943 0.05
OBS: 0.0 z_PS1 1552.6055 71.5001 19.522347167251027 0.05
OBS: 4.325778264789066 z_PS1 1196.1558 55.085 19.80553064948117 0.05
OBS: 8.651556529578132 z_PS1 829.4087 38.1957 20.20307852828187 0.05
OBS: 12.977334794367199 z_PS1 712.8037 32.8258 20.367575149633772 0.05
OBS: 17.303113059156264 z_PS1 808.3296 37.225 20.231028843875364 0.05
OBS: 21.62889132394533 z_PS1 973.7362 44.8422 20.02889666090963 0.05
OBS: 25.954669588734397 z_PS1 900.8441 41.4854 20.11337590982496 0.05
OBS: 30.280447853523462 z_PS1 670.1342 30.8608 20.43459556948703 0.05
OBS: 34.60622611831253 z_PS1 476.4906 21.9432 20.80486417289545 0.05
OBS: 38.93200438310159 z_PS1 357.5368 16.4652 21.11669811850168 0.05
END: