# 1147 
# SNANA-like file generated from user-provided data
# Zeropoint of the converted SNANA file: 27.5 mag
# -----------------------------------------------------------
# Data table created by: anonymous
# On date: 2023.03.14 (yyyy.mm.dd); 23.58 hrs (GMT).
# Script used: BayeSNmodel.io.write_snana_lcfile.py
# -----------------------------------------------------------
SNID: 1147
MWEBV: 0
REDSHIFT_HELIO: 0.08631337710121788
REDSHIFT_CMB: 0.08631337710121788
REDSHIFT_CMB_ERR: 0.001
PEAKMJD: 0
FILTERS: g_PS1,i_PS1,r_PS1,z_PS1
# -----------------------------------------------------------
NOBS: 48
NVAR: 6
VARLIST: MJD FLT FLUXCAL FLUXCALERR MAG MAGERR
OBS: -8.690507016809743 g_PS1 1468.6931 67.6358 19.58267238854509 0.05
OBS: -4.345253508404872 g_PS1 2386.2379 109.8903 19.055715642007645 0.05
OBS: 0.0 g_PS1 2722.1309 125.3588 18.912727477589165 0.05
OBS: 4.345253508404872 g_PS1 2434.2273 112.1003 19.034097162169097 0.05
OBS: 8.690507016809743 g_PS1 1683.1372 77.5113 19.43470121445513 0.05
OBS: 13.035760525214615 g_PS1 1122.3157 51.6845 19.874712424379407 0.05
OBS: 17.381014033619486 g_PS1 832.7832 38.3511 20.198670140103264 0.05
OBS: 21.72626754202436 g_PS1 564.9955 26.019 20.61988747173763 0.05
OBS: 26.07152105042923 g_PS1 377.4096 17.3804 21.057967553335867 0.05
OBS: 30.4167745588341 g_PS1 298.5881 13.7505 21.31231863374622 0.05
OBS: 34.76202806723897 g_PS1 251.0851 11.5629 21.500447728309467 0.05
OBS: 39.107281575643846 g_PS1 222.6727 10.2545 21.630832718976635 0.05
OBS: -8.690507016809743 r_PS1 1720.5887 79.236 19.41080734824736 0.05
OBS: -4.345253508404872 r_PS1 2449.4188 112.7999 19.027342382359738 0.05
OBS: 0.0 r_PS1 2775.985 127.8388 18.891457200854415 0.05
OBS: 4.345253508404872 r_PS1 2488.9087 114.6185 19.009977598606575 0.05
OBS: 8.690507016809743 r_PS1 2266.5525 104.3786 19.11158553750599 0.05
OBS: 13.035760525214615 r_PS1 1644.818 75.7467 19.459705365394584 0.05
OBS: 17.381014033619486 r_PS1 1547.9548 71.286 19.525604341214894 0.05
OBS: 21.72626754202436 r_PS1 1263.6076 58.1913 19.745969423943404 0.05
OBS: 26.07152105042923 r_PS1 1066.829 49.1293 19.92976298159442 0.05
OBS: 30.4167745588341 r_PS1 751.403 34.6034 20.310317705119026 0.05
OBS: 34.76202806723897 r_PS1 589.6584 27.1548 20.573498684284907 0.05
OBS: 39.107281575643846 r_PS1 489.1597 22.5266 20.776373420274535 0.05
OBS: -8.690507016809743 i_PS1 1650.858 76.0248 19.455725706285204 0.05
OBS: -4.345253508404872 i_PS1 2123.5405 97.7927 19.182348627159254 0.05
OBS: 0.0 i_PS1 2128.6899 98.0298 19.17971902442937 0.05
OBS: 4.345253508404872 i_PS1 1877.9983 86.485 19.315762025572422 0.05
OBS: 8.690507016809743 i_PS1 1419.4527 65.3682 19.619697668710852 0.05
OBS: 13.035760525214615 i_PS1 1231.1618 56.6971 19.774212130793828 0.05
OBS: 17.381014033619486 i_PS1 1176.4609 54.178 19.823556214553296 0.05
OBS: 21.72626754202436 i_PS1 1388.608 63.9478 19.64355081425958 0.05
OBS: 26.07152105042923 i_PS1 1205.9156 55.5345 19.796707738110378 0.05
OBS: 30.4167745588341 i_PS1 934.2349 43.0231 20.073859830693564 0.05
OBS: 34.76202806723897 i_PS1 733.3602 33.7725 20.336706664154804 0.05
OBS: 39.107281575643846 i_PS1 634.4844 29.2191 20.49394767587723 0.05
OBS: -8.690507016809743 z_PS1 1129.0172 51.9932 19.86824855646285 0.05
OBS: -4.345253508404872 z_PS1 1684.2094 77.5607 19.434009794250063 0.05
OBS: 0.0 z_PS1 1543.6264 71.0866 19.52864448846756 0.05
OBS: 4.345253508404872 z_PS1 1353.5152 62.3317 19.671342147548128 0.05
OBS: 8.690507016809743 z_PS1 968.5243 44.6022 20.034723694764985 0.05
OBS: 13.035760525214615 z_PS1 764.0474 35.1857 20.29219929473378 0.05
OBS: 17.381014033619486 z_PS1 769.8915 35.4548 20.2839262484928 0.05
OBS: 21.72626754202436 z_PS1 815.279 37.545 20.221734313645886 0.05
OBS: 26.07152105042923 z_PS1 862.6463 39.7263 20.160418055948636 0.05
OBS: 30.4167745588341 z_PS1 783.4838 36.0808 20.2649249014205 0.05
OBS: 34.76202806723897 z_PS1 667.4274 30.7362 20.438989839890237 0.05
OBS: 39.107281575643846 z_PS1 492.5689 22.6836 20.768832460939453 0.05
END: