# 12 
# SNANA-like file generated from user-provided data
# Zeropoint of the converted SNANA file: 27.5 mag
# -----------------------------------------------------------
# Data table created by: anonymous
# On date: 2023.03.14 (yyyy.mm.dd); 23.58 hrs (GMT).
# Script used: BayeSNmodel.io.write_snana_lcfile.py
# -----------------------------------------------------------
SNID: 12
MWEBV: 0
REDSHIFT_HELIO: 0.09896667333183493
REDSHIFT_CMB: 0.09896667333183493
REDSHIFT_CMB_ERR: 0.001
PEAKMJD: 0
FILTERS: g_PS1,i_PS1,r_PS1,z_PS1
# -----------------------------------------------------------
NOBS: 48
NVAR: 6
VARLIST: MJD FLT FLUXCAL FLUXCALERR MAG MAGERR
OBS: -8.791733386654679 g_PS1 905.562 41.7027 20.107704532965556 0.05
OBS: -4.395866693327339 g_PS1 1738.8182 80.0755 19.399364537589506 0.05
OBS: 0.0 g_PS1 1958.4635 90.1906 19.27021129851831 0.05
OBS: 4.395866693327339 g_PS1 1537.1103 70.7865 19.53323742117262 0.05
OBS: 8.791733386654679 g_PS1 1264.9585 58.2535 19.744809333512723 0.05
OBS: 13.187600079982019 g_PS1 787.2949 36.2563 20.25965638598212 0.05
OBS: 17.583466773309357 g_PS1 545.7742 25.1338 20.657467484606922 0.05
OBS: 21.979333466636696 g_PS1 390.0094 17.9606 21.02231243640946 0.05
OBS: 26.375200159964038 g_PS1 238.9276 11.003 21.554334046272555 0.05
OBS: 30.771066853291376 g_PS1 174.2856 8.0262 21.896845996495447 0.05
OBS: 35.166933546618715 g_PS1 145.8604 6.7171 22.090156172073243 0.05
OBS: 39.56280023994606 g_PS1 140.9997 6.4933 22.126954549532297 0.05
OBS: -8.791733386654679 r_PS1 891.8602 41.0717 20.124258028423686 0.05
OBS: -4.395866693327339 r_PS1 1613.4047 74.3 19.48064170655404 0.05
OBS: 0.0 r_PS1 1978.7039 91.1227 19.25904798032377 0.05
OBS: 4.395866693327339 r_PS1 1803.6816 83.0626 19.359600335364572 0.05
OBS: 8.791733386654679 r_PS1 1437.5825 66.2031 19.60591802450327 0.05
OBS: 13.187600079982019 r_PS1 1150.5395 52.9843 19.847746194200457 0.05
OBS: 17.583466773309357 r_PS1 866.2947 39.8943 20.155835873594746 0.05
OBS: 21.979333466636696 r_PS1 788.8945 36.3299 20.257452679848942 0.05
OBS: 26.375200159964038 r_PS1 545.3504 25.1143 20.658310992184997 0.05
OBS: 30.771066853291376 r_PS1 455.6679 20.9843 20.853378925288414 0.05
OBS: 35.166933546618715 r_PS1 347.1631 15.9875 21.148665996562055 0.05
OBS: 39.56280023994606 r_PS1 318.8711 14.6846 21.24096215167635 0.05
OBS: -8.791733386654679 i_PS1 792.8171 36.5106 20.25206749191364 0.05
OBS: -4.395866693327339 i_PS1 1317.7478 60.6845 19.70041921825184 0.05
OBS: 0.0 i_PS1 1421.0924 65.4437 19.618444240143972 0.05
OBS: 4.395866693327339 i_PS1 1291.9714 59.4975 19.721867721643555 0.05
OBS: 8.791733386654679 i_PS1 948.8239 43.695 20.05703592404832 0.05
OBS: 13.187600079982019 i_PS1 824.0337 37.9482 20.210137578823343 0.05
OBS: 17.583466773309357 i_PS1 801.505 36.9107 20.240234383934897 0.05
OBS: 21.979333466636696 i_PS1 833.4642 38.3824 20.197782672815745 0.05
OBS: 26.375200159964038 i_PS1 831.2656 38.2812 20.200650525124548 0.05
OBS: 30.771066853291376 i_PS1 638.7465 29.4154 20.486678684343904 0.05
OBS: 35.166933546618715 i_PS1 453.4247 20.881 20.85873703517342 0.05
OBS: 39.56280023994606 i_PS1 346.8328 15.9722 21.149699639725505 0.05
OBS: -8.791733386654679 z_PS1 683.9004 31.4948 20.41251788627903 0.05
OBS: -4.395866693327339 z_PS1 1016.6132 46.8168 19.98211063434521 0.05
OBS: 0.0 z_PS1 1010.2636 46.5244 19.98891324084914 0.05
OBS: 4.395866693327339 z_PS1 819.5305 37.7408 20.216087204996715 0.05
OBS: 8.791733386654679 z_PS1 620.1321 28.5581 20.51878949246422 0.05
OBS: 13.187600079982019 z_PS1 492.0547 22.66 20.7699665877464 0.05
OBS: 17.583466773309357 z_PS1 454.4744 20.9293 20.85622634102579 0.05
OBS: 21.979333466636696 z_PS1 565.6242 26.048 20.618680104963673 0.05
OBS: 26.375200159964038 z_PS1 606.7159 27.9403 20.542536572515907 0.05
OBS: 30.771066853291376 z_PS1 482.7451 22.2312 20.79070527316645 0.05
OBS: 35.166933546618715 z_PS1 396.1638 18.244 21.005312958583435 0.05
OBS: 39.56280023994606 z_PS1 324.9632 14.9651 21.220414391783994 0.05
END: