# 1460 
# SNANA-like file generated from user-provided data
# Zeropoint of the converted SNANA file: 27.5 mag
# -----------------------------------------------------------
# Data table created by: anonymous
# On date: 2023.03.14 (yyyy.mm.dd); 23.58 hrs (GMT).
# Script used: BayeSNmodel.io.write_snana_lcfile.py
# -----------------------------------------------------------
SNID: 1460
MWEBV: 0
REDSHIFT_HELIO: 0.07776527767030755
REDSHIFT_CMB: 0.07776527767030755
REDSHIFT_CMB_ERR: 0.001
PEAKMJD: 0
FILTERS: g_PS1,i_PS1,r_PS1,z_PS1
# -----------------------------------------------------------
NOBS: 48
NVAR: 6
VARLIST: MJD FLT FLUXCAL FLUXCALERR MAG MAGERR
OBS: -8.62212222136246 g_PS1 2266.535 104.3778 19.11159392607875 0.05
OBS: -4.31106111068123 g_PS1 2871.601 132.2421 18.85468975768383 0.05
OBS: 0.0 g_PS1 2804.8013 129.1659 18.880244769175846 0.05
OBS: 4.31106111068123 g_PS1 2369.3563 109.1129 19.063424046814188 0.05
OBS: 8.62212222136246 g_PS1 2054.6868 94.6218 19.218135916988313 0.05
OBS: 12.93318333204369 g_PS1 1417.7038 65.2877 19.621036253723346 0.05
OBS: 17.24424444272492 g_PS1 1009.8915 46.5072 19.989313246886592 0.05
OBS: 21.55530555340615 g_PS1 564.2965 25.9868 20.62123158194139 0.05
OBS: 25.86636666408738 g_PS1 441.9838 20.3541 20.88648406177867 0.05
OBS: 30.17742777476861 g_PS1 300.7554 13.8503 21.304466309762095 0.05
OBS: 34.48848888544984 g_PS1 287.0307 13.2183 21.35517929076224 0.05
OBS: 38.79954999613107 g_PS1 210.6652 9.7015 21.691018062324016 0.05
OBS: -8.62212222136246 r_PS1 2138.5578 98.4842 19.174697500258755 0.05
OBS: -4.31106111068123 r_PS1 2580.3203 118.8281 18.970815958181408 0.05
OBS: 0.0 r_PS1 2729.8887 125.716 18.909637660095793 0.05
OBS: 4.31106111068123 r_PS1 2974.2953 136.9714 18.816539778335965 0.05
OBS: 8.62212222136246 r_PS1 2682.0813 123.5144 18.928820162740188 0.05
OBS: 12.93318333204369 r_PS1 2022.0727 93.1199 19.235508063110903 0.05
OBS: 17.24424444272492 r_PS1 1579.5519 72.7411 19.503665247637358 0.05
OBS: 21.55530555340615 r_PS1 1187.5752 54.6899 19.81334718998103 0.05
OBS: 25.86636666408738 r_PS1 1000.6618 46.0822 19.999281732698343 0.05
OBS: 30.17742777476861 r_PS1 804.4374 37.0457 20.23626940284896 0.05
OBS: 34.48848888544984 r_PS1 653.2059 30.0812 20.462374820791354 0.05
OBS: 38.79954999613107 r_PS1 556.7027 25.6371 20.63594163648138 0.05
OBS: -8.62212222136246 i_PS1 2083.5939 95.953 19.202967293380055 0.05
OBS: -4.31106111068123 i_PS1 2056.2796 94.6952 19.217294588024842 0.05
OBS: 0.0 i_PS1 2259.2384 104.0418 19.115094850587102 0.05
OBS: 4.31106111068123 i_PS1 2018.3406 92.948 19.237513882466708 0.05
OBS: 8.62212222136246 i_PS1 1905.2143 87.7384 19.300140411776958 0.05
OBS: 12.93318333204369 i_PS1 1352.7006 62.2942 19.67199578154402 0.05
OBS: 17.24424444272492 i_PS1 1133.2894 52.1899 19.864147979280464 0.05
OBS: 21.55530555340615 i_PS1 1061.1249 48.8666 19.935583725960473 0.05
OBS: 25.86636666408738 i_PS1 1238.9727 57.0568 19.76734563525182 0.05
OBS: 30.17742777476861 i_PS1 1036.4587 47.7307 19.961120048310658 0.05
OBS: 34.48848888544984 i_PS1 837.6109 38.5734 20.192394164315182 0.05
OBS: 38.79954999613107 i_PS1 653.5859 30.0987 20.4617433212841 0.05
OBS: -8.62212222136246 z_PS1 1889.926 87.0343 19.30888799897661 0.05
OBS: -4.31106111068123 z_PS1 2012.4012 92.6745 19.24071357833391 0.05
OBS: 0.0 z_PS1 1673.8449 77.0834 19.440711977007787 0.05
OBS: 4.31106111068123 z_PS1 1264.1222 58.215 19.745527338978782 0.05
OBS: 8.62212222136246 z_PS1 1086.4696 50.0338 19.90995605529605 0.05
OBS: 12.93318333204369 z_PS1 889.8252 40.978 20.126738226166914 0.05
OBS: 17.24424444272492 z_PS1 753.6089 34.705 20.3071350121616 0.05
OBS: 21.55530555340615 z_PS1 846.1375 38.9661 20.18139764639917 0.05
OBS: 25.86636666408738 z_PS1 830.086 38.2269 20.202192319226768 0.05
OBS: 30.17742777476861 z_PS1 906.6065 41.7508 20.10645287111833 0.05
OBS: 34.48848888544984 z_PS1 714.3625 32.8976 20.365203383306692 0.05
OBS: 38.79954999613107 z_PS1 547.1637 25.1978 20.65470676864089 0.05
END: