# 1646 
# SNANA-like file generated from user-provided data
# Zeropoint of the converted SNANA file: 27.5 mag
# -----------------------------------------------------------
# Data table created by: anonymous
# On date: 2023.03.14 (yyyy.mm.dd); 23.58 hrs (GMT).
# Script used: BayeSNmodel.io.write_snana_lcfile.py
# -----------------------------------------------------------
SNID: 1646
MWEBV: 0
REDSHIFT_HELIO: 0.05740039061758511
REDSHIFT_CMB: 0.05740039061758511
REDSHIFT_CMB_ERR: 0.001
PEAKMJD: 0
FILTERS: g_PS1,i_PS1,r_PS1,z_PS1
# -----------------------------------------------------------
NOBS: 48
NVAR: 6
VARLIST: MJD FLT FLUXCAL FLUXCALERR MAG MAGERR
OBS: -8.45920312494068 g_PS1 1229.138 56.6039 19.77599838720387 0.05
OBS: -4.22960156247034 g_PS1 2503.2489 115.2789 19.003739923618923 0.05
OBS: 0.0 g_PS1 3291.3097 151.5704 18.706578111422846 0.05
OBS: 4.22960156247034 g_PS1 2749.5022 126.6193 18.901864813957474 0.05
OBS: 8.45920312494068 g_PS1 1919.5877 88.4003 19.291980120223048 0.05
OBS: 12.688804687411022 g_PS1 1234.4618 56.8491 19.771305832283073 0.05
OBS: 16.91840624988136 g_PS1 730.8094 33.655 20.340489747877548 0.05
OBS: 21.1480078123517 g_PS1 507.7139 23.3811 20.73595242143499 0.05
OBS: 25.377609374822043 g_PS1 360.5829 16.6055 21.10748729963965 0.05
OBS: 29.607210937292383 g_PS1 255.3472 11.7592 21.482172327380418 0.05
OBS: 33.83681249976272 g_PS1 224.4743 10.3374 21.62208350697201 0.05
OBS: 38.066414062233065 g_PS1 198.7017 9.1506 21.75449597808472 0.05
OBS: -8.45920312494068 r_PS1 1423.3715 65.5487 19.61670430776844 0.05
OBS: -4.22960156247034 r_PS1 2598.6757 119.6734 18.96311977268633 0.05
OBS: 0.0 r_PS1 3244.3546 149.408 18.722179222617715 0.05
OBS: 4.22960156247034 r_PS1 3102.1911 142.8612 18.770828620218225 0.05
OBS: 8.45920312494068 r_PS1 2333.2982 107.4524 19.080074381367115 0.05
OBS: 12.688804687411022 r_PS1 2035.0593 93.7179 19.22855730927144 0.05
OBS: 16.91840624988136 r_PS1 1476.6754 68.0034 19.57678737534097 0.05
OBS: 21.1480078123517 r_PS1 1326.8754 61.1049 19.692924672825256 0.05
OBS: 25.377609374822043 r_PS1 1179.1633 54.3025 19.82106510536479 0.05
OBS: 29.607210937292383 r_PS1 706.0184 32.5133 20.377960005082887 0.05
OBS: 33.83681249976272 r_PS1 585.4651 26.9617 20.581247452038905 0.05
OBS: 38.066414062233065 r_PS1 533.5968 24.573 20.68196693136721 0.05
OBS: -8.45920312494068 i_PS1 1386.8575 63.8671 19.644920375593728 0.05
OBS: -4.22960156247034 i_PS1 2230.3165 102.7099 19.129083746838226 0.05
OBS: 0.0 i_PS1 2427.3167 111.7821 19.03718389041113 0.05
OBS: 4.22960156247034 i_PS1 1994.9497 91.8708 19.250170105209243 0.05
OBS: 8.45920312494068 i_PS1 1598.0125 73.5912 19.49104953826045 0.05
OBS: 12.688804687411022 i_PS1 1235.9608 56.9181 19.769988280260236 0.05
OBS: 16.91840624988136 i_PS1 1313.7632 60.501 19.70370723799241 0.05
OBS: 21.1480078123517 i_PS1 1469.1588 67.6573 19.58232813838242 0.05
OBS: 25.377609374822043 i_PS1 1181.4379 54.4072 19.818972731019482 0.05
OBS: 29.607210937292383 i_PS1 813.0605 37.4428 20.224692868672214 0.05
OBS: 33.83681249976272 i_PS1 641.5099 29.5426 20.481991552931824 0.05
OBS: 38.066414062233065 i_PS1 514.3307 23.6858 20.721893783545163 0.05
OBS: -8.45920312494068 z_PS1 1470.8264 67.7341 19.581096486755435 0.05
OBS: -4.22960156247034 z_PS1 2226.5381 102.5359 19.1309246752533 0.05
OBS: 0.0 z_PS1 2398.937 110.4751 19.04995287673513 0.05
OBS: 4.22960156247034 z_PS1 1788.138 82.3468 19.36899740052248 0.05
OBS: 8.45920312494068 z_PS1 1327.02 61.1115 19.692806299228288 0.05
OBS: 12.688804687411022 z_PS1 1142.974 52.6359 19.854909101077137 0.05
OBS: 16.91840624988136 z_PS1 1261.1949 58.0802 19.748044462158983 0.05
OBS: 21.1480078123517 z_PS1 1396.0177 64.289 19.6377726593962 0.05
OBS: 25.377609374822043 z_PS1 1244.1566 57.2955 19.762812347898773 0.05
OBS: 29.607210937292383 z_PS1 911.2868 41.9663 20.100862294130465 0.05
OBS: 33.83681249976272 z_PS1 636.1632 29.2964 20.491078581467416 0.05
OBS: 38.066414062233065 z_PS1 516.9794 23.8078 20.71631698711902 0.05
END: