# 1971 
# SNANA-like file generated from user-provided data
# Zeropoint of the converted SNANA file: 27.5 mag
# -----------------------------------------------------------
# Data table created by: anonymous
# On date: 2023.03.14 (yyyy.mm.dd); 23.58 hrs (GMT).
# Script used: BayeSNmodel.io.write_snana_lcfile.py
# -----------------------------------------------------------
SNID: 1971
MWEBV: 0
REDSHIFT_HELIO: 0.07087336552176757
REDSHIFT_CMB: 0.07087336552176757
REDSHIFT_CMB_ERR: 0.001
PEAKMJD: 0
FILTERS: g_PS1,i_PS1,r_PS1,z_PS1
# -----------------------------------------------------------
NOBS: 48
NVAR: 6
VARLIST: MJD FLT FLUXCAL FLUXCALERR MAG MAGERR
OBS: -8.56698692417414 g_PS1 1313.4606 60.4871 19.703957376789667 0.05
OBS: -4.28349346208707 g_PS1 2317.6745 106.7329 19.087368882768995 0.05
OBS: 0.0 g_PS1 2829.4227 130.2997 18.870755428598805 0.05
OBS: 4.28349346208707 g_PS1 2619.4445 120.6299 18.95447699043117 0.05
OBS: 8.56698692417414 g_PS1 1965.1089 90.4966 19.26653342267098 0.05
OBS: 12.85048038626121 g_PS1 1424.1652 65.5852 19.61609910349606 0.05
OBS: 17.13397384834828 g_PS1 897.7212 41.3416 20.117146353708254 0.05
OBS: 21.41746731043535 g_PS1 620.8558 28.5915 20.5175232139876 0.05
OBS: 25.70096077252242 g_PS1 478.1904 22.0215 20.800997790637826 0.05
OBS: 29.98445423460949 g_PS1 313.9889 14.4597 21.257714278548438 0.05
OBS: 34.26794769669656 g_PS1 253.7383 11.6851 21.489034861906465 0.05
OBS: 38.55144115878363 g_PS1 229.7842 10.582 21.596699371539916 0.05
OBS: -8.56698692417414 r_PS1 1504.6936 69.2937 19.55637980295117 0.05
OBS: -4.28349346208707 r_PS1 2559.406 117.865 18.97965204920615 0.05
OBS: 0.0 r_PS1 3014.8784 138.8403 18.80182551174831 0.05
OBS: 4.28349346208707 r_PS1 3105.1211 142.9961 18.76980364469403 0.05
OBS: 8.56698692417414 r_PS1 2839.509 130.7642 18.866891894459734 0.05
OBS: 12.85048038626121 r_PS1 2185.1535 100.63 19.151295130346924 0.05
OBS: 17.13397384834828 r_PS1 1741.2198 80.1861 19.397865982109618 0.05
OBS: 21.41746731043535 r_PS1 1470.6189 67.7245 19.58124964820569 0.05
OBS: 25.70096077252242 r_PS1 1138.6602 52.4372 19.859014655619543 0.05
OBS: 29.98445423460949 r_PS1 954.6523 43.9634 20.050386903682284 0.05
OBS: 34.26794769669656 r_PS1 740.8628 34.118 20.325655553652307 0.05
OBS: 38.55144115878363 r_PS1 570.5108 26.273 20.60934037877137 0.05
OBS: -8.56698692417414 i_PS1 1416.6479 65.239 19.621845221592782 0.05
OBS: -4.28349346208707 i_PS1 2109.8348 97.1615 19.18937886203159 0.05
OBS: 0.0 i_PS1 2262.4213 104.1884 19.113566278085333 0.05
OBS: 4.28349346208707 i_PS1 2115.5753 97.4258 19.186428760114893 0.05
OBS: 8.56698692417414 i_PS1 1600.3869 73.7005 19.489437528674536 0.05
OBS: 12.85048038626121 i_PS1 1182.5767 54.4597 19.81792670410909 0.05
OBS: 17.13397384834828 i_PS1 1325.5968 61.046 19.69397141454936 0.05
OBS: 21.41746731043535 i_PS1 1438.5791 66.249 19.60516564289936 0.05
OBS: 25.70096077252242 i_PS1 1309.9542 60.3256 19.70685974434162 0.05
OBS: 29.98445423460949 i_PS1 1138.9984 52.4528 19.858692224280617 0.05
OBS: 34.26794769669656 i_PS1 941.5268 43.3589 20.065418261680676 0.05
OBS: 38.55144115878363 i_PS1 787.9929 36.2884 20.258694196192376 0.05
OBS: -8.56698692417414 z_PS1 1249.4859 57.541 19.758171618914627 0.05
OBS: -4.28349346208707 z_PS1 1975.8248 90.9901 19.260628894040675 0.05
OBS: 0.0 z_PS1 1936.5163 89.1799 19.282447083280942 0.05
OBS: 4.28349346208707 z_PS1 1554.9642 71.6087 19.520698989298758 0.05
OBS: 8.56698692417414 z_PS1 1201.8584 55.3476 19.800366698888137 0.05
OBS: 12.85048038626121 z_PS1 962.3757 44.319 20.04163841393275 0.05
OBS: 17.13397384834828 z_PS1 1014.3228 46.7113 19.984559566629613 0.05
OBS: 21.41746731043535 z_PS1 1160.4846 53.4423 19.838401541246913 0.05
OBS: 25.70096077252242 z_PS1 1062.6384 48.9363 19.934036255521765 0.05
OBS: 29.98445423460949 z_PS1 885.7291 40.7893 20.131747664410383 0.05
OBS: 34.26794769669656 z_PS1 763.0886 35.1415 20.293562540786123 0.05
OBS: 38.55144115878363 z_PS1 619.3769 28.5234 20.520112547890832 0.05
END: