# 2099 
# SNANA-like file generated from user-provided data
# Zeropoint of the converted SNANA file: 27.5 mag
# -----------------------------------------------------------
# Data table created by: anonymous
# On date: 2023.03.14 (yyyy.mm.dd); 23.58 hrs (GMT).
# Script used: BayeSNmodel.io.write_snana_lcfile.py
# -----------------------------------------------------------
SNID: 2099
MWEBV: 0
REDSHIFT_HELIO: 0.06196651685771756
REDSHIFT_CMB: 0.06196651685771756
REDSHIFT_CMB_ERR: 0.001
PEAKMJD: 0
FILTERS: g_PS1,i_PS1,r_PS1,z_PS1
# -----------------------------------------------------------
NOBS: 48
NVAR: 6
VARLIST: MJD FLT FLUXCAL FLUXCALERR MAG MAGERR
OBS: -8.49573213486174 g_PS1 3355.8104 154.5408 18.685506460686742 0.05
OBS: -4.24786606743087 g_PS1 5155.2869 237.4097 18.219367904998425 0.05
OBS: 0.0 g_PS1 5772.6694 265.8412 18.096558291121045 0.05
OBS: 4.24786606743087 g_PS1 4431.2118 204.0648 18.38369373444977 0.05
OBS: 8.49573213486174 g_PS1 3626.2273 166.9939 18.601362441283488 0.05
OBS: 12.74359820229261 g_PS1 2497.3354 115.0065 19.006307801487377 0.05
OBS: 16.99146426972348 g_PS1 1762.467 81.1646 19.384697498976006 0.05
OBS: 21.23933033715435 g_PS1 1053.7269 48.5259 19.943179854443773 0.05
OBS: 25.48719640458522 g_PS1 761.1188 35.0508 20.296368823966194 0.05
OBS: 29.73506247201609 g_PS1 647.3184 29.8101 20.472205041097126 0.05
OBS: 33.98292853944696 g_PS1 596.5709 27.4731 20.560844837002616 0.05
OBS: 38.23079460687783 g_PS1 461.896 21.2711 20.8386396006476 0.05
OBS: -8.49573213486174 r_PS1 3367.9789 155.1012 18.681576582309155 0.05
OBS: -4.24786606743087 r_PS1 4611.3455 212.3603 18.340430838484664 0.05
OBS: 0.0 r_PS1 5479.9124 252.3593 18.153065959374338 0.05
OBS: 4.24786606743087 r_PS1 5811.1477 267.6132 18.08934521998997 0.05
OBS: 8.49573213486174 r_PS1 4836.9207 222.7484 18.288577580726372 0.05
OBS: 12.74359820229261 r_PS1 4042.5941 186.1683 18.483349655636072 0.05
OBS: 16.99146426972348 r_PS1 3038.2231 139.9153 18.793450863888147 0.05
OBS: 21.23933033715435 r_PS1 2540.1013 116.976 18.987872424561388 0.05
OBS: 25.48719640458522 r_PS1 2086.1073 96.0688 19.201658373679887 0.05
OBS: 29.73506247201609 r_PS1 1728.4702 79.599 19.40584525434259 0.05
OBS: 33.98292853944696 r_PS1 1237.9223 57.0084 19.768266532057194 0.05
OBS: 38.23079460687783 r_PS1 1133.5497 52.2019 19.86389860233321 0.05
OBS: -8.49573213486174 i_PS1 2726.6012 125.5646 18.91094594731395 0.05
OBS: -4.24786606743087 i_PS1 3754.1322 172.8842 18.5637260924741 0.05
OBS: 0.0 i_PS1 3858.2311 177.6781 18.534029394556615 0.05
OBS: 4.24786606743087 i_PS1 3688.9152 169.8808 18.58275331337164 0.05
OBS: 8.49573213486174 i_PS1 2899.0785 133.5075 18.844350074571935 0.05
OBS: 12.74359820229261 i_PS1 2335.1002 107.5353 19.0792361830133 0.05
OBS: 16.99146426972348 i_PS1 2112.7603 97.2962 19.18787443227924 0.05
OBS: 21.23933033715435 i_PS1 2359.1146 108.6412 19.0681274126106 0.05
OBS: 25.48719640458522 i_PS1 2158.7064 99.4121 19.16451603879941 0.05
OBS: 29.73506247201609 i_PS1 1646.5034 75.8243 19.458593398767643 0.05
OBS: 33.98292853944696 i_PS1 1378.9913 63.5049 19.651096187207408 0.05
OBS: 38.23079460687783 i_PS1 1077.3288 49.6128 19.919129307323765 0.05
OBS: -8.49573213486174 z_PS1 2052.5213 94.5221 19.219280820934717 0.05
OBS: -4.24786606743087 z_PS1 2849.2094 131.2109 18.863189096363666 0.05
OBS: 0.0 z_PS1 2694.3558 124.0797 18.923862624916826 0.05
OBS: 4.24786606743087 z_PS1 2602.1546 119.8336 18.96166728182552 0.05
OBS: 8.49573213486174 z_PS1 1934.903 89.1056 19.28335201773982 0.05
OBS: 12.74359820229261 z_PS1 1582.8898 72.8948 19.50137329275494 0.05
OBS: 16.99146426972348 z_PS1 1587.1073 73.089 19.498484257823726 0.05
OBS: 21.23933033715435 z_PS1 1862.8081 85.7855 19.324579722950553 0.05
OBS: 25.48719640458522 z_PS1 1723.3971 79.3654 19.409036627412842 0.05
OBS: 29.73506247201609 z_PS1 1333.643 61.4165 19.687401060667412 0.05
OBS: 33.98292853944696 z_PS1 1193.8215 54.9775 19.807651527061257 0.05
OBS: 38.23079460687783 z_PS1 981.5806 45.2035 20.02018508688319 0.05
END: