# 2385 
# SNANA-like file generated from user-provided data
# Zeropoint of the converted SNANA file: 27.5 mag
# -----------------------------------------------------------
# Data table created by: anonymous
# On date: 2023.03.14 (yyyy.mm.dd); 23.58 hrs (GMT).
# Script used: BayeSNmodel.io.write_snana_lcfile.py
# -----------------------------------------------------------
SNID: 2385
MWEBV: 0
REDSHIFT_HELIO: 0.0823461812519568
REDSHIFT_CMB: 0.0823461812519568
REDSHIFT_CMB_ERR: 0.001
PEAKMJD: 0
FILTERS: g_PS1,i_PS1,r_PS1,z_PS1
# -----------------------------------------------------------
NOBS: 48
NVAR: 6
VARLIST: MJD FLT FLUXCAL FLUXCALERR MAG MAGERR
OBS: -8.658769450015654 g_PS1 2235.6822 102.957 19.126474840467804 0.05
OBS: -4.329384725007827 g_PS1 3263.6356 150.296 18.715745846304753 0.05
OBS: 0.0 g_PS1 3603.3193 165.939 18.60824314528552 0.05
OBS: 4.329384725007827 g_PS1 2864.9984 131.9381 18.857189041270104 0.05
OBS: 8.658769450015654 g_PS1 2405.0757 110.7578 19.047178112483994 0.05
OBS: 12.988154175023482 g_PS1 1776.5583 81.8135 19.376051361584462 0.05
OBS: 17.31753890003131 g_PS1 1116.3325 51.409 19.88051609800724 0.05
OBS: 21.646923625039136 g_PS1 683.2127 31.4631 20.413610138683772 0.05
OBS: 25.976308350046963 g_PS1 511.4633 23.5538 20.72796387001374 0.05
OBS: 30.30569307505479 g_PS1 415.2782 19.1243 20.95415206654476 0.05
OBS: 34.63507780006262 g_PS1 317.081 14.6021 21.24707455732776 0.05
OBS: 38.964462525070445 g_PS1 280.0751 12.8979 21.381813668278998 0.05
OBS: -8.658769450015654 r_PS1 2054.5438 94.6152 19.21821148066425 0.05
OBS: -4.329384725007827 r_PS1 3004.7998 138.3761 18.80546114257064 0.05
OBS: 0.0 r_PS1 3207.8121 147.7252 18.734477704898445 0.05
OBS: 4.329384725007827 r_PS1 3049.9038 140.4533 18.78928464448407 0.05
OBS: 8.658769450015654 r_PS1 2733.3737 125.8765 18.908252467861033 0.05
OBS: 12.988154175023482 r_PS1 2134.4652 98.2958 19.17677732567542 0.05
OBS: 17.31753890003131 r_PS1 1647.9471 75.8908 19.457641800853942 0.05
OBS: 21.646923625039136 r_PS1 1397.7931 64.3708 19.636392784172543 0.05
OBS: 25.976308350046963 r_PS1 1134.4598 52.2438 19.863027237601113 0.05
OBS: 30.30569307505479 r_PS1 857.671 39.4972 20.16669814879325 0.05
OBS: 34.63507780006262 r_PS1 773.2987 35.6117 20.279131764662072 0.05
OBS: 38.964462525070445 r_PS1 586.2023 26.9956 20.57988115995307 0.05
OBS: -8.658769450015654 i_PS1 1437.8257 66.2143 19.605734373637635 0.05
OBS: -4.329384725007827 i_PS1 2103.1446 96.8534 19.19282714610261 0.05
OBS: 0.0 i_PS1 2207.6775 101.6673 19.140160918454306 0.05
OBS: 4.329384725007827 i_PS1 2043.6126 94.1118 19.224003562851898 0.05
OBS: 8.658769450015654 i_PS1 1704.7562 78.5069 19.420844276689902 0.05
OBS: 12.988154175023482 i_PS1 1327.0055 61.1109 19.692818215106158 0.05
OBS: 17.31753890003131 i_PS1 1148.6994 52.8996 19.849484000387264 0.05
OBS: 21.646923625039136 i_PS1 1183.6637 54.5097 19.81692917842617 0.05
OBS: 25.976308350046963 i_PS1 1155.6998 53.2219 19.842887425569987 0.05
OBS: 30.30569307505479 i_PS1 1232.3001 56.7495 19.773208774747708 0.05
OBS: 34.63507780006262 i_PS1 972.3568 44.7787 20.030435907713315 0.05
OBS: 38.964462525070445 i_PS1 672.7438 30.981 20.43037567964998 0.05
OBS: -8.658769450015654 z_PS1 1196.0893 55.082 19.80559094235671 0.05
OBS: -4.329384725007827 z_PS1 1765.5639 81.3072 19.38279137036691 0.05
OBS: 0.0 z_PS1 1874.1174 86.3063 19.3180080055808 0.05
OBS: 4.329384725007827 z_PS1 1389.859 64.0054 19.642573113030725 0.05
OBS: 8.658769450015654 z_PS1 1073.902 49.455 19.922588410194336 0.05
OBS: 12.988154175023482 z_PS1 863.0257 39.7438 20.159940658185345 0.05
OBS: 17.31753890003131 z_PS1 811.9328 37.3909 20.226199762333547 0.05
OBS: 21.646923625039136 z_PS1 821.883 37.8491 20.212974964434622 0.05
OBS: 25.976308350046963 z_PS1 865.5686 39.8609 20.156746286840075 0.05
OBS: 30.30569307505479 z_PS1 917.3775 42.2468 20.09362979631034 0.05
OBS: 34.63507780006262 z_PS1 800.9627 36.8857 20.240969327967107 0.05
OBS: 38.964462525070445 z_PS1 630.671 29.0435 20.50049279111145 0.05
END: