# 2474 
# SNANA-like file generated from user-provided data
# Zeropoint of the converted SNANA file: 27.5 mag
# -----------------------------------------------------------
# Data table created by: anonymous
# On date: 2023.03.14 (yyyy.mm.dd); 23.58 hrs (GMT).
# Script used: BayeSNmodel.io.write_snana_lcfile.py
# -----------------------------------------------------------
SNID: 2474
MWEBV: 0
REDSHIFT_HELIO: 0.08460930079275358
REDSHIFT_CMB: 0.08460930079275358
REDSHIFT_CMB_ERR: 0.001
PEAKMJD: 0
FILTERS: g_PS1,i_PS1,r_PS1,z_PS1
# -----------------------------------------------------------
NOBS: 48
NVAR: 6
VARLIST: MJD FLT FLUXCAL FLUXCALERR MAG MAGERR
OBS: -8.676874406342028 g_PS1 2137.7604 98.4475 19.17510244351179 0.05
OBS: -4.338437203171014 g_PS1 4041.0262 186.0961 18.483770821973042 0.05
OBS: 0.0 g_PS1 3377.6449 155.5463 18.678465026612805 0.05
OBS: 4.338437203171014 g_PS1 3092.333 142.4072 18.774284352395686 0.05
OBS: 8.676874406342028 g_PS1 2218.8952 102.1839 19.134658034139463 0.05
OBS: 13.015311609513041 g_PS1 1516.3005 69.8282 19.548036792184405 0.05
OBS: 17.353748812684056 g_PS1 1025.135 47.2092 19.97304738854645 0.05
OBS: 21.69218601585507 g_PS1 681.8084 31.3984 20.415844077576757 0.05
OBS: 26.030623219026083 g_PS1 458.8103 21.129 20.84591707117058 0.05
OBS: 30.369060422197098 g_PS1 364.8468 16.8018 21.09472357194585 0.05
OBS: 34.70749762536811 g_PS1 335.8289 15.4655 21.184704815661405 0.05
OBS: 39.045934828539124 g_PS1 314.4093 14.4791 21.256261399285755 0.05
OBS: -8.676874406342028 r_PS1 2004.289 92.3009 19.24509914775223 0.05
OBS: -4.338437203171014 r_PS1 3162.6411 145.645 18.749875230924953 0.05
OBS: 0.0 r_PS1 3237.3461 149.0853 18.724527169843473 0.05
OBS: 4.338437203171014 r_PS1 2926.1959 134.7563 18.834241517782953 0.05
OBS: 8.676874406342028 r_PS1 2530.103 116.5155 18.99215450533081 0.05
OBS: 13.015311609513041 r_PS1 2040.6853 93.977 19.22555990356326 0.05
OBS: 17.353748812684056 r_PS1 1653.8457 76.1624 19.453762540417394 0.05
OBS: 21.69218601585507 r_PS1 1217.4315 56.0648 19.78638864028481 0.05
OBS: 26.030623219026083 r_PS1 986.4405 45.4273 20.014822813585074 0.05
OBS: 30.369060422197098 r_PS1 728.3575 33.5421 20.34413849322691 0.05
OBS: 34.70749762536811 r_PS1 590.0526 27.1729 20.572773106786766 0.05
OBS: 39.045934828539124 r_PS1 569.6435 26.2331 20.610992195187276 0.05
OBS: -8.676874406342028 i_PS1 1759.3691 81.0219 19.38660759926865 0.05
OBS: -4.338437203171014 i_PS1 2302.1357 106.0173 19.09467272045945 0.05
OBS: 0.0 i_PS1 2414.3932 111.1869 19.0429800069195 0.05
OBS: 4.338437203171014 i_PS1 1962.5033 90.3766 19.267974026153432 0.05
OBS: 8.676874406342028 i_PS1 1566.2614 72.129 19.51283939440983 0.05
OBS: 13.015311609513041 i_PS1 1222.5406 56.3001 19.781841798701688 0.05
OBS: 17.353748812684056 i_PS1 1212.0133 55.8153 19.79123156326419 0.05
OBS: 21.69218601585507 i_PS1 1287.308 59.2827 19.725793819670486 0.05
OBS: 26.030623219026083 i_PS1 1248.1386 57.4789 19.75934298697672 0.05
OBS: 30.369060422197098 i_PS1 1067.772 49.1727 19.92880365111787 0.05
OBS: 34.70749762536811 i_PS1 780.9725 35.9651 20.26841058430277 0.05
OBS: 39.045934828539124 i_PS1 620.9578 28.5962 20.517344862453218 0.05
OBS: -8.676874406342028 z_PS1 1773.3932 81.6678 19.377987378414584 0.05
OBS: -4.338437203171014 z_PS1 1869.9678 86.1152 19.320414672124315 0.05
OBS: 0.0 z_PS1 1699.0921 78.2461 19.424457703916552 0.05
OBS: 4.338437203171014 z_PS1 1280.7257 58.9796 19.731359701041075 0.05
OBS: 8.676874406342028 z_PS1 906.2247 41.7332 20.10691021294643 0.05
OBS: 13.015311609513041 z_PS1 782.9391 36.0557 20.265680070630065 0.05
OBS: 17.353748812684056 z_PS1 796.5342 36.6818 20.24698891116261 0.05
OBS: 21.69218601585507 z_PS1 844.5946 38.895 20.183379285349957 0.05
OBS: 26.030623219026083 z_PS1 1027.3797 47.3126 19.9706726020363 0.05
OBS: 30.369060422197098 z_PS1 808.1994 37.219 20.231203700670473 0.05
OBS: 34.70749762536811 z_PS1 693.1209 31.9194 20.397977581971798 0.05
OBS: 39.045934828539124 z_PS1 528.9694 24.3599 20.691423661910484 0.05
END: