# 2837 
# SNANA-like file generated from user-provided data
# Zeropoint of the converted SNANA file: 27.5 mag
# -----------------------------------------------------------
# Data table created by: anonymous
# On date: 2023.03.14 (yyyy.mm.dd); 23.58 hrs (GMT).
# Script used: BayeSNmodel.io.write_snana_lcfile.py
# -----------------------------------------------------------
SNID: 2837
MWEBV: 0
REDSHIFT_HELIO: 0.09897622337243045
REDSHIFT_CMB: 0.09897622337243045
REDSHIFT_CMB_ERR: 0.001
PEAKMJD: 0
FILTERS: g_PS1,i_PS1,r_PS1,z_PS1
# -----------------------------------------------------------
NOBS: 48
NVAR: 6
VARLIST: MJD FLT FLUXCAL FLUXCALERR MAG MAGERR
OBS: -8.791809786979444 g_PS1 1829.1346 84.2348 19.34438583503401 0.05
OBS: -4.395904893489722 g_PS1 2841.3249 130.8478 18.86619774214321 0.05
OBS: 0.0 g_PS1 3050.414 140.4768 18.78910303115712 0.05
OBS: 4.395904893489722 g_PS1 2509.2257 115.5541 19.001150678501592 0.05
OBS: 8.791809786979444 g_PS1 1784.625 82.185 19.37113256448039 0.05
OBS: 13.187714680469167 g_PS1 1361.24 62.6874 19.665163231115027 0.05
OBS: 17.583619573958888 g_PS1 904.2093 41.6404 20.10932762872506 0.05
OBS: 21.97952446744861 g_PS1 577.4817 26.594 20.596154523469643 0.05
OBS: 26.375429360938334 g_PS1 454.6376 20.9368 20.85583671136331 0.05
OBS: 30.771334254428055 g_PS1 296.7473 13.6657 21.319032928969424 0.05
OBS: 35.167239147917776 g_PS1 245.5003 11.3057 21.524870090596178 0.05
OBS: 39.5631440414075 g_PS1 222.6427 10.2531 21.63097879614613 0.05
OBS: -8.791809786979444 r_PS1 1395.1789 64.2504 19.638425265997718 0.05
OBS: -4.395904893489722 r_PS1 2067.789 95.2252 19.21123446637487 0.05
OBS: 0.0 r_PS1 2568.1108 118.2659 18.975965586267858 0.05
OBS: 4.395904893489722 r_PS1 2333.644 107.4683 19.079913471303183 0.05
OBS: 8.791809786979444 r_PS1 2054.3338 94.6056 19.21832247246386 0.05
OBS: 13.187714680469167 r_PS1 1747.1141 80.4576 19.394196849672984 0.05
OBS: 17.583619573958888 r_PS1 1302.8733 59.9995 19.71274457673347 0.05
OBS: 21.97952446744861 r_PS1 1188.7549 54.7442 19.812269158539767 0.05
OBS: 26.375429360938334 r_PS1 928.2292 42.7465 20.080861878831165 0.05
OBS: 30.771334254428055 r_PS1 640.9901 29.5187 20.482871653618716 0.05
OBS: 35.167239147917776 r_PS1 487.8643 22.467 20.779252302310823 0.05
OBS: 39.5631440414075 r_PS1 446.3032 20.553 20.8759249573627 0.05
OBS: -8.791809786979444 i_PS1 1187.8467 54.7024 19.813099042842214 0.05
OBS: -4.395904893489722 i_PS1 1862.4901 85.7708 19.324765042828357 0.05
OBS: 0.0 i_PS1 1843.5759 84.8998 19.33584742018516 0.05
OBS: 4.395904893489722 i_PS1 1736.1843 79.9542 19.401010440701153 0.05
OBS: 8.791809786979444 i_PS1 1272.9481 58.6214 19.737973274945258 0.05
OBS: 13.187714680469167 i_PS1 1189.7179 54.7885 19.811389996338704 0.05
OBS: 17.583619573958888 i_PS1 1070.1454 49.282 19.926392997446992 0.05
OBS: 21.97952446744861 i_PS1 1114.108 51.3066 19.882681735679014 0.05
OBS: 26.375429360938334 i_PS1 1087.8702 50.0983 19.908557293012304 0.05
OBS: 30.771334254428055 i_PS1 857.6359 39.4956 20.166742580742422 0.05
OBS: 35.167239147917776 i_PS1 667.0988 30.721 20.4395245514757 0.05
OBS: 39.5631440414075 i_PS1 499.1585 22.9871 20.75440384452565 0.05
OBS: -8.791809786979444 z_PS1 948.2369 43.6679 20.05770786655763 0.05
OBS: -4.395904893489722 z_PS1 1259.5135 58.0027 19.749492929935535 0.05
OBS: 0.0 z_PS1 1185.8097 54.6086 19.81496254061674 0.05
OBS: 4.395904893489722 z_PS1 1091.5051 50.2657 19.90493557514135 0.05
OBS: 8.791809786979444 z_PS1 748.2125 34.4565 20.31493756404612 0.05
OBS: 13.187714680469167 z_PS1 613.5902 28.2569 20.530303895260026 0.05
OBS: 17.583619573958888 z_PS1 602.1836 27.7316 20.550677756667973 0.05
OBS: 21.97952446744861 z_PS1 693.4438 31.9343 20.397471812119356 0.05
OBS: 26.375429360938334 z_PS1 758.6206 34.9358 20.299938443268545 0.05
OBS: 30.771334254428055 z_PS1 710.8069 32.7339 20.37062084914093 0.05
OBS: 35.167239147917776 z_PS1 531.009 24.4539 20.687245336607628 0.05
OBS: 39.5631440414075 z_PS1 446.6317 20.5682 20.875126090629372 0.05
END: