# 2875 
# SNANA-like file generated from user-provided data
# Zeropoint of the converted SNANA file: 27.5 mag
# -----------------------------------------------------------
# Data table created by: anonymous
# On date: 2023.03.14 (yyyy.mm.dd); 23.58 hrs (GMT).
# Script used: BayeSNmodel.io.write_snana_lcfile.py
# -----------------------------------------------------------
SNID: 2875
MWEBV: 0
REDSHIFT_HELIO: 0.09264137859756164
REDSHIFT_CMB: 0.09264137859756164
REDSHIFT_CMB_ERR: 0.001
PEAKMJD: 0
FILTERS: g_PS1,i_PS1,r_PS1,z_PS1
# -----------------------------------------------------------
NOBS: 48
NVAR: 6
VARLIST: MJD FLT FLUXCAL FLUXCALERR MAG MAGERR
OBS: -8.741131028780494 g_PS1 984.1715 45.3228 20.017323034630106 0.05
OBS: -4.370565514390247 g_PS1 1585.6406 73.0214 19.499488123903507 0.05
OBS: 0.0 g_PS1 1692.4803 77.9416 19.428690955213604 0.05
OBS: 4.370565514390247 g_PS1 1431.2085 65.9096 19.610742726481323 0.05
OBS: 8.741131028780494 g_PS1 995.2794 45.8343 20.005137413958703 0.05
OBS: 13.11169654317074 g_PS1 753.128 34.6828 20.307828072942158 0.05
OBS: 17.482262057560988 g_PS1 574.0233 26.4347 20.602676255630314 0.05
OBS: 21.852827571951234 g_PS1 407.781 18.779 20.973932602891114 0.05
OBS: 26.22339308634148 g_PS1 267.7729 12.3314 21.430583554055268 0.05
OBS: 30.593958600731728 g_PS1 203.598 9.376 21.728066393116908 0.05
OBS: 34.964524115121975 g_PS1 161.8903 7.4553 21.976948062304015 0.05
OBS: 39.335089629512225 g_PS1 131.9711 6.0775 22.198803262854163 0.05
OBS: -8.741131028780494 r_PS1 976.0276 44.9477 20.02634472038158 0.05
OBS: -4.370565514390247 r_PS1 1544.4031 71.1224 19.528098340962206 0.05
OBS: 0.0 r_PS1 1847.4953 85.0803 19.333541633815184 0.05
OBS: 4.370565514390247 r_PS1 1573.8877 72.4802 19.507565639802298 0.05
OBS: 8.741131028780494 r_PS1 1455.3751 67.0225 19.59256267357607 0.05
OBS: 13.11169654317074 r_PS1 1153.9996 53.1436 19.84448588988933 0.05
OBS: 17.482262057560988 r_PS1 1095.7784 50.4625 19.900693160845538 0.05
OBS: 21.852827571951234 r_PS1 862.1988 39.7057 20.16098143695435 0.05
OBS: 26.22339308634148 r_PS1 746.0933 34.3589 20.318017191290856 0.05
OBS: 30.593958600731728 r_PS1 528.0786 24.3189 20.69325361703919 0.05
OBS: 34.964524115121975 r_PS1 404.4 18.6233 20.982972164929897 0.05
OBS: 39.335089629512225 r_PS1 389.2994 17.9279 21.02429077940621 0.05
OBS: -8.741131028780494 i_PS1 1010.5466 46.5374 19.988609141554914 0.05
OBS: -4.370565514390247 i_PS1 1460.446 67.256 19.588786241622913 0.05
OBS: 0.0 i_PS1 1485.5173 68.4106 19.57030574027754 0.05
OBS: 4.370565514390247 i_PS1 1405.7675 64.738 19.63021628369077 0.05
OBS: 8.741131028780494 i_PS1 1111.3824 51.1811 19.88534119184008 0.05
OBS: 13.11169654317074 i_PS1 1017.4728 46.8564 19.98119300032172 0.05
OBS: 17.482262057560988 i_PS1 950.8257 43.7871 20.05474770641038 0.05
OBS: 21.852827571951234 i_PS1 929.0511 42.7844 20.079901025461687 0.05
OBS: 26.22339308634148 i_PS1 878.5474 40.4586 20.140586981372994 0.05
OBS: 30.593958600731728 i_PS1 691.9242 31.8643 20.399853772660208 0.05
OBS: 34.964524115121975 i_PS1 582.0075 26.8024 20.58767858355368 0.05
OBS: 39.335089629512225 i_PS1 495.5081 22.819 20.762373086481862 0.05
OBS: -8.741131028780494 z_PS1 944.1027 43.4775 20.062451889258842 0.05
OBS: -4.370565514390247 z_PS1 1355.5271 62.4243 19.669729509255706 0.05
OBS: 0.0 z_PS1 1121.8011 51.6608 19.87521038129719 0.05
OBS: 4.370565514390247 z_PS1 975.4222 44.9199 20.027018377357262 0.05
OBS: 8.741131028780494 z_PS1 777.5807 35.8089 20.27313637952251 0.05
OBS: 13.11169654317074 z_PS1 662.2364 30.4971 20.447467450098483 0.05
OBS: 17.482262057560988 z_PS1 584.283 26.9072 20.58344192856973 0.05
OBS: 21.852827571951234 z_PS1 638.678 29.4122 20.48679512196879 0.05
OBS: 26.22339308634148 z_PS1 658.6558 30.3322 20.453353679383795 0.05
OBS: 30.593958600731728 z_PS1 633.0215 29.1517 20.496453806607256 0.05
OBS: 34.964524115121975 z_PS1 577.4411 26.5921 20.59623075565048 0.05
OBS: 39.335089629512225 z_PS1 412.5699 18.9995 20.961256208949596 0.05
END: