# 2974 
# SNANA-like file generated from user-provided data
# Zeropoint of the converted SNANA file: 27.5 mag
# -----------------------------------------------------------
# Data table created by: anonymous
# On date: 2023.03.14 (yyyy.mm.dd); 23.58 hrs (GMT).
# Script used: BayeSNmodel.io.write_snana_lcfile.py
# -----------------------------------------------------------
SNID: 2974
MWEBV: 0
REDSHIFT_HELIO: 0.09110316710248398
REDSHIFT_CMB: 0.09110316710248398
REDSHIFT_CMB_ERR: 0.001
PEAKMJD: 0
FILTERS: g_PS1,i_PS1,r_PS1,z_PS1
# -----------------------------------------------------------
NOBS: 48
NVAR: 6
VARLIST: MJD FLT FLUXCAL FLUXCALERR MAG MAGERR
OBS: -8.728825336819872 g_PS1 2157.3855 99.3513 19.16518058733996 0.05
OBS: -4.364412668409936 g_PS1 3098.6883 142.6999 18.772055269514595 0.05
OBS: 0.0 g_PS1 3149.9562 145.0608 18.754238704325843 0.05
OBS: 4.364412668409936 g_PS1 2928.145 134.8461 18.8335185579903 0.05
OBS: 8.728825336819872 g_PS1 2365.9654 108.9567 19.064979016968945 0.05
OBS: 13.093238005229807 g_PS1 1798.2636 82.8131 19.362866596748425 0.05
OBS: 17.457650673639744 g_PS1 1093.0495 50.3368 19.903400400876585 0.05
OBS: 21.82206334204968 g_PS1 758.6604 34.9376 20.299881481587978 0.05
OBS: 26.186476010459614 g_PS1 533.0098 24.546 20.68316205813844 0.05
OBS: 30.55088867886955 g_PS1 401.8707 18.5068 20.989784074347 0.05
OBS: 34.91530134727949 g_PS1 331.3048 15.2571 21.199430695888566 0.05
OBS: 39.27971401568942 g_PS1 275.4087 12.683 21.40005571427857 0.05
OBS: -8.728825336819872 r_PS1 1915.4094 88.2079 19.294345971529065 0.05
OBS: -4.364412668409936 r_PS1 2564.7784 118.1124 18.97737539086081 0.05
OBS: 0.0 r_PS1 2939.2925 135.3594 18.82939300207748 0.05
OBS: 4.364412668409936 r_PS1 3002.3896 138.2652 18.806332374510035 0.05
OBS: 8.728825336819872 r_PS1 2469.3034 113.7156 19.01856387207555 0.05
OBS: 13.093238005229807 r_PS1 1833.0177 84.4136 19.34208334480853 0.05
OBS: 17.457650673639744 r_PS1 1555.8435 71.6492 19.52008521285168 0.05
OBS: 21.82206334204968 r_PS1 1334.8566 61.4724 19.68641349419066 0.05
OBS: 26.186476010459614 r_PS1 1004.0414 46.2378 19.995620963539558 0.05
OBS: 30.55088867886955 r_PS1 906.7229 41.7561 20.10631352833185 0.05
OBS: 34.91530134727949 r_PS1 655.9976 30.2098 20.45774429929053 0.05
OBS: 39.27971401568942 r_PS1 595.6782 27.432 20.562470816494223 0.05
OBS: -8.728825336819872 i_PS1 1310.3881 60.3456 19.706500185849638 0.05
OBS: -4.364412668409936 i_PS1 1747.0436 80.4543 19.394240663974394 0.05
OBS: 0.0 i_PS1 2124.5157 97.8376 19.18185011806043 0.05
OBS: 4.364412668409936 i_PS1 2060.0899 94.8706 19.215284542927932 0.05
OBS: 8.728825336819872 i_PS1 1555.3042 71.6244 19.520461653171505 0.05
OBS: 13.093238005229807 i_PS1 1274.1051 58.6747 19.73698682732932 0.05
OBS: 17.457650673639744 i_PS1 1114.2585 51.3135 19.88253506781464 0.05
OBS: 21.82206334204968 i_PS1 1143.0795 52.6408 19.854808947807353 0.05
OBS: 26.186476010459614 i_PS1 1118.9933 51.5315 19.877931298977405 0.05
OBS: 30.55088867886955 i_PS1 1059.0281 48.77 19.937731287502526 0.05
OBS: 34.91530134727949 i_PS1 853.6224 39.3108 20.17183547384268 0.05
OBS: 39.27971401568942 i_PS1 701.7738 32.3179 20.384507161149095 0.05
OBS: -8.728825336819872 z_PS1 1101.655 50.7331 19.89488597561037 0.05
OBS: -4.364412668409936 z_PS1 1590.9497 73.2659 19.495858885325433 0.05
OBS: 0.0 z_PS1 1625.6024 74.8618 19.47246419035965 0.05
OBS: 4.364412668409936 z_PS1 1175.789 54.1471 19.82417647730917 0.05
OBS: 8.728825336819872 z_PS1 1069.2092 49.2389 19.927343331457482 0.05
OBS: 13.093238005229807 z_PS1 791.6918 36.4588 20.2536096392818 0.05
OBS: 17.457650673639744 z_PS1 680.2922 31.3286 20.418261264523963 0.05
OBS: 21.82206334204968 z_PS1 799.4431 36.8157 20.243031162751222 0.05
OBS: 26.186476010459614 z_PS1 864.3215 39.8035 20.158311752094892 0.05
OBS: 30.55088867886955 z_PS1 924.0949 42.5561 20.08570859251288 0.05
OBS: 34.91530134727949 z_PS1 737.4671 33.9616 20.330643410175053 0.05
OBS: 39.27971401568942 z_PS1 566.2126 26.0751 20.617551226660197 0.05
END: