# 2987 
# SNANA-like file generated from user-provided data
# Zeropoint of the converted SNANA file: 27.5 mag
# -----------------------------------------------------------
# Data table created by: anonymous
# On date: 2023.03.14 (yyyy.mm.dd); 23.58 hrs (GMT).
# Script used: BayeSNmodel.io.write_snana_lcfile.py
# -----------------------------------------------------------
SNID: 2987
MWEBV: 0
REDSHIFT_HELIO: 0.08882434286106564
REDSHIFT_CMB: 0.08882434286106564
REDSHIFT_CMB_ERR: 0.001
PEAKMJD: 0
FILTERS: g_PS1,i_PS1,r_PS1,z_PS1
# -----------------------------------------------------------
NOBS: 48
NVAR: 6
VARLIST: MJD FLT FLUXCAL FLUXCALERR MAG MAGERR
OBS: -8.710594742888524 g_PS1 978.444 45.059 20.023660048325443 0.05
OBS: -4.355297371444262 g_PS1 1817.2628 83.688 19.35145564604757 0.05
OBS: 0.0 g_PS1 2312.4494 106.4922 19.089819387812753 0.05
OBS: 4.355297371444262 g_PS1 1962.3341 90.3688 19.26806759728961 0.05
OBS: 8.710594742888524 g_PS1 1516.1037 69.8192 19.54817772144248 0.05
OBS: 13.065892114332787 g_PS1 847.3355 39.0212 20.17986153876115 0.05
OBS: 17.42118948577705 g_PS1 579.2786 26.6768 20.59278125400559 0.05
OBS: 21.77648685722131 g_PS1 386.9746 17.8208 21.030793857673103 0.05
OBS: 26.131784228665573 g_PS1 253.6243 11.6798 21.48952269856255 0.05
OBS: 30.487081600109835 g_PS1 203.9053 9.3902 21.726428770902427 0.05
OBS: 34.8423789715541 g_PS1 181.4272 8.355 21.853244034726263 0.05
OBS: 39.19767634299836 g_PS1 162.3041 7.4744 21.974176352449824 0.05
OBS: -8.710594742888524 r_PS1 766.1578 35.2829 20.2892043804831 0.05
OBS: -4.355297371444262 r_PS1 1560.7517 71.8753 19.51666545975438 0.05
OBS: 0.0 r_PS1 2130.5345 98.1147 19.17877858374599 0.05
OBS: 4.355297371444262 r_PS1 2117.6889 97.5232 19.185344591299067 0.05
OBS: 8.710594742888524 r_PS1 1695.9399 78.1009 19.426473845423367 0.05
OBS: 13.065892114332787 r_PS1 1368.2269 63.0092 19.659604657271785 0.05
OBS: 17.42118948577705 r_PS1 1067.3004 49.151 19.929283309579844 0.05
OBS: 21.77648685722131 r_PS1 872.4767 40.179 20.148115405664853 0.05
OBS: 26.131784228665573 r_PS1 674.8603 31.0785 20.426965260834166 0.05
OBS: 30.487081600109835 r_PS1 491.4573 22.6324 20.77128561776693 0.05
OBS: 34.8423789715541 r_PS1 371.3409 17.1009 21.07556802770802 0.05
OBS: 39.19767634299836 r_PS1 340.5689 15.6838 21.16948753246807 0.05
OBS: -8.710594742888524 i_PS1 857.3673 39.4832 20.16708266891356 0.05
OBS: -4.355297371444262 i_PS1 1373.8107 63.2663 19.655182784709343 0.05
OBS: 0.0 i_PS1 1639.7514 75.5133 19.46305495825483 0.05
OBS: 4.355297371444262 i_PS1 1442.3626 66.4233 19.602313848285263 0.05
OBS: 8.710594742888524 i_PS1 1058.5203 48.7467 19.93825205330401 0.05
OBS: 13.065892114332787 i_PS1 825.9209 38.0351 20.207653924944662 0.05
OBS: 17.42118948577705 i_PS1 997.2567 45.9254 20.00298255634 0.05
OBS: 21.77648685722131 i_PS1 1073.157 49.4207 19.923341840643292 0.05
OBS: 26.131784228665573 i_PS1 865.9232 39.8772 20.156301532668238 0.05
OBS: 30.487081600109835 i_PS1 644.9889 29.7028 20.476119398466366 0.05
OBS: 34.8423789715541 i_PS1 419.1522 19.3027 20.944070623338426 0.05
OBS: 39.19767634299836 i_PS1 390.7098 17.9929 21.020364268971758 0.05
OBS: -8.710594742888524 z_PS1 663.3827 30.5499 20.445589698950922 0.05
OBS: -4.355297371444262 z_PS1 1152.4982 53.0745 19.845899349050747 0.05
OBS: 0.0 z_PS1 1246.2309 57.3911 19.761003726006173 0.05
OBS: 4.355297371444262 z_PS1 1060.038 48.8166 19.936696426038427 0.05
OBS: 8.710594742888524 z_PS1 729.9735 33.6165 20.34173223112215 0.05
OBS: 13.065892114332787 z_PS1 630.5021 29.0357 20.500783648765648 0.05
OBS: 17.42118948577705 z_PS1 643.5945 29.6386 20.478469185593404 0.05
OBS: 21.77648685722131 z_PS1 642.5103 29.5887 20.480299733792993 0.05
OBS: 26.131784228665573 z_PS1 700.1613 32.2436 20.387004821104433 0.05
OBS: 30.487081600109835 z_PS1 553.075 25.47 20.643039894991503 0.05
OBS: 34.8423789715541 z_PS1 433.1953 19.9494 20.90829057842439 0.05
OBS: 39.19767634299836 z_PS1 358.86 16.5261 21.11268747173424 0.05
END: