# 3369 
# SNANA-like file generated from user-provided data
# Zeropoint of the converted SNANA file: 27.5 mag
# -----------------------------------------------------------
# Data table created by: anonymous
# On date: 2023.03.14 (yyyy.mm.dd); 23.58 hrs (GMT).
# Script used: BayeSNmodel.io.write_snana_lcfile.py
# -----------------------------------------------------------
SNID: 3369
MWEBV: 0
REDSHIFT_HELIO: 0.08506055716334872
REDSHIFT_CMB: 0.08506055716334872
REDSHIFT_CMB_ERR: 0.001
PEAKMJD: 0
FILTERS: g_PS1,i_PS1,r_PS1,z_PS1
# -----------------------------------------------------------
NOBS: 48
NVAR: 6
VARLIST: MJD FLT FLUXCAL FLUXCALERR MAG MAGERR
OBS: -8.68048445730679 g_PS1 2319.0016 106.794 19.08674736199945 0.05
OBS: -4.340242228653395 g_PS1 3448.6865 158.8179 18.65586572300781 0.05
OBS: 0.0 g_PS1 3485.5133 160.5138 18.644333138186706 0.05
OBS: 4.340242228653395 g_PS1 3216.6392 148.1317 18.731494140384026 0.05
OBS: 8.68048445730679 g_PS1 2518.5058 115.9815 18.99714262852145 0.05
OBS: 13.020726685960184 g_PS1 1848.334 85.1189 19.33304887019118 0.05
OBS: 17.36096891461358 g_PS1 1348.584 62.1046 19.675304991262266 0.05
OBS: 21.701211143266974 g_PS1 867.2587 39.9387 20.154628274604732 0.05
OBS: 26.04145337192037 g_PS1 604.7139 27.8481 20.546125153804752 0.05
OBS: 30.381695600573764 g_PS1 464.9587 21.4121 20.831463964502873 0.05
OBS: 34.72193782922716 g_PS1 358.8898 16.5275 21.11259713204125 0.05
OBS: 39.06218005788055 g_PS1 339.2846 15.6246 21.173589633768785 0.05
OBS: -8.68048445730679 r_PS1 2343.0267 107.9004 19.075556886745012 0.05
OBS: -4.340242228653395 r_PS1 3052.141 140.5563 18.78848850229167 0.05
OBS: 0.0 r_PS1 3620.6159 166.7355 18.603043863417728 0.05
OBS: 4.340242228653395 r_PS1 2943.8497 135.5693 18.827710912694062 0.05
OBS: 8.68048445730679 r_PS1 3008.7988 138.5603 18.804017148308056 0.05
OBS: 13.020726685960184 r_PS1 2473.1497 113.8928 19.016873968982193 0.05
OBS: 17.36096891461358 r_PS1 2138.8973 98.4999 19.174525156649572 0.05
OBS: 21.701211143266974 r_PS1 1933.008 89.0183 19.284415862549498 0.05
OBS: 26.04145337192037 r_PS1 1650.3309 76.0005 19.456072405649376 0.05
OBS: 30.381695600573764 r_PS1 1300.3605 59.8838 19.71484054106143 0.05
OBS: 34.72193782922716 r_PS1 973.964 44.8527 20.028642789892626 0.05
OBS: 39.06218005788055 r_PS1 843.0831 38.8254 20.185324041960797 0.05
OBS: -8.68048445730679 i_PS1 2085.1622 96.0253 19.202150408874992 0.05
OBS: -4.340242228653395 i_PS1 2535.5387 116.7659 18.989824384340942 0.05
OBS: 0.0 i_PS1 2440.4836 112.3884 19.03131025681983 0.05
OBS: 4.340242228653395 i_PS1 2623.2867 120.8068 18.95288562188716 0.05
OBS: 8.68048445730679 i_PS1 2127.9472 97.9956 19.180097887634588 0.05
OBS: 13.020726685960184 i_PS1 1618.4149 74.5308 19.477275298946015 0.05
OBS: 17.36096891461358 i_PS1 1494.1559 68.8084 19.56401024900919 0.05
OBS: 21.701211143266974 i_PS1 1686.1999 77.6524 19.432727330908072 0.05
OBS: 26.04145337192037 i_PS1 1782.6263 82.093 19.372349248597533 0.05
OBS: 30.381695600573764 i_PS1 1702.52 78.4039 19.42226943949038 0.05
OBS: 34.72193782922716 i_PS1 1264.1785 58.2176 19.745479020317106 0.05
OBS: 39.06218005788055 i_PS1 920.0238 42.3687 20.09050238537526 0.05
OBS: -8.68048445730679 z_PS1 1650.5152 76.009 19.455951211918396 0.05
OBS: -4.340242228653395 z_PS1 1920.8287 88.4574 19.29127842775133 0.05
OBS: 0.0 z_PS1 2027.5334 93.3714 19.23257997517071 0.05
OBS: 4.340242228653395 z_PS1 1530.5224 70.4832 19.537900753128422 0.05
OBS: 8.68048445730679 z_PS1 1309.1412 60.2882 19.70753380725721 0.05
OBS: 13.020726685960184 z_PS1 1182.0121 54.4337 19.818445217391865 0.05
OBS: 17.36096891461358 z_PS1 964.8608 44.4335 20.03883838847888 0.05
OBS: 21.701211143266974 z_PS1 953.5127 43.9109 20.0516837542568 0.05
OBS: 26.04145337192037 z_PS1 1112.9713 51.2542 19.88379007822566 0.05
OBS: 30.381695600573764 z_PS1 1091.8743 50.2827 19.90456836535395 0.05
OBS: 34.72193782922716 z_PS1 940.9516 43.3324 20.066081784003195 0.05
OBS: 39.06218005788055 z_PS1 873.51 40.2266 20.146830279283023 0.05
END: