# 3412 
# SNANA-like file generated from user-provided data
# Zeropoint of the converted SNANA file: 27.5 mag
# -----------------------------------------------------------
# Data table created by: anonymous
# On date: 2023.03.14 (yyyy.mm.dd); 23.58 hrs (GMT).
# Script used: BayeSNmodel.io.write_snana_lcfile.py
# -----------------------------------------------------------
SNID: 3412
MWEBV: 0
REDSHIFT_HELIO: 0.06459971441926551
REDSHIFT_CMB: 0.06459971441926551
REDSHIFT_CMB_ERR: 0.001
PEAKMJD: 0
FILTERS: g_PS1,i_PS1,r_PS1,z_PS1
# -----------------------------------------------------------
NOBS: 48
NVAR: 6
VARLIST: MJD FLT FLUXCAL FLUXCALERR MAG MAGERR
OBS: -8.516797715354125 g_PS1 2137.2513 98.4241 19.17536103613806 0.05
OBS: -4.258398857677062 g_PS1 3668.112 168.9228 18.588893530724373 0.05
OBS: 0.0 g_PS1 4353.1026 200.4678 18.40300273378051 0.05
OBS: 4.258398857677062 g_PS1 3784.3849 174.2774 18.555011753163345 0.05
OBS: 8.516797715354125 g_PS1 3016.8512 138.9311 18.801115292911906 0.05
OBS: 12.775196573031188 g_PS1 1985.9163 91.4548 19.255097659936894 0.05
OBS: 17.03359543070825 g_PS1 1154.6413 53.1732 19.84388227902376 0.05
OBS: 21.29199428838531 g_PS1 719.2314 33.1218 20.357828423249874 0.05
OBS: 25.550393146062376 g_PS1 536.3628 24.7004 20.676353332211345 0.05
OBS: 29.808792003739438 g_PS1 463.2659 21.3342 20.835424193174994 0.05
OBS: 34.0671908614165 g_PS1 386.0244 17.7771 21.033463220729168 0.05
OBS: 38.325589719093564 g_PS1 337.0074 15.5198 21.180901561787202 0.05
OBS: -8.516797715354125 r_PS1 2038.4354 93.8734 19.226757618513922 0.05
OBS: -4.258398857677062 r_PS1 3424.5444 157.7061 18.66349298187754 0.05
OBS: 0.0 r_PS1 3762.2047 173.2559 18.56139395936758 0.05
OBS: 4.258398857677062 r_PS1 4009.7656 184.6565 18.49220252632086 0.05
OBS: 8.516797715354125 r_PS1 3626.5318 167.008 18.60127126565133 0.05
OBS: 12.775196573031188 r_PS1 2873.1754 132.3146 18.854094647550113 0.05
OBS: 17.03359543070825 r_PS1 2527.6561 116.4029 18.99320504174375 0.05
OBS: 21.29199428838531 r_PS1 1845.4859 84.9878 19.334723150652877 0.05
OBS: 25.550393146062376 r_PS1 1379.19 63.514 19.650939780438627 0.05
OBS: 29.808792003739438 r_PS1 902.1594 41.546 20.111791850704854 0.05
OBS: 34.0671908614165 r_PS1 777.0626 35.7851 20.27385992807526 0.05
OBS: 38.325589719093564 r_PS1 700.373 32.2534 20.386676502817267 0.05
OBS: -8.516797715354125 i_PS1 1789.0257 82.3877 19.368458536379787 0.05
OBS: -4.258398857677062 i_PS1 2730.8675 125.7611 18.90924843449241 0.05
OBS: 0.0 i_PS1 2632.3892 121.226 18.94912472990945 0.05
OBS: 4.258398857677062 i_PS1 2616.7512 120.5058 18.95559392868705 0.05
OBS: 8.516797715354125 i_PS1 2082.204 95.889 19.203691816770622 0.05
OBS: 12.775196573031188 i_PS1 1677.0224 77.2297 19.43865283234607 0.05
OBS: 17.03359543070825 i_PS1 1744.9947 80.36 19.395514721489437 0.05
OBS: 21.29199428838531 i_PS1 1712.9132 78.8826 19.41566163656058 0.05
OBS: 25.550393146062376 i_PS1 1414.7334 65.1509 19.623313469266073 0.05
OBS: 29.808792003739438 i_PS1 1077.6819 49.6291 19.918773482795334 0.05
OBS: 34.0671908614165 i_PS1 868.9123 40.0149 20.1525600890101 0.05
OBS: 38.325589719093564 i_PS1 800.8402 36.8801 20.241135354352814 0.05
OBS: -8.516797715354125 z_PS1 1291.6933 59.4847 19.722101486115406 0.05
OBS: -4.258398857677062 z_PS1 1996.7714 91.9547 19.2491791244274 0.05
OBS: 0.0 z_PS1 2037.7882 93.8436 19.227102412943115 0.05
OBS: 4.258398857677062 z_PS1 1880.2707 86.5897 19.31444904852188 0.05
OBS: 8.516797715354125 z_PS1 1445.86 66.5843 19.599684395001326 0.05
OBS: 12.775196573031188 z_PS1 1245.0525 57.3368 19.76203084466343 0.05
OBS: 17.03359543070825 z_PS1 1285.8505 59.2156 19.72702380827228 0.05
OBS: 21.29199428838531 z_PS1 1332.069 61.344 19.6886832178899 0.05
OBS: 25.550393146062376 z_PS1 1230.4285 56.6633 19.77485903365831 0.05
OBS: 29.808792003739438 z_PS1 1089.7048 50.1828 19.906727824085138 0.05
OBS: 34.0671908614165 z_PS1 799.5359 36.82 20.242905010570865 0.05
OBS: 38.325589719093564 z_PS1 629.0008 28.9666 20.50337194012383 0.05
END: