# 3506 
# SNANA-like file generated from user-provided data
# Zeropoint of the converted SNANA file: 27.5 mag
# -----------------------------------------------------------
# Data table created by: anonymous
# On date: 2023.03.14 (yyyy.mm.dd); 23.58 hrs (GMT).
# Script used: BayeSNmodel.io.write_snana_lcfile.py
# -----------------------------------------------------------
SNID: 3506
MWEBV: 0
REDSHIFT_HELIO: 0.0806019163775424
REDSHIFT_CMB: 0.0806019163775424
REDSHIFT_CMB_ERR: 0.001
PEAKMJD: 0
FILTERS: g_PS1,i_PS1,r_PS1,z_PS1
# -----------------------------------------------------------
NOBS: 48
NVAR: 6
VARLIST: MJD FLT FLUXCAL FLUXCALERR MAG MAGERR
OBS: -8.64481533102034 g_PS1 1710.0567 78.751 19.417473693408812 0.05
OBS: -4.32240766551017 g_PS1 2170.6404 99.9617 19.15853028569291 0.05
OBS: 0.0 g_PS1 2145.0729 98.7843 19.17139483859977 0.05
OBS: 4.32240766551017 g_PS1 1960.0517 90.2637 19.26933118197404 0.05
OBS: 8.64481533102034 g_PS1 1797.9502 82.7987 19.363055858179745 0.05
OBS: 12.96722299653051 g_PS1 1350.2735 62.1824 19.673945659900873 0.05
OBS: 17.28963066204068 g_PS1 902.9562 41.5827 20.110833232633986 0.05
OBS: 21.61203832755085 g_PS1 594.4895 27.3773 20.564639492631823 0.05
OBS: 25.93444599306102 g_PS1 401.2059 18.4762 20.991581680711928 0.05
OBS: 30.25685365857119 g_PS1 352.694 16.2422 21.13150468958525 0.05
OBS: 34.57926132408136 g_PS1 285.8605 13.1644 21.359614752396805 0.05
OBS: 38.90166898959153 g_PS1 233.4676 10.7516 21.5794332810761 0.05
OBS: -8.64481533102034 r_PS1 1862.1813 85.7566 19.324945081010835 0.05
OBS: -4.32240766551017 r_PS1 2336.537 107.6015 19.078568331390816 0.05
OBS: 0.0 r_PS1 2470.4087 113.7665 19.018077958799743 0.05
OBS: 4.32240766551017 r_PS1 2384.6573 109.8175 19.056435084103224 0.05
OBS: 8.64481533102034 r_PS1 2155.2037 99.2508 19.166279173430617 0.05
OBS: 12.96722299653051 r_PS1 1915.8151 88.2265 19.294116003864023 0.05
OBS: 17.28963066204068 r_PS1 1490.4016 68.6355 19.56674172964927 0.05
OBS: 21.61203832755085 r_PS1 1283.245 59.0956 19.729226064958194 0.05
OBS: 25.93444599306102 r_PS1 1147.6639 52.8519 19.85046317480982 0.05
OBS: 30.25685365857119 r_PS1 951.8122 43.8326 20.05362178082364 0.05
OBS: 34.57926132408136 r_PS1 781.3075 35.9805 20.267945004168727 0.05
OBS: 38.90166898959153 r_PS1 599.4275 27.6047 20.555658369468162 0.05
OBS: -8.64481533102034 i_PS1 1674.809 77.1278 19.440086799513125 0.05
OBS: -4.32240766551017 i_PS1 1918.9305 88.37 19.292351867822767 0.05
OBS: 0.0 i_PS1 1823.5465 83.9774 19.3477079020315 0.05
OBS: 4.32240766551017 i_PS1 1841.713 84.814 19.336945100583442 0.05
OBS: 8.64481533102034 i_PS1 1631.2055 75.1198 19.468728285226995 0.05
OBS: 12.96722299653051 i_PS1 1252.5431 57.6817 19.755518285821147 0.05
OBS: 17.28963066204068 i_PS1 1037.9397 47.7989 19.959569693594734 0.05
OBS: 21.61203832755085 i_PS1 1152.0415 53.0535 19.846329660288482 0.05
OBS: 25.93444599306102 i_PS1 1191.5654 54.8736 19.809705332146528 0.05
OBS: 30.25685365857119 i_PS1 1330.571 61.2751 19.68990485760252 0.05
OBS: 34.57926132408136 i_PS1 1210.8989 55.764 19.792230324265315 0.05
OBS: 38.90166898959153 i_PS1 803.8526 37.0188 20.23705898443848 0.05
OBS: -8.64481533102034 z_PS1 1394.129 64.202 19.639242595186126 0.05
OBS: -4.32240766551017 z_PS1 1603.1091 73.8259 19.48759231993044 0.05
OBS: 0.0 z_PS1 1509.9268 69.5347 19.55261029942096 0.05
OBS: 4.32240766551017 z_PS1 1298.7637 59.8103 19.716174637456415 0.05
OBS: 8.64481533102034 z_PS1 975.1186 44.9059 20.027356393771644 0.05
OBS: 12.96722299653051 z_PS1 900.0598 41.4493 20.114321544082 0.05
OBS: 17.28963066204068 z_PS1 745.8482 34.3476 20.318373914948666 0.05
OBS: 21.61203832755085 z_PS1 785.5343 36.1752 20.26208710597654 0.05
OBS: 25.93444599306102 z_PS1 967.3793 44.5495 20.03600798038809 0.05
OBS: 30.25685365857119 z_PS1 944.0914 43.477 20.062464863772448 0.05
OBS: 34.57926132408136 z_PS1 1013.6959 46.6824 19.985230807713524 0.05
OBS: 38.90166898959153 z_PS1 729.4903 33.5943 20.34245114529358 0.05
END: