# 3645 
# SNANA-like file generated from user-provided data
# Zeropoint of the converted SNANA file: 27.5 mag
# -----------------------------------------------------------
# Data table created by: anonymous
# On date: 2023.03.14 (yyyy.mm.dd); 23.58 hrs (GMT).
# Script used: BayeSNmodel.io.write_snana_lcfile.py
# -----------------------------------------------------------
SNID: 3645
MWEBV: 0
REDSHIFT_HELIO: 0.06543175648184744
REDSHIFT_CMB: 0.06543175648184744
REDSHIFT_CMB_ERR: 0.001
PEAKMJD: 0
FILTERS: g_PS1,i_PS1,r_PS1,z_PS1
# -----------------------------------------------------------
NOBS: 48
NVAR: 6
VARLIST: MJD FLT FLUXCAL FLUXCALERR MAG MAGERR
OBS: -8.52345405185478 g_PS1 2846.758 131.0981 18.864123629626345 0.05
OBS: -4.26172702592739 g_PS1 4802.7744 221.1759 18.29626954258312 0.05
OBS: 0.0 g_PS1 5910.4627 272.1869 18.070946304980946 0.05
OBS: 4.26172702592739 g_PS1 5015.1791 230.9575 18.249283872043872 0.05
OBS: 8.52345405185478 g_PS1 3555.4562 163.7348 18.62276167634187 0.05
OBS: 12.78518107778217 g_PS1 2326.3628 107.133 19.083306397129714 0.05
OBS: 17.04690810370956 g_PS1 1475.9148 67.9684 19.577346796488566 0.05
OBS: 21.308635129636947 g_PS1 1014.2962 46.7101 19.98458803608488 0.05
OBS: 25.57036215556434 g_PS1 682.4733 31.4291 20.41478586374071 0.05
OBS: 29.832089181491728 g_PS1 551.89 25.4155 20.64536859543221 0.05
OBS: 34.09381620741912 g_PS1 486.6445 22.4108 20.78197055564317 0.05
OBS: 38.35554323334651 g_PS1 420.9288 19.3845 20.939478319770032 0.05
OBS: -8.52345405185478 r_PS1 2693.2869 124.0304 18.92429344056507 0.05
OBS: -4.26172702592739 r_PS1 4099.3226 188.7808 18.468219752116994 0.05
OBS: 0.0 r_PS1 4922.9664 226.711 18.269432814579798 0.05
OBS: 4.26172702592739 r_PS1 4749.6288 218.7285 18.308350818875134 0.05
OBS: 8.52345405185478 r_PS1 3878.448 178.6091 18.528355080603983 0.05
OBS: 12.78518107778217 r_PS1 3162.4725 145.6372 18.74993310937768 0.05
OBS: 17.04690810370956 r_PS1 2340.7839 107.7971 19.076596687713163 0.05
OBS: 21.308635129636947 r_PS1 1966.8494 90.5768 19.265572228612864 0.05
OBS: 25.57036215556434 r_PS1 1346.0476 61.9878 19.677348976907265 0.05
OBS: 29.832089181491728 r_PS1 1042.7299 48.0195 19.954570466111317 0.05
OBS: 34.09381620741912 r_PS1 907.7211 41.8021 20.10511888011116 0.05
OBS: 38.35554323334651 r_PS1 861.3555 39.6669 20.16204389549954 0.05
OBS: -8.52345405185478 i_PS1 2058.5808 94.8011 19.216080221460256 0.05
OBS: -4.26172702592739 i_PS1 2917.331 134.3481 18.837535728291318 0.05
OBS: 0.0 i_PS1 2864.5657 131.9181 18.85735302860734 0.05
OBS: 4.26172702592739 i_PS1 2777.4763 127.9075 18.8908741065208 0.05
OBS: 8.52345405185478 i_PS1 2268.2172 104.4553 19.110788384232837 0.05
OBS: 12.78518107778217 i_PS1 1692.8872 77.9603 19.42842996017972 0.05
OBS: 17.04690810370956 i_PS1 1701.0772 78.3375 19.423189956679284 0.05
OBS: 21.308635129636947 i_PS1 1739.7625 80.119 19.398775066510957 0.05
OBS: 25.57036215556434 i_PS1 1440.5077 66.3378 19.603711055166272 0.05
OBS: 29.832089181491728 i_PS1 1028.7488 47.3756 19.969226648176495 0.05
OBS: 34.09381620741912 i_PS1 849.3845 39.1156 20.177239166985114 0.05
OBS: 38.35554323334651 i_PS1 763.9961 35.1833 20.292272201801946 0.05
OBS: -8.52345405185478 z_PS1 1745.8994 80.4016 19.394951959716188 0.05
OBS: -4.26172702592739 z_PS1 2586.8503 119.1289 18.96807175339328 0.05
OBS: 0.0 z_PS1 2708.405 124.7267 18.918215991049827 0.05
OBS: 4.26172702592739 z_PS1 2080.6779 95.8188 19.204487864616326 0.05
OBS: 8.52345405185478 z_PS1 1581.9542 72.8517 19.50201520966705 0.05
OBS: 12.78518107778217 z_PS1 1279.6872 58.9318 19.732240472645348 0.05
OBS: 17.04690810370956 z_PS1 1382.9509 63.6872 19.64798311039136 0.05
OBS: 21.308635129636947 z_PS1 1485.0825 68.3906 19.570623583208732 0.05
OBS: 25.57036215556434 z_PS1 1321.4629 60.8556 19.697362563320993 0.05
OBS: 29.832089181491728 z_PS1 1053.9731 48.5373 19.942926194628456 0.05
OBS: 34.09381620741912 z_PS1 761.572 35.0717 20.29572263301659 0.05
OBS: 38.35554323334651 z_PS1 650.7749 29.9693 20.466423074841796 0.05
END: