# 3900 
# SNANA-like file generated from user-provided data
# Zeropoint of the converted SNANA file: 27.5 mag
# -----------------------------------------------------------
# Data table created by: anonymous
# On date: 2023.03.14 (yyyy.mm.dd); 23.58 hrs (GMT).
# Script used: BayeSNmodel.io.write_snana_lcfile.py
# -----------------------------------------------------------
SNID: 3900
MWEBV: 0
REDSHIFT_HELIO: 0.09853196982265461
REDSHIFT_CMB: 0.09853196982265461
REDSHIFT_CMB_ERR: 0.001
PEAKMJD: 0
FILTERS: g_PS1,i_PS1,r_PS1,z_PS1
# -----------------------------------------------------------
NOBS: 48
NVAR: 6
VARLIST: MJD FLT FLUXCAL FLUXCALERR MAG MAGERR
OBS: -8.788255758581236 g_PS1 1424.9796 65.6227 19.615478409238257 0.05
OBS: -4.394127879290618 g_PS1 2227.8413 102.5959 19.1302893501116 0.05
OBS: 0.0 g_PS1 3024.2796 139.2732 18.798445141513493 0.05
OBS: 4.394127879290618 g_PS1 2742.8865 126.3146 18.904480415789024 0.05
OBS: 8.788255758581236 g_PS1 2102.0563 96.8033 19.19338915205092 0.05
OBS: 13.182383637871855 g_PS1 1385.2169 63.7916 19.646205566987003 0.05
OBS: 17.576511517162473 g_PS1 1021.7479 47.0532 19.976640625454433 0.05
OBS: 21.97063939645309 g_PS1 865.5079 39.8581 20.156822468904632 0.05
OBS: 26.36476727574371 g_PS1 528.6255 24.3441 20.692129826035227 0.05
OBS: 30.758895155034327 g_PS1 418.0472 19.2518 20.946936810603265 0.05
OBS: 35.153023034324946 g_PS1 346.6074 15.9619 21.150405287437795 0.05
OBS: 39.54715091361557 g_PS1 254.2836 11.7102 21.486704047907153 0.05
OBS: -8.788255758581236 r_PS1 1195.9259 55.0744 19.80573934642385 0.05
OBS: -4.394127879290618 r_PS1 2089.3938 96.2201 19.199949220185122 0.05
OBS: 0.0 r_PS1 2641.5308 121.647 18.94536081383505 0.05
OBS: 4.394127879290618 r_PS1 2460.5212 113.3112 19.02243223782771 0.05
OBS: 8.788255758581236 r_PS1 1944.5364 89.5492 19.277959785162807 0.05
OBS: 13.182383637871855 r_PS1 1546.813 71.2334 19.5264054605981 0.05
OBS: 17.576511517162473 r_PS1 1357.4023 62.5107 19.66822850940483 0.05
OBS: 21.97063939645309 r_PS1 1196.328 55.0929 19.80537434622179 0.05
OBS: 26.36476727574371 r_PS1 925.5523 42.6233 20.083997636063202 0.05
OBS: 30.758895155034327 r_PS1 812.4396 37.4142 20.225522312133105 0.05
OBS: 35.153023034324946 r_PS1 664.9822 30.6236 20.442974867885066 0.05
OBS: 39.54715091361557 r_PS1 555.864 25.5985 20.637578588862937 0.05
OBS: -8.788255758581236 i_PS1 1057.1687 48.6844 19.939639275445387 0.05
OBS: -4.394127879290618 i_PS1 1736.4525 79.9666 19.400842753217333 0.05
OBS: 0.0 i_PS1 1729.0239 79.6245 19.40549749907797 0.05
OBS: 4.394127879290618 i_PS1 1760.9719 81.0958 19.38561896232569 0.05
OBS: 8.788255758581236 i_PS1 1373.1914 63.2378 19.655672324758264 0.05
OBS: 13.182383637871855 i_PS1 1045.4659 48.1455 19.95172527664994 0.05
OBS: 17.576511517162473 i_PS1 923.1288 42.5117 20.08684426980906 0.05
OBS: 21.97063939645309 i_PS1 965.3153 44.4544 20.038326999297333 0.05
OBS: 26.36476727574371 i_PS1 953.6527 43.9173 20.051524437610077 0.05
OBS: 30.758895155034327 i_PS1 883.3984 40.682 20.134608534445736 0.05
OBS: 35.153023034324946 i_PS1 759.1082 34.9582 20.299240773977104 0.05
OBS: 39.54715091361557 i_PS1 626.5565 28.854 20.507599335013655 0.05
OBS: -8.788255758581236 z_PS1 840.3756 38.7007 20.18881644257665 0.05
OBS: -4.394127879290618 z_PS1 1165.1143 53.6555 19.834078630994366 0.05
OBS: 0.0 z_PS1 1097.1246 50.5245 19.899360083763344 0.05
OBS: 4.394127879290618 z_PS1 1037.8645 47.7954 19.95964832455089 0.05
OBS: 8.788255758581236 z_PS1 768.7303 35.4013 20.28556496531867 0.05
OBS: 13.182383637871855 z_PS1 658.648 30.3319 20.45336660175947 0.05
OBS: 17.576511517162473 z_PS1 644.3923 29.6754 20.477124187271315 0.05
OBS: 21.97063939645309 z_PS1 706.106 32.5174 20.37782518299029 0.05
OBS: 26.36476727574371 z_PS1 717.4815 33.0412 20.36047321376364 0.05
OBS: 30.758895155034327 z_PS1 746.038 34.3563 20.31809757008901 0.05
OBS: 35.153023034324946 z_PS1 582.5425 26.8271 20.586680873991742 0.05
OBS: 39.54715091361557 z_PS1 520.0772 23.9504 20.709830421771965 0.05
END: