# 4453 
# SNANA-like file generated from user-provided data
# Zeropoint of the converted SNANA file: 27.5 mag
# -----------------------------------------------------------
# Data table created by: anonymous
# On date: 2023.03.14 (yyyy.mm.dd); 23.58 hrs (GMT).
# Script used: BayeSNmodel.io.write_snana_lcfile.py
# -----------------------------------------------------------
SNID: 4453
MWEBV: 0
REDSHIFT_HELIO: 0.09722497453399376
REDSHIFT_CMB: 0.09722497453399376
REDSHIFT_CMB_ERR: 0.001
PEAKMJD: 0
FILTERS: g_PS1,i_PS1,r_PS1,z_PS1
# -----------------------------------------------------------
NOBS: 48
NVAR: 6
VARLIST: MJD FLT FLUXCAL FLUXCALERR MAG MAGERR
OBS: -8.77779979627195 g_PS1 1347.5071 62.055 19.676172346239383 0.05
OBS: -4.388899898135975 g_PS1 2241.9547 103.2458 19.123432931015245 0.05
OBS: 0.0 g_PS1 2228.9806 102.6483 19.12973428491938 0.05
OBS: 4.388899898135975 g_PS1 2236.1459 102.9783 19.126249645879394 0.05
OBS: 8.77779979627195 g_PS1 1814.1443 83.5444 19.353320456026392 0.05
OBS: 13.166699694407924 g_PS1 1373.6407 63.2585 19.655317089581406 0.05
OBS: 17.5555995925439 g_PS1 823.1888 37.9092 20.21125141842114 0.05
OBS: 21.944499490679874 g_PS1 519.7028 23.9332 20.710612409159797 0.05
OBS: 26.33339938881585 g_PS1 365.8459 16.8478 21.09175438407468 0.05
OBS: 30.722299286951824 g_PS1 237.0887 10.9183 21.562722677061632 0.05
OBS: 35.1111991850878 g_PS1 212.1846 9.7715 21.68321546252681 0.05
OBS: 39.50009908322377 g_PS1 162.181 7.4687 21.975000379819082 0.05
OBS: -8.77779979627195 r_PS1 1118.9773 51.5308 19.87794683239112 0.05
OBS: -4.388899898135975 r_PS1 1809.5905 83.3347 19.356049226070983 0.05
OBS: 0.0 r_PS1 2182.7328 100.5186 19.15249858508834 0.05
OBS: 4.388899898135975 r_PS1 2115.7154 97.4323 19.18635689858886 0.05
OBS: 8.77779979627195 r_PS1 1957.9487 90.1669 19.27049675010974 0.05
OBS: 13.166699694407924 r_PS1 1603.1819 73.8293 19.487542986368407 0.05
OBS: 17.5555995925439 r_PS1 1255.1436 57.8015 19.75326643831381 0.05
OBS: 21.944499490679874 r_PS1 943.4385 43.447 20.06321596025604 0.05
OBS: 26.33339938881585 r_PS1 741.423 34.1438 20.324834845366155 0.05
OBS: 30.722299286951824 r_PS1 598.9423 27.5823 20.556537585419708 0.05
OBS: 35.1111991850878 r_PS1 497.2422 22.8989 20.75858001407232 0.05
OBS: 39.50009908322377 r_PS1 406.0771 18.7005 20.97847867110379 0.05
OBS: -8.77779979627195 i_PS1 1040.6298 47.9228 19.956759351924052 0.05
OBS: -4.388899898135975 i_PS1 1470.263 67.7081 19.581512451050667 0.05
OBS: 0.0 i_PS1 1555.5756 71.6369 19.520272202616262 0.05
OBS: 4.388899898135975 i_PS1 1477.7273 68.0519 19.576014286440486 0.05
OBS: 8.77779979627195 i_PS1 1142.123 52.5967 19.8557178376038 0.05
OBS: 13.166699694407924 i_PS1 914.7675 42.1266 20.09672321128016 0.05
OBS: 17.5555995925439 i_PS1 828.4034 38.1494 20.204395253558427 0.05
OBS: 21.944499490679874 i_PS1 805.579 37.0983 20.234729715942727 0.05
OBS: 26.33339938881585 i_PS1 905.5506 41.7021 20.107718167790473 0.05
OBS: 30.722299286951824 i_PS1 909.4117 41.88 20.103098614690623 0.05
OBS: 35.1111991850878 i_PS1 735.6598 33.8784 20.33330747107593 0.05
OBS: 39.50009908322377 i_PS1 463.1118 21.3271 20.835785302425222 0.05
OBS: -8.77779979627195 z_PS1 867.1484 39.9337 20.154766420002744 0.05
OBS: -4.388899898135975 z_PS1 1226.4975 56.4823 19.77833334264398 0.05
OBS: 0.0 z_PS1 1036.0593 47.7123 19.96153843002891 0.05
OBS: 4.388899898135975 z_PS1 879.2384 40.4904 20.139733323883313 0.05
OBS: 8.77779979627195 z_PS1 619.1467 28.5128 20.520516154449442 0.05
OBS: 13.166699694407924 z_PS1 546.4777 25.1662 20.656068942576706 0.05
OBS: 17.5555995925439 z_PS1 503.2956 23.1776 20.74544219043793 0.05
OBS: 21.944499490679874 z_PS1 570.9534 26.2934 20.60849834174082 0.05
OBS: 26.33339938881585 z_PS1 697.0538 32.1005 20.391834274295174 0.05
OBS: 30.722299286951824 z_PS1 722.1509 33.2563 20.353430044907704 0.05
OBS: 35.1111991850878 z_PS1 619.8103 28.5433 20.51935303426937 0.05
OBS: 39.50009908322377 z_PS1 477.7071 21.9992 20.802095775532113 0.05
END: