# 4780 
# SNANA-like file generated from user-provided data
# Zeropoint of the converted SNANA file: 27.5 mag
# -----------------------------------------------------------
# Data table created by: anonymous
# On date: 2023.03.14 (yyyy.mm.dd); 23.58 hrs (GMT).
# Script used: BayeSNmodel.io.write_snana_lcfile.py
# -----------------------------------------------------------
SNID: 4780
MWEBV: 0
REDSHIFT_HELIO: 0.09293687704642477
REDSHIFT_CMB: 0.09293687704642477
REDSHIFT_CMB_ERR: 0.001
PEAKMJD: 0
FILTERS: g_PS1,i_PS1,r_PS1,z_PS1
# -----------------------------------------------------------
NOBS: 48
NVAR: 6
VARLIST: MJD FLT FLUXCAL FLUXCALERR MAG MAGERR
OBS: -8.743495016371398 g_PS1 1474.1169 67.8856 19.578670205425997 0.05
OBS: -4.371747508185699 g_PS1 2882.3657 132.7378 18.850627286413687 0.05
OBS: 0.0 g_PS1 3086.2785 142.1284 18.77641222963232 0.05
OBS: 4.371747508185699 g_PS1 2454.6802 113.0422 19.025012686255927 0.05
OBS: 8.743495016371398 g_PS1 1708.181 78.6646 19.418665292722658 0.05
OBS: 13.115242524557097 g_PS1 1188.8794 54.7499 19.81215547577787 0.05
OBS: 17.486990032742796 g_PS1 770.5712 35.4861 20.28296801687788 0.05
OBS: 21.858737540928495 g_PS1 576.7937 26.5623 20.59744863560394 0.05
OBS: 26.230485049114193 g_PS1 384.0494 17.6861 21.039032163308477 0.05
OBS: 30.602232557299892 g_PS1 296.153 13.6384 21.321209498813 0.05
OBS: 34.97398006548559 g_PS1 247.6969 11.4069 21.515198612587497 0.05
OBS: 39.34572757367129 g_PS1 204.6962 9.4266 21.722225293547815 0.05
OBS: -8.743495016371398 r_PS1 1214.1787 55.915 19.78929350320414 0.05
OBS: -4.371747508185699 r_PS1 2392.4821 110.1779 19.0528782598835 0.05
OBS: 0.0 r_PS1 3073.307 141.531 18.78098514726325 0.05
OBS: 4.371747508185699 r_PS1 2774.7693 127.7828 18.891932807269495 0.05
OBS: 8.743495016371398 r_PS1 2083.6432 95.9553 19.202941623048766 0.05
OBS: 13.115242524557097 r_PS1 1620.2413 74.6149 19.476050742688255 0.05
OBS: 17.486990032742796 r_PS1 1318.9713 60.7409 19.699411611730095 0.05
OBS: 21.858737540928495 r_PS1 1168.0626 53.7913 19.831334749398227 0.05
OBS: 26.230485049114193 r_PS1 891.3917 41.0501 20.124828588246135 0.05
OBS: 30.602232557299892 r_PS1 594.4502 27.3754 20.564711267853355 0.05
OBS: 34.97398006548559 r_PS1 492.744 22.6917 20.76844654967703 0.05
OBS: 39.34572757367129 r_PS1 461.8561 21.2693 20.83873323119361 0.05
OBS: -8.743495016371398 i_PS1 1203.8116 55.4376 19.798603652320296 0.05
OBS: -4.371747508185699 i_PS1 1975.3307 90.9673 19.260900488179313 0.05
OBS: 0.0 i_PS1 2241.8441 103.2407 19.123486491774962 0.05
OBS: 4.371747508185699 i_PS1 2029.3559 93.4553 19.231604451097457 0.05
OBS: 8.743495016371398 i_PS1 1549.631 71.3631 19.52442922586225 0.05
OBS: 13.115242524557097 i_PS1 1347.3841 62.0493 19.676271470489233 0.05
OBS: 17.486990032742796 i_PS1 1395.6232 64.2708 19.638079573636258 0.05
OBS: 21.858737540928495 i_PS1 1444.879 66.5391 19.60042133741333 0.05
OBS: 26.230485049114193 i_PS1 1157.2552 53.2936 19.841427114256984 0.05
OBS: 30.602232557299892 i_PS1 818.1564 37.6775 20.217909235805582 0.05
OBS: 34.97398006548559 i_PS1 565.0867 26.0232 20.61971233273271 0.05
OBS: 39.34572757367129 i_PS1 490.5899 22.5925 20.773203425449392 0.05
OBS: -8.743495016371398 z_PS1 946.4616 43.5862 20.05974248674928 0.05
OBS: -4.371747508185699 z_PS1 1423.7477 65.566 19.616417445514056 0.05
OBS: 0.0 z_PS1 1532.9912 70.5969 19.53615086820209 0.05
OBS: 4.371747508185699 z_PS1 1222.0913 56.2794 19.782240886475396 0.05
OBS: 8.743495016371398 z_PS1 930.556 42.8537 20.07814374845647 0.05
OBS: 13.115242524557097 z_PS1 746.0978 34.3591 20.318010666875235 0.05
OBS: 17.486990032742796 z_PS1 786.9206 36.239 20.260172676311587 0.05
OBS: 21.858737540928495 z_PS1 985.2674 45.3732 20.016114712716387 0.05
OBS: 26.230485049114193 z_PS1 910.9072 41.9488 20.101314698834027 0.05
OBS: 30.602232557299892 z_PS1 613.6181 28.2582 20.530254548426843 0.05
OBS: 34.97398006548559 z_PS1 582.3301 26.8173 20.587076981453723 0.05
OBS: 39.34572757367129 z_PS1 418.8877 19.2905 20.944756106549605 0.05
END: