# 4998 
# SNANA-like file generated from user-provided data
# Zeropoint of the converted SNANA file: 27.5 mag
# -----------------------------------------------------------
# Data table created by: anonymous
# On date: 2023.03.14 (yyyy.mm.dd); 23.58 hrs (GMT).
# Script used: BayeSNmodel.io.write_snana_lcfile.py
# -----------------------------------------------------------
SNID: 4998
MWEBV: 0
REDSHIFT_HELIO: 0.05855535510587506
REDSHIFT_CMB: 0.05855535510587506
REDSHIFT_CMB_ERR: 0.001
PEAKMJD: 0
FILTERS: g_PS1,i_PS1,r_PS1,z_PS1
# -----------------------------------------------------------
NOBS: 48
NVAR: 6
VARLIST: MJD FLT FLUXCAL FLUXCALERR MAG MAGERR
OBS: -8.468442840847 g_PS1 1830.7202 84.3078 19.343445075695687 0.05
OBS: -4.2342214204235 g_PS1 3488.2574 160.6402 18.643478699055485 0.05
OBS: 0.0 g_PS1 4576.6446 210.7623 18.348632032277937 0.05
OBS: 4.2342214204235 g_PS1 3439.5294 158.3962 18.658752448750903 0.05
OBS: 8.468442840847 g_PS1 2679.6814 123.4039 18.929792099281446 0.05
OBS: 12.7026642612705 g_PS1 1841.7915 84.8176 19.336898859532543 0.05
OBS: 16.936885681694 g_PS1 1207.5447 55.6095 19.795241951831365 0.05
OBS: 21.171107102117503 g_PS1 776.0742 35.7395 20.27524187908636 0.05
OBS: 25.405328522541 g_PS1 511.1164 23.5378 20.72870054307929 0.05
OBS: 29.6395499429645 g_PS1 421.3945 19.4059 20.9382779365081 0.05
OBS: 33.873771363388 g_PS1 353.8898 16.2972 21.127829755005287 0.05
OBS: 38.107992783811504 g_PS1 330.6793 15.2283 21.201482544269652 0.05
OBS: -8.468442840847 r_PS1 2233.8041 102.8705 19.12738727705346 0.05
OBS: -4.2342214204235 r_PS1 4220.297 194.3519 18.436642454541257 0.05
OBS: 0.0 r_PS1 4296.6328 197.8673 18.417179407457283 0.05
OBS: 4.2342214204235 r_PS1 4139.787 190.6442 18.457555017281084 0.05
OBS: 8.468442840847 r_PS1 3472.487 159.9139 18.648398422646657 0.05
OBS: 12.7026642612705 r_PS1 2759.1268 127.0625 18.89807085281216 0.05
OBS: 16.936885681694 r_PS1 2392.7227 110.189 19.05276908440547 0.05
OBS: 21.171107102117503 r_PS1 2218.856 102.1821 19.1346772005011 0.05
OBS: 25.405328522541 r_PS1 1645.5977 75.7826 19.45919084088333 0.05
OBS: 29.6395499429645 r_PS1 1230.4845 56.6659 19.774809615715498 0.05
OBS: 33.873771363388 r_PS1 844.7586 38.9026 20.183168459546582 0.05
OBS: 38.107992783811504 r_PS1 748.0529 34.4491 20.315169257624756 0.05
OBS: -8.468442840847 i_PS1 1969.8795 90.7163 19.263900836305517 0.05
OBS: -4.2342214204235 i_PS1 3332.9701 153.4889 18.692921459098503 0.05
OBS: 0.0 i_PS1 3568.0938 164.3168 18.61890933130184 0.05
OBS: 4.2342214204235 i_PS1 2972.8604 136.9053 18.817063719378623 0.05
OBS: 8.468442840847 i_PS1 2332.1409 107.3991 19.080613045265334 0.05
OBS: 12.7026642612705 i_PS1 1760.3726 81.0682 19.3859885008034 0.05
OBS: 16.936885681694 i_PS1 1831.407 84.3394 19.343037817005012 0.05
OBS: 21.171107102117503 i_PS1 2145.0145 98.7816 19.17142440972701 0.05
OBS: 25.405328522541 i_PS1 1998.4601 92.0325 19.248261279968506 0.05
OBS: 29.6395499429645 i_PS1 1227.1109 56.5105 19.777790494166435 0.05
OBS: 33.873771363388 i_PS1 985.9198 45.4033 20.015396027960712 0.05
OBS: 38.107992783811504 i_PS1 796.8687 36.6972 20.2465330972036 0.05
OBS: -8.468442840847 z_PS1 1745.3831 80.3779 19.395273106473653 0.05
OBS: -4.2342214204235 z_PS1 2932.2889 135.0369 18.831983109179472 0.05
OBS: 0.0 z_PS1 3153.7959 145.2377 18.752916040830847 0.05
OBS: 4.2342214204235 z_PS1 2737.5169 126.0673 18.906607986577324 0.05
OBS: 8.468442840847 z_PS1 2046.9181 94.2641 19.22224881875753 0.05
OBS: 12.7026642612705 z_PS1 1804.7146 83.1102 19.35897865362388 0.05
OBS: 16.936885681694 z_PS1 1719.6114 79.191 19.41142422786312 0.05
OBS: 21.171107102117503 z_PS1 1943.0926 89.4827 19.27876623369948 0.05
OBS: 25.405328522541 z_PS1 1951.0231 89.8479 19.274343977829655 0.05
OBS: 29.6395499429645 z_PS1 1351.8416 62.2546 19.67268544774864 0.05
OBS: 33.873771363388 z_PS1 950.3938 43.7673 20.055241039949287 0.05
OBS: 38.107992783811504 z_PS1 746.368 34.3715 20.317617532491056 0.05
END: