# 5022 
# SNANA-like file generated from user-provided data
# Zeropoint of the converted SNANA file: 27.5 mag
# -----------------------------------------------------------
# Data table created by: anonymous
# On date: 2023.03.14 (yyyy.mm.dd); 23.58 hrs (GMT).
# Script used: BayeSNmodel.io.write_snana_lcfile.py
# -----------------------------------------------------------
SNID: 5022
MWEBV: 0
REDSHIFT_HELIO: 0.09960818804141063
REDSHIFT_CMB: 0.09960818804141063
REDSHIFT_CMB_ERR: 0.001
PEAKMJD: 0
FILTERS: g_PS1,i_PS1,r_PS1,z_PS1
# -----------------------------------------------------------
NOBS: 48
NVAR: 6
VARLIST: MJD FLT FLUXCAL FLUXCALERR MAG MAGERR
OBS: -8.796865504331285 g_PS1 1508.8349 69.4844 19.553395692668058 0.05
OBS: -4.398432752165642 g_PS1 2661.4187 122.5629 18.9372169807185 0.05
OBS: 0.0 g_PS1 3055.9678 140.7325 18.787128080815965 0.05
OBS: 4.398432752165642 g_PS1 2215.8702 102.0446 19.136139221416084 0.05
OBS: 8.796865504331285 g_PS1 1474.1258 67.886 19.578663660465683 0.05
OBS: 13.195298256496926 g_PS1 958.6476 44.1474 20.045852546633824 0.05
OBS: 17.59373100866257 g_PS1 702.4622 32.3496 20.38344255464474 0.05
OBS: 21.992163760828213 g_PS1 533.5537 24.5711 20.68205469666024 0.05
OBS: 26.390596512993852 g_PS1 377.2173 17.3715 21.05852092980777 0.05
OBS: 30.789029265159495 g_PS1 253.6241 11.6798 21.48952383289709 0.05
OBS: 35.18746201732514 g_PS1 228.987 10.5452 21.60047294919556 0.05
OBS: 39.58589476949078 g_PS1 188.5558 8.6833 21.81140000963172 0.05
OBS: -8.796865504331285 r_PS1 1460.1155 67.2408 19.589031996366984 0.05
OBS: -4.398432752165642 r_PS1 1889.1501 86.9986 19.30933381140071 0.05
OBS: 0.0 r_PS1 2400.2649 110.5363 19.049352059636398 0.05
OBS: 4.398432752165642 r_PS1 2024.2658 93.2209 19.23433114982927 0.05
OBS: 8.796865504331285 r_PS1 1565.24 72.082 19.513547654826244 0.05
OBS: 13.195298256496926 r_PS1 1263.8318 58.2016 19.745776766656487 0.05
OBS: 17.59373100866257 r_PS1 1103.4777 50.817 19.89309110977461 0.05
OBS: 21.992163760828213 r_PS1 949.2939 43.7166 20.05649831700191 0.05
OBS: 26.390596512993852 r_PS1 827.6329 38.1139 20.205405611652296 0.05
OBS: 30.789029265159495 r_PS1 558.8708 25.7369 20.631721527712617 0.05
OBS: 35.18746201732514 r_PS1 437.67 20.1555 20.897132956297586 0.05
OBS: 39.58589476949078 r_PS1 400.7839 18.4568 20.992724269685393 0.05
OBS: -8.796865504331285 i_PS1 990.8684 45.6312 20.00996002425142 0.05
OBS: -4.398432752165642 i_PS1 1534.6791 70.6746 19.534956068194376 0.05
OBS: 0.0 i_PS1 1643.1194 75.6684 19.46082720874541 0.05
OBS: 4.398432752165642 i_PS1 1556.5749 71.6829 19.519574923068305 0.05
OBS: 8.796865504331285 i_PS1 1216.4231 56.0184 19.787288386593527 0.05
OBS: 13.195298256496926 i_PS1 926.5354 42.6685 20.08284499382987 0.05
OBS: 17.59373100866257 i_PS1 982.3741 45.24 20.019307795471214 0.05
OBS: 21.992163760828213 i_PS1 1048.8072 48.2994 19.948260850206353 0.05
OBS: 26.390596512993852 i_PS1 901.1885 41.5013 20.112960903518296 0.05
OBS: 30.789029265159495 i_PS1 616.2697 28.3803 20.525572953863467 0.05
OBS: 35.18746201732514 i_PS1 477.1337 21.9728 20.803399838037972 0.05
OBS: 39.58589476949078 i_PS1 459.7398 21.1718 20.843719658317298 0.05
OBS: -8.796865504331285 z_PS1 773.8529 35.6372 20.278354021813524 0.05
OBS: -4.398432752165642 z_PS1 1083.8143 49.9115 19.91261284498534 0.05
OBS: 0.0 z_PS1 1133.1963 52.1856 19.86423717145593 0.05
OBS: 4.398432752165642 z_PS1 1043.8363 48.0704 19.95341899349595 0.05
OBS: 8.796865504331285 z_PS1 672.5422 30.9717 20.430701188901526 0.05
OBS: 13.195298256496926 z_PS1 568.9125 26.1994 20.612386315442713 0.05
OBS: 17.59373100866257 z_PS1 583.2531 26.8598 20.585357274027 0.05
OBS: 21.992163760828213 z_PS1 700.275 32.2489 20.38682842155482 0.05
OBS: 26.390596512993852 z_PS1 631.1247 29.0644 20.499712040191177 0.05
OBS: 30.789029265159495 z_PS1 516.1717 23.7706 20.71801448851453 0.05
OBS: 35.18746201732514 z_PS1 454.476 20.9294 20.85622255527795 0.05
OBS: 39.58589476949078 z_PS1 397.9308 18.3254 21.00048112900067 0.05
END: