# 5272 
# SNANA-like file generated from user-provided data
# Zeropoint of the converted SNANA file: 27.5 mag
# -----------------------------------------------------------
# Data table created by: anonymous
# On date: 2023.03.14 (yyyy.mm.dd); 23.58 hrs (GMT).
# Script used: BayeSNmodel.io.write_snana_lcfile.py
# -----------------------------------------------------------
SNID: 5272
MWEBV: 0
REDSHIFT_HELIO: 0.09904219718553046
REDSHIFT_CMB: 0.09904219718553046
REDSHIFT_CMB_ERR: 0.001
PEAKMJD: 0
FILTERS: g_PS1,i_PS1,r_PS1,z_PS1
# -----------------------------------------------------------
NOBS: 48
NVAR: 6
VARLIST: MJD FLT FLUXCAL FLUXCALERR MAG MAGERR
OBS: -8.792337577484243 g_PS1 1093.7499 50.369 19.902704931398457 0.05
OBS: -4.396168788742122 g_PS1 1657.5517 76.3331 19.451332290146674 0.05
OBS: 0.0 g_PS1 1699.3941 78.26 19.424264747788722 0.05
OBS: 4.396168788742122 g_PS1 1474.4996 67.9032 19.57838838440846 0.05
OBS: 8.792337577484243 g_PS1 1365.7264 62.894 19.661590748070207 0.05
OBS: 13.188506366226365 g_PS1 953.2222 43.8975 20.052014666212653 0.05
OBS: 17.584675154968487 g_PS1 610.1866 28.1001 20.53634337857883 0.05
OBS: 21.98084394371061 g_PS1 434.8581 20.026 20.904131139212108 0.05
OBS: 26.37701273245273 g_PS1 316.5207 14.5763 21.24899469535376 0.05
OBS: 30.77318152119485 g_PS1 269.0698 12.3911 21.425337759363817 0.05
OBS: 35.16935030993697 g_PS1 215.3361 9.9166 21.66720808266395 0.05
OBS: 39.5655190986791 g_PS1 168.1066 7.7416 21.93603811898368 0.05
OBS: -8.792337577484243 r_PS1 1068.0514 49.1856 19.928519651022068 0.05
OBS: -4.396168788742122 r_PS1 1469.8446 67.6888 19.58182145537693 0.05
OBS: 0.0 r_PS1 1775.7266 81.7752 19.37655972193245 0.05
OBS: 4.396168788742122 r_PS1 1755.7002 80.853 19.388874097847985 0.05
OBS: 8.792337577484243 r_PS1 1579.528 72.74 19.503681644994035 0.05
OBS: 13.188506366226365 r_PS1 1268.9032 58.4352 19.741428796819836 0.05
OBS: 17.584675154968487 r_PS1 1028.3444 47.357 19.969653577309618 0.05
OBS: 21.98084394371061 r_PS1 835.4887 38.4757 20.195148557548876 0.05
OBS: 26.37701273245273 r_PS1 745.8755 34.3488 20.31833409786967 0.05
OBS: 30.77318152119485 r_PS1 604.298 27.829 20.5468721310827 0.05
OBS: 35.16935030993697 r_PS1 493.1595 22.7108 20.767531381865787 0.05
OBS: 39.5655190986791 r_PS1 427.302 19.678 20.92316273084827 0.05
OBS: -8.792337577484243 i_PS1 999.2948 46.0192 20.000765912402542 0.05
OBS: -4.396168788742122 i_PS1 1287.4502 59.2893 19.725673933643478 0.05
OBS: 0.0 i_PS1 1459.2806 67.2024 19.589652955622977 0.05
OBS: 4.396168788742122 i_PS1 1388.2303 63.9304 19.64384618858412 0.05
OBS: 8.792337577484243 i_PS1 1203.2551 55.4119 19.79910568316279 0.05
OBS: 13.188506366226365 i_PS1 932.1517 42.9272 20.076283535768525 0.05
OBS: 17.584675154968487 i_PS1 843.1648 38.8292 20.18521879306829 0.05
OBS: 21.98084394371061 i_PS1 806.5924 37.145 20.233364710925176 0.05
OBS: 26.37701273245273 i_PS1 781.2436 35.9776 20.26803382417467 0.05
OBS: 30.77318152119485 i_PS1 736.7821 33.9301 20.33165239343439 0.05
OBS: 35.16935030993697 i_PS1 596.7961 27.4835 20.560435045441103 0.05
OBS: 39.5655190986791 i_PS1 466.149 21.467 20.82868807718054 0.05
OBS: -8.792337577484243 z_PS1 769.302 35.4277 20.2847577842861 0.05
OBS: -4.396168788742122 z_PS1 860.0857 39.6084 20.163645700652317 0.05
OBS: 0.0 z_PS1 858.3017 39.5263 20.16590009755822 0.05
OBS: 4.396168788742122 z_PS1 749.4054 34.5114 20.313207956583142 0.05
OBS: 8.792337577484243 z_PS1 608.1036 28.0042 20.540056004597297 0.05
OBS: 13.188506366226365 z_PS1 586.8054 27.0234 20.578764768599477 0.05
OBS: 17.584675154968487 z_PS1 506.698 23.3343 20.738127038897115 0.05
OBS: 21.98084394371061 z_PS1 558.326 25.7119 20.632780377137724 0.05
OBS: 26.37701273245273 z_PS1 539.3191 24.8366 20.670385404382163 0.05
OBS: 30.77318152119485 z_PS1 501.7857 23.1081 20.74870420028889 0.05
OBS: 35.16935030993697 z_PS1 502.7649 23.1532 20.746587589473027 0.05
OBS: 39.5655190986791 z_PS1 430.2674 19.8145 20.915653944876954 0.05
END: