# 5612 
# SNANA-like file generated from user-provided data
# Zeropoint of the converted SNANA file: 27.5 mag
# -----------------------------------------------------------
# Data table created by: anonymous
# On date: 2023.03.14 (yyyy.mm.dd); 23.58 hrs (GMT).
# Script used: BayeSNmodel.io.write_snana_lcfile.py
# -----------------------------------------------------------
SNID: 5612
MWEBV: 0
REDSHIFT_HELIO: 0.08183446416695422
REDSHIFT_CMB: 0.08183446416695422
REDSHIFT_CMB_ERR: 0.001
PEAKMJD: 0
FILTERS: g_PS1,i_PS1,r_PS1,z_PS1
# -----------------------------------------------------------
NOBS: 48
NVAR: 6
VARLIST: MJD FLT FLUXCAL FLUXCALERR MAG MAGERR
OBS: -8.654675713335633 g_PS1 3486.4793 160.5583 18.644032279007913 0.05
OBS: -4.327337856667817 g_PS1 4806.4818 221.3467 18.295431740927224 0.05
OBS: 0.0 g_PS1 5541.5535 255.198 18.140921182721485 0.05
OBS: 4.327337856667817 g_PS1 4959.2715 228.3829 18.261455296269386 0.05
OBS: 8.654675713335633 g_PS1 3789.1482 174.4967 18.55364602616621 0.05
OBS: 12.98201357000345 g_PS1 2923.543 134.6341 18.835226283703804 0.05
OBS: 17.309351426671267 g_PS1 1838.2481 84.6545 19.33898965888231 0.05
OBS: 21.636689283339084 g_PS1 1131.3806 52.102 19.86597813652257 0.05
OBS: 25.9640271400069 g_PS1 766.4041 35.2942 20.288855483341894 0.05
OBS: 30.291364996674716 g_PS1 563.0195 25.928 20.62369132958524 0.05
OBS: 34.61870285334253 g_PS1 480.1345 22.111 20.79659266819395 0.05
OBS: 38.94604071001035 g_PS1 443.3613 20.4175 20.88310565175676 0.05
OBS: -8.654675713335633 r_PS1 2607.9284 120.0995 18.959260839354847 0.05
OBS: -4.327337856667817 r_PS1 4417.3151 203.4249 18.387104058483587 0.05
OBS: 0.0 r_PS1 5030.7633 231.6752 18.24591529751583 0.05
OBS: 4.327337856667817 r_PS1 4916.0273 226.3914 18.27096427769973 0.05
OBS: 8.654675713335633 r_PS1 3998.8006 184.1516 18.495175626955454 0.05
OBS: 12.98201357000345 r_PS1 3070.0484 141.381 18.782136948173203 0.05
OBS: 17.309351426671267 r_PS1 2258.0237 103.9858 19.115678737693923 0.05
OBS: 21.636689283339084 r_PS1 2066.4306 95.1626 19.21194792309936 0.05
OBS: 25.9640271400069 r_PS1 1639.4169 75.4979 19.463276488541183 0.05
OBS: 30.291364996674716 r_PS1 1475.0659 67.9293 19.577971441616537 0.05
OBS: 34.61870285334253 r_PS1 1117.9614 51.484 19.878932931737154 0.05
OBS: 38.94604071001035 r_PS1 930.8772 42.8685 20.077769039979053 0.05
OBS: -8.654675713335633 i_PS1 2029.4787 93.4609 19.23153874202256 0.05
OBS: -4.327337856667817 i_PS1 3019.442 139.0504 18.80018326345077 0.05
OBS: 0.0 i_PS1 3502.4293 161.2928 18.639076542965153 0.05
OBS: 4.327337856667817 i_PS1 2934.4347 135.1357 18.831188866649356 0.05
OBS: 8.654675713335633 i_PS1 2208.4865 101.7046 19.139763152393606 0.05
OBS: 12.98201357000345 i_PS1 1772.98 81.6487 19.37824038901711 0.05
OBS: 17.309351426671267 i_PS1 1742.9459 80.2656 19.396790249262157 0.05
OBS: 21.636689283339084 i_PS1 1550.2355 71.391 19.524005807523366 0.05
OBS: 25.9640271400069 i_PS1 1553.061 71.5211 19.52202870881251 0.05
OBS: 30.291364996674716 i_PS1 1532.5033 70.5744 19.536496450035354 0.05
OBS: 34.61870285334253 i_PS1 1366.113 62.9118 19.66128346980116 0.05
OBS: 38.94604071001035 i_PS1 1034.9638 47.6618 19.962687080792772 0.05
OBS: -8.654675713335633 z_PS1 1707.1587 78.6176 19.41931524465336 0.05
OBS: -4.327337856667817 z_PS1 2492.4965 114.7837 19.008413611600293 0.05
OBS: 0.0 z_PS1 2138.537 98.4833 19.174708076708754 0.05
OBS: 4.327337856667817 z_PS1 1788.5207 82.3644 19.368765095378567 0.05
OBS: 8.654675713335633 z_PS1 1371.509 63.1603 19.65700337394935 0.05
OBS: 12.98201357000345 z_PS1 1113.5928 51.2828 19.8831839487846 0.05
OBS: 17.309351426671267 z_PS1 982.7965 45.2595 20.0188409781834 0.05
OBS: 21.636689283339084 z_PS1 1117.8334 51.4781 19.879057288670193 0.05
OBS: 25.9640271400069 z_PS1 1278.003 58.8542 19.733670342420204 0.05
OBS: 30.291364996674716 z_PS1 1197.4174 55.1431 19.804386064991846 0.05
OBS: 34.61870285334253 z_PS1 1079.258 49.7017 19.91718676397836 0.05
OBS: 38.94604071001035 z_PS1 914.6248 42.12 20.09689261272069 0.05
END: