# 5668 
# SNANA-like file generated from user-provided data
# Zeropoint of the converted SNANA file: 27.5 mag
# -----------------------------------------------------------
# Data table created by: anonymous
# On date: 2023.03.14 (yyyy.mm.dd); 23.58 hrs (GMT).
# Script used: BayeSNmodel.io.write_snana_lcfile.py
# -----------------------------------------------------------
SNID: 5668
MWEBV: 0
REDSHIFT_HELIO: 0.08598179774410905
REDSHIFT_CMB: 0.08598179774410905
REDSHIFT_CMB_ERR: 0.001
PEAKMJD: 0
FILTERS: g_PS1,i_PS1,r_PS1,z_PS1
# -----------------------------------------------------------
NOBS: 48
NVAR: 6
VARLIST: MJD FLT FLUXCAL FLUXCALERR MAG MAGERR
OBS: -8.687854381952873 g_PS1 1495.0158 68.848 19.563385517809497 0.05
OBS: -4.343927190976436 g_PS1 2435.4001 112.1543 19.0335742230196 0.05
OBS: 0.0 g_PS1 2551.6238 117.5066 18.982958376615752 0.05
OBS: 4.343927190976436 g_PS1 2210.2091 101.7839 19.138916614619067 0.05
OBS: 8.687854381952873 g_PS1 1813.6535 83.5218 19.353614202283108 0.05
OBS: 13.031781572929308 g_PS1 1313.0137 60.4665 19.704326888025662 0.05
OBS: 17.375708763905745 g_PS1 931.0919 42.8784 20.07751867598339 0.05
OBS: 21.719635954882182 g_PS1 634.4493 29.2175 20.494007612505886 0.05
OBS: 26.063563145858616 g_PS1 490.8734 22.6056 20.77257619496308 0.05
OBS: 30.407490336835053 g_PS1 368.9182 16.9893 21.08267486139028 0.05
OBS: 34.75141752781149 g_PS1 271.8292 12.5182 21.414259627552852 0.05
OBS: 39.09534471878793 g_PS1 222.2605 10.2355 21.63284439376435 0.05
OBS: -8.687854381952873 r_PS1 1583.6563 72.9301 19.50084766404079 0.05
OBS: -4.343927190976436 r_PS1 2240.3465 103.1718 19.12421203347613 0.05
OBS: 0.0 r_PS1 2453.7294 112.9984 19.025433313876036 0.05
OBS: 4.343927190976436 r_PS1 2608.189 120.1115 18.959152361550263 0.05
OBS: 8.687854381952873 r_PS1 2201.1848 101.3683 19.143358713269535 0.05
OBS: 13.031781572929308 r_PS1 1883.7493 86.7499 19.312442259848858 0.05
OBS: 17.375708763905745 r_PS1 1297.7166 59.7621 19.717050322634577 0.05
OBS: 21.719635954882182 r_PS1 1110.3957 51.1356 19.886305564738404 0.05
OBS: 26.063563145858616 r_PS1 922.4383 42.4799 20.087656740649972 0.05
OBS: 30.407490336835053 r_PS1 869.9262 40.0616 20.151293925683625 0.05
OBS: 34.75141752781149 r_PS1 668.1091 30.7676 20.43788145458994 0.05
OBS: 39.09534471878793 r_PS1 491.952 22.6552 20.77019307979183 0.05
OBS: -8.687854381952873 i_PS1 1188.2939 54.723 19.812690327749536 0.05
OBS: -4.343927190976436 i_PS1 1551.8932 71.4673 19.522845408703077 0.05
OBS: 0.0 i_PS1 1565.0097 72.0714 19.513707385291685 0.05
OBS: 4.343927190976436 i_PS1 1594.0858 73.4104 19.49372073947938 0.05
OBS: 8.687854381952873 i_PS1 1266.9057 58.3432 19.74313928230357 0.05
OBS: 13.031781572929308 i_PS1 1095.6266 50.4555 19.90084354611873 0.05
OBS: 17.375708763905745 i_PS1 963.5108 44.3713 20.040358551274817 0.05
OBS: 21.719635954882182 i_PS1 818.8652 37.7101 20.21696900271712 0.05
OBS: 26.063563145858616 i_PS1 877.5801 40.4141 20.141783138099626 0.05
OBS: 30.407490336835053 i_PS1 971.1926 44.7251 20.03173656390953 0.05
OBS: 34.75141752781149 i_PS1 871.9057 40.1527 20.148826197885853 0.05
OBS: 39.09534471878793 i_PS1 659.041 30.35 20.452718879374686 0.05
OBS: -8.687854381952873 z_PS1 1169.6623 53.8649 19.82984876035615 0.05
OBS: -4.343927190976436 z_PS1 1375.4625 63.3424 19.653878139526775 0.05
OBS: 0.0 z_PS1 1363.5403 62.7934 19.66333005307708 0.05
OBS: 4.343927190976436 z_PS1 1196.4194 55.0971 19.80529138383192 0.05
OBS: 8.687854381952873 z_PS1 872.2212 40.1673 20.148433422431257 0.05
OBS: 13.031781572929308 z_PS1 642.5571 29.5908 20.480220674845686 0.05
OBS: 17.375708763905745 z_PS1 616.2237 28.3782 20.525653967163986 0.05
OBS: 21.719635954882182 z_PS1 623.4704 28.7119 20.512960330748715 0.05
OBS: 26.063563145858616 z_PS1 737.0645 33.9431 20.33123629269129 0.05
OBS: 30.407490336835053 z_PS1 831.3084 38.2832 20.200594614230646 0.05
OBS: 34.75141752781149 z_PS1 684.3829 31.517 20.41175214485366 0.05
OBS: 39.09534471878793 z_PS1 551.6771 25.4057 20.645787627721273 0.05
END: