# 5701 
# SNANA-like file generated from user-provided data
# Zeropoint of the converted SNANA file: 27.5 mag
# -----------------------------------------------------------
# Data table created by: anonymous
# On date: 2023.03.14 (yyyy.mm.dd); 23.58 hrs (GMT).
# Script used: BayeSNmodel.io.write_snana_lcfile.py
# -----------------------------------------------------------
SNID: 5701
MWEBV: 0
REDSHIFT_HELIO: 0.0997587277683668
REDSHIFT_CMB: 0.0997587277683668
REDSHIFT_CMB_ERR: 0.001
PEAKMJD: 0
FILTERS: g_PS1,i_PS1,r_PS1,z_PS1
# -----------------------------------------------------------
NOBS: 48
NVAR: 6
VARLIST: MJD FLT FLUXCAL FLUXCALERR MAG MAGERR
OBS: -8.798069822146935 g_PS1 1548.3663 71.3049 19.525315718025396 0.05
OBS: -4.399034911073468 g_PS1 2522.7053 116.1749 18.99533370200358 0.05
OBS: 0.0 g_PS1 2637.232 121.449 18.947129162001076 0.05
OBS: 4.399034911073468 g_PS1 2383.4022 109.7597 19.057006658004926 0.05
OBS: 8.798069822146935 g_PS1 1931.3951 88.944 19.285322195638972 0.05
OBS: 13.197104733220403 g_PS1 1307.5756 60.2161 19.708833004889517 0.05
OBS: 17.59613964429387 g_PS1 778.6129 35.8565 20.271695978778904 0.05
OBS: 21.99517455536734 g_PS1 539.2688 24.8342 20.670486666896025 0.05
OBS: 26.394209466440806 g_PS1 407.4105 18.7619 20.97491945375157 0.05
OBS: 30.793244377514274 g_PS1 324.8362 14.9593 21.220838886332604 0.05
OBS: 35.19227928858774 g_PS1 258.1045 11.8862 21.470510997222082 0.05
OBS: 39.59131419966121 g_PS1 229.6949 10.5778 21.597121735123057 0.05
OBS: -8.798069822146935 r_PS1 1358.2529 62.5499 19.667548383629516 0.05
OBS: -4.399034911073468 r_PS1 2332.7369 107.4265 19.08033562286219 0.05
OBS: 0.0 r_PS1 2472.611 113.8679 19.017110515895272 0.05
OBS: 4.399034911073468 r_PS1 2449.33 112.7958 19.02738176186923 0.05
OBS: 8.798069822146935 r_PS1 2225.751 102.4996 19.1313085348384 0.05
OBS: 13.197104733220403 r_PS1 1599.7638 73.6718 19.4898603598996 0.05
OBS: 17.59613964429387 r_PS1 1298.7266 59.8086 19.716205660591122 0.05
OBS: 21.99517455536734 r_PS1 1057.8352 48.7151 19.938954955378293 0.05
OBS: 26.394209466440806 r_PS1 883.1064 40.6686 20.134967419655286 0.05
OBS: 30.793244377514274 r_PS1 709.7357 32.6845 20.37225835335269 0.05
OBS: 35.19227928858774 r_PS1 557.5568 25.6764 20.634277267936252 0.05
OBS: 39.59131419966121 r_PS1 479.8076 22.096 20.79733213572124 0.05
OBS: -8.798069822146935 i_PS1 1219.4058 56.1557 19.784629394643833 0.05
OBS: -4.399034911073468 i_PS1 2041.5621 94.0174 19.225093519365554 0.05
OBS: 0.0 i_PS1 2301.2126 105.9748 19.09510813228769 0.05
OBS: 4.399034911073468 i_PS1 1938.0178 89.249 19.281605587626686 0.05
OBS: 8.798069822146935 i_PS1 1541.4518 70.9865 19.530175148918314 0.05
OBS: 13.197104733220403 i_PS1 1149.5422 52.9384 19.848687718612975 0.05
OBS: 17.59613964429387 i_PS1 1050.8354 48.3928 19.946163308830943 0.05
OBS: 21.99517455536734 i_PS1 1127.7713 51.9358 19.869447432187815 0.05
OBS: 26.394209466440806 i_PS1 993.5736 45.7558 20.006999913903602 0.05
OBS: 30.793244377514274 i_PS1 870.3586 40.0815 20.15075449145608 0.05
OBS: 35.19227928858774 i_PS1 767.0141 35.3223 20.2879916791782 0.05
OBS: 39.59131419966121 i_PS1 590.7654 27.2058 20.571462388666337 0.05
OBS: -8.798069822146935 z_PS1 886.9492 40.8455 20.130253130205997 0.05
OBS: -4.399034911073468 z_PS1 1272.3427 58.5935 19.73848970174873 0.05
OBS: 0.0 z_PS1 1289.015 59.3613 19.724355087761896 0.05
OBS: 4.399034911073468 z_PS1 1098.1941 50.5737 19.89830220404851 0.05
OBS: 8.798069822146935 z_PS1 731.4134 33.6828 20.339592646882945 0.05
OBS: 13.197104733220403 z_PS1 627.7559 28.9092 20.50552302312735 0.05
OBS: 17.59613964429387 z_PS1 574.1221 26.4393 20.602489346683882 0.05
OBS: 21.99517455536734 z_PS1 659.4408 30.3684 20.452060487030252 0.05
OBS: 26.394209466440806 z_PS1 772.6479 35.5818 20.28004589812308 0.05
OBS: 30.793244377514274 z_PS1 806.1549 37.1248 20.233953743307616 0.05
OBS: 35.19227928858774 z_PS1 685.4571 31.5665 20.410049334763876 0.05
OBS: 39.59131419966121 z_PS1 525.2386 24.1881 20.69910842125562 0.05
END: