# 594 
# SNANA-like file generated from user-provided data
# Zeropoint of the converted SNANA file: 27.5 mag
# -----------------------------------------------------------
# Data table created by: anonymous
# On date: 2023.03.14 (yyyy.mm.dd); 23.58 hrs (GMT).
# Script used: BayeSNmodel.io.write_snana_lcfile.py
# -----------------------------------------------------------
SNID: 594
MWEBV: 0
REDSHIFT_HELIO: 0.07250531638705718
REDSHIFT_CMB: 0.07250531638705718
REDSHIFT_CMB_ERR: 0.001
PEAKMJD: 0
FILTERS: g_PS1,i_PS1,r_PS1,z_PS1
# -----------------------------------------------------------
NOBS: 48
NVAR: 6
VARLIST: MJD FLT FLUXCAL FLUXCALERR MAG MAGERR
OBS: -8.580042531096458 g_PS1 1419.5596 65.3731 19.619615930228278 0.05
OBS: -4.290021265548229 g_PS1 2486.8699 114.5246 19.010867335757418 0.05
OBS: 0.0 g_PS1 2371.9527 109.2325 19.062234924674648 0.05
OBS: 4.290021265548229 g_PS1 2030.3524 93.5012 19.231071453064484 0.05
OBS: 8.580042531096458 g_PS1 1429.6749 65.839 19.611906799426816 0.05
OBS: 12.870063796644686 g_PS1 932.3672 42.9371 20.07603249640378 0.05
OBS: 17.160085062192916 g_PS1 551.9324 25.4174 20.64528519901312 0.05
OBS: 21.450106327741146 g_PS1 413.4251 19.0389 20.95900792136487 0.05
OBS: 25.740127593289372 g_PS1 307.8035 14.1749 21.279316141480187 0.05
OBS: 30.030148858837602 g_PS1 256.7796 11.8251 21.47609881280426 0.05
OBS: 34.32017012438583 g_PS1 219.5325 10.1098 21.646253050285654 0.05
OBS: 38.61019138993406 g_PS1 167.4488 7.7113 21.940294709028123 0.05
OBS: -8.580042531096458 r_PS1 1501.0323 69.1251 19.55902489964413 0.05
OBS: -4.290021265548229 r_PS1 2167.9082 99.8359 19.159897800571567 0.05
OBS: 0.0 r_PS1 2497.4209 115.0105 19.00627064372872 0.05
OBS: 4.290021265548229 r_PS1 2342.5172 107.8769 19.07579300606281 0.05
OBS: 8.580042531096458 r_PS1 2084.2997 95.9855 19.202599569368004 0.05
OBS: 12.870063796644686 r_PS1 1747.0477 80.4545 19.394238079466387 0.05
OBS: 17.160085062192916 r_PS1 1218.1745 56.099 19.785726270285668 0.05
OBS: 21.450106327741146 r_PS1 1147.2276 52.8318 19.850876026960893 0.05
OBS: 25.740127593289372 r_PS1 840.3274 38.6985 20.188878727574963 0.05
OBS: 30.030148858837602 r_PS1 644.1807 29.6656 20.477480702797624 0.05
OBS: 34.32017012438583 r_PS1 506.4326 23.3221 20.73869577743169 0.05
OBS: 38.61019138993406 r_PS1 473.2562 21.7943 20.812259201693507 0.05
OBS: -8.580042531096458 i_PS1 1409.1954 64.8958 19.62757198115394 0.05
OBS: -4.290021265548229 i_PS1 2019.9483 93.0221 19.23664937814546 0.05
OBS: 0.0 i_PS1 2390.3786 110.081 19.05383324912572 0.05
OBS: 4.290021265548229 i_PS1 1866.914 85.9746 19.322189244037165 0.05
OBS: 8.580042531096458 i_PS1 1539.7873 70.9098 19.53134818467482 0.05
OBS: 12.870063796644686 i_PS1 1232.5251 56.7599 19.773010612901352 0.05
OBS: 17.160085062192916 i_PS1 1253.8685 57.7428 19.754370053517324 0.05
OBS: 21.450106327741146 i_PS1 1337.4379 61.5913 19.684315962706634 0.05
OBS: 25.740127593289372 i_PS1 1132.4146 52.1496 19.864986378394818 0.05
OBS: 30.030148858837602 i_PS1 790.0971 36.3853 20.255798886832622 0.05
OBS: 34.32017012438583 i_PS1 612.8584 28.2232 20.531599559816865 0.05
OBS: 38.61019138993406 i_PS1 488.0294 22.4746 20.778884930383413 0.05
OBS: -8.580042531096458 z_PS1 1182.9685 54.4777 19.81756700852365 0.05
OBS: -4.290021265548229 z_PS1 1640.1011 75.5294 19.46282347937159 0.05
OBS: 0.0 z_PS1 1493.6066 68.7831 19.564409427215086 0.05
OBS: 4.290021265548229 z_PS1 1278.6509 58.884 19.733120042474884 0.05
OBS: 8.580042531096458 z_PS1 917.9303 42.2723 20.09297577751995 0.05
OBS: 12.870063796644686 z_PS1 969.4559 44.6451 20.033679861511533 0.05
OBS: 17.160085062192916 z_PS1 1086.6892 50.0439 19.909736656456694 0.05
OBS: 21.450106327741146 z_PS1 1122.4727 51.6918 19.87456050108501 0.05
OBS: 25.740127593289372 z_PS1 1186.3862 54.6351 19.814434801734162 0.05
OBS: 30.030148858837602 z_PS1 754.625 34.7518 20.305672039330304 0.05
OBS: 34.32017012438583 z_PS1 561.8116 25.8724 20.62602322800804 0.05
OBS: 38.61019138993406 z_PS1 411.6734 18.9583 20.9636180796817 0.05
END: