# 6025 
# SNANA-like file generated from user-provided data
# Zeropoint of the converted SNANA file: 27.5 mag
# -----------------------------------------------------------
# Data table created by: anonymous
# On date: 2023.03.14 (yyyy.mm.dd); 23.58 hrs (GMT).
# Script used: BayeSNmodel.io.write_snana_lcfile.py
# -----------------------------------------------------------
SNID: 6025
MWEBV: 0
REDSHIFT_HELIO: 0.09078182634241402
REDSHIFT_CMB: 0.09078182634241402
REDSHIFT_CMB_ERR: 0.001
PEAKMJD: 0
FILTERS: g_PS1,i_PS1,r_PS1,z_PS1
# -----------------------------------------------------------
NOBS: 48
NVAR: 6
VARLIST: MJD FLT FLUXCAL FLUXCALERR MAG MAGERR
OBS: -8.726254610739312 g_PS1 741.6989 34.1565 20.324430929979478 0.05
OBS: -4.363127305369656 g_PS1 1237.0914 56.9702 19.76899556440086 0.05
OBS: 0.0 g_PS1 1245.7883 57.3707 19.761389402099592 0.05
OBS: 4.363127305369656 g_PS1 1205.3815 55.5099 19.797188671359617 0.05
OBS: 8.726254610739312 g_PS1 820.5134 37.786 20.214785861491382 0.05
OBS: 13.08938191610897 g_PS1 583.2173 26.8582 20.585423931233855 0.05
OBS: 17.452509221478625 g_PS1 413.7073 19.0519 20.95826699687048 0.05
OBS: 21.81563652684828 g_PS1 314.2214 14.4704 21.256910637322893 0.05
OBS: 26.17876383221794 g_PS1 214.4839 9.8773 21.6715131044382 0.05
OBS: 30.541891137587594 g_PS1 174.0201 8.0139 21.898501291056768 0.05
OBS: 34.90501844295725 g_PS1 155.5289 7.1624 22.02047218918299 0.05
OBS: 39.26814574832691 g_PS1 110.9941 5.1115 22.386750680695783 0.05
OBS: -8.726254610739312 r_PS1 891.9291 41.0749 20.124174221010147 0.05
OBS: -4.363127305369656 r_PS1 1190.0024 54.8016 19.811130422156957 0.05
OBS: 0.0 r_PS1 1462.7044 67.36 19.587108597141153 0.05
OBS: 4.363127305369656 r_PS1 1558.2964 71.7622 19.518374799303164 0.05
OBS: 8.726254610739312 r_PS1 1309.7019 60.314 19.70706886549038 0.05
OBS: 13.08938191610897 r_PS1 1089.3482 50.1663 19.907083175590852 0.05
OBS: 17.452509221478625 r_PS1 829.4667 38.1984 20.203002621671875 0.05
OBS: 21.81563652684828 r_PS1 591.3528 27.2328 20.570383300953285 0.05
OBS: 26.17876383221794 r_PS1 537.4108 24.7487 20.67423402246368 0.05
OBS: 30.541891137587594 r_PS1 449.8525 20.7165 20.867324766031707 0.05
OBS: 34.90501844295725 r_PS1 379.0286 17.4549 21.05332014762836 0.05
OBS: 39.26814574832691 r_PS1 348.1269 16.0318 21.14565601352258 0.05
OBS: -8.726254610739312 i_PS1 853.2625 39.2942 20.172293343003204 0.05
OBS: -4.363127305369656 i_PS1 1299.743 59.8554 19.715356248857358 0.05
OBS: 0.0 i_PS1 1261.6934 58.1031 19.747615429039605 0.05
OBS: 4.363127305369656 i_PS1 1276.1265 58.7678 19.7352657019293 0.05
OBS: 8.726254610739312 i_PS1 1068.6777 49.2144 19.92788308966591 0.05
OBS: 13.08938191610897 i_PS1 872.4854 40.1794 20.148104529746668 0.05
OBS: 17.452509221478625 i_PS1 816.7041 37.6106 20.21983812649343 0.05
OBS: 21.81563652684828 i_PS1 760.5847 35.0262 20.297130986171194 0.05
OBS: 26.17876383221794 i_PS1 663.1346 30.5385 20.44599574434063 0.05
OBS: 30.541891137587594 i_PS1 626.4279 28.8481 20.507822218770848 0.05
OBS: 34.90501844295725 i_PS1 444.0068 20.4473 20.881526043924325 0.05
OBS: 39.26814574832691 i_PS1 400.0711 18.424 20.994656964057842 0.05
OBS: -8.726254610739312 z_PS1 725.7742 33.4231 20.347996255701993 0.05
OBS: -4.363127305369656 z_PS1 936.8254 43.1424 20.070853360935864 0.05
OBS: 0.0 z_PS1 1002.505 46.1671 19.997283678597693 0.05
OBS: 4.363127305369656 z_PS1 867.6466 39.9566 20.1541427683446 0.05
OBS: 8.726254610739312 z_PS1 737.4232 33.9596 20.33070802445018 0.05
OBS: 13.08938191610897 z_PS1 527.5386 24.2941 20.69436437309663 0.05
OBS: 17.452509221478625 z_PS1 545.8004 25.135 20.657415343446665 0.05
OBS: 21.81563652684828 z_PS1 631.4238 29.0781 20.49919765710691 0.05
OBS: 26.17876383221794 z_PS1 626.7261 28.8618 20.507305626662564 0.05
OBS: 30.541891137587594 z_PS1 483.7364 22.2769 20.788478059420136 0.05
OBS: 34.90501844295725 z_PS1 416.4519 19.1783 20.951087933065057 0.05
OBS: 39.26814574832691 z_PS1 347.7337 16.0137 21.146883052125457 0.05
END: