# 6126 
# SNANA-like file generated from user-provided data
# Zeropoint of the converted SNANA file: 27.5 mag
# -----------------------------------------------------------
# Data table created by: anonymous
# On date: 2023.03.14 (yyyy.mm.dd); 23.58 hrs (GMT).
# Script used: BayeSNmodel.io.write_snana_lcfile.py
# -----------------------------------------------------------
SNID: 6126
MWEBV: 0
REDSHIFT_HELIO: 0.08022246363373188
REDSHIFT_CMB: 0.08022246363373188
REDSHIFT_CMB_ERR: 0.001
PEAKMJD: 0
FILTERS: g_PS1,i_PS1,r_PS1,z_PS1
# -----------------------------------------------------------
NOBS: 48
NVAR: 6
VARLIST: MJD FLT FLUXCAL FLUXCALERR MAG MAGERR
OBS: -8.641779709069855 g_PS1 1876.5673 86.4191 19.316589622274893 0.05
OBS: -4.3208898545349275 g_PS1 2725.6579 125.5212 18.91132161546125 0.05
OBS: 0.0 g_PS1 2723.5323 125.4233 18.912168665089787 0.05
OBS: 4.3208898545349275 g_PS1 2403.3113 110.6766 19.047974916920293 0.05
OBS: 8.641779709069855 g_PS1 1803.0491 83.0335 19.359981145227476 0.05
OBS: 12.962669563604782 g_PS1 1256.3355 57.8564 19.75223589219093 0.05
OBS: 17.28355941813971 g_PS1 908.3583 41.8314 20.104357052444563 0.05
OBS: 21.604449272674636 g_PS1 596.0081 27.4472 20.561869586446083 0.05
OBS: 25.925339127209565 g_PS1 374.9289 17.2661 21.065127644830852 0.05
OBS: 30.246228981744494 g_PS1 281.125 12.9463 21.37775120967405 0.05
OBS: 34.56711883627942 g_PS1 231.0724 10.6413 21.590629629760667 0.05
OBS: 38.888008690814345 g_PS1 211.6018 9.7446 21.686201435784813 0.05
OBS: -8.641779709069855 r_PS1 1917.597 88.3086 19.293106627693646 0.05
OBS: -4.3208898545349275 r_PS1 2759.01 127.0571 18.89811681201248 0.05
OBS: 0.0 r_PS1 3280.8041 151.0866 18.71004926374439 0.05
OBS: 4.3208898545349275 r_PS1 2507.5715 115.4779 19.00186670863545 0.05
OBS: 8.641779709069855 r_PS1 2075.176 95.5654 19.20736267502599 0.05
OBS: 12.962669563604782 r_PS1 1758.5279 80.9832 19.387126813732635 0.05
OBS: 17.28355941813971 r_PS1 1402.6297 64.5935 19.63264240112503 0.05
OBS: 21.604449272674636 r_PS1 1287.9456 59.3121 19.72525622512675 0.05
OBS: 25.925339127209565 r_PS1 1179.3927 54.313 19.820853882722503 0.05
OBS: 30.246228981744494 r_PS1 859.243 39.5696 20.164709967123194 0.05
OBS: 34.56711883627942 r_PS1 582.5996 26.8297 20.586574574325816 0.05
OBS: 38.888008690814345 r_PS1 519.3465 23.9168 20.71135702671327 0.05
OBS: -8.641779709069855 i_PS1 1432.9036 65.9876 19.60945756883656 0.05
OBS: -4.3208898545349275 i_PS1 1954.1703 89.9929 19.272593956234815 0.05
OBS: 0.0 i_PS1 1772.7277 81.6371 19.378394900000306 0.05
OBS: 4.3208898545349275 i_PS1 1733.5516 79.833 19.40265809636902 0.05
OBS: 8.641779709069855 i_PS1 1243.1904 57.251 19.76365590704061 0.05
OBS: 12.962669563604782 i_PS1 1026.9364 47.2922 19.97114114982722 0.05
OBS: 17.28355941813971 i_PS1 1065.3364 49.0606 19.93128313353389 0.05
OBS: 21.604449272674636 i_PS1 1209.62 55.7051 19.793377595387053 0.05
OBS: 25.925339127209565 i_PS1 1165.3538 53.6665 19.83385551058963 0.05
OBS: 30.246228981744494 i_PS1 1075.3934 49.5237 19.92108162887899 0.05
OBS: 34.56711883627942 i_PS1 885.525 40.7799 20.131997897098916 0.05
OBS: 38.888008690814345 i_PS1 589.6564 27.1547 20.57350243333512 0.05
OBS: -8.641779709069855 z_PS1 1444.2839 66.5117 19.60086861076132 0.05
OBS: -4.3208898545349275 z_PS1 1967.838 90.6223 19.26502662990872 0.05
OBS: 0.0 z_PS1 1775.3882 81.7596 19.376766651918324 0.05
OBS: 4.3208898545349275 z_PS1 1331.2356 61.3057 19.6893627103509 0.05
OBS: 8.641779709069855 z_PS1 983.1134 45.274 20.01849092371092 0.05
OBS: 12.962669563604782 z_PS1 801.3198 36.9021 20.240485337963282 0.05
OBS: 17.28355941813971 z_PS1 667.1126 30.7217 20.439502155569436 0.05
OBS: 21.604449272674636 z_PS1 696.3026 32.0659 20.393004902153304 0.05
OBS: 25.925339127209565 z_PS1 788.9911 36.3344 20.257319714458024 0.05
OBS: 30.246228981744494 z_PS1 836.3194 38.5139 20.19406953598769 0.05
OBS: 34.56711883627942 z_PS1 753.4082 34.6957 20.30742418154563 0.05
OBS: 38.888008690814345 z_PS1 610.2391 28.1025 20.536249996732536 0.05
END: