# 6133 
# SNANA-like file generated from user-provided data
# Zeropoint of the converted SNANA file: 27.5 mag
# -----------------------------------------------------------
# Data table created by: anonymous
# On date: 2023.03.14 (yyyy.mm.dd); 23.58 hrs (GMT).
# Script used: BayeSNmodel.io.write_snana_lcfile.py
# -----------------------------------------------------------
SNID: 6133
MWEBV: 0
REDSHIFT_HELIO: 0.08060371408742002
REDSHIFT_CMB: 0.08060371408742002
REDSHIFT_CMB_ERR: 0.001
PEAKMJD: 0
FILTERS: g_PS1,i_PS1,r_PS1,z_PS1
# -----------------------------------------------------------
NOBS: 48
NVAR: 6
VARLIST: MJD FLT FLUXCAL FLUXCALERR MAG MAGERR
OBS: -8.64482971269936 g_PS1 2404.9621 110.7526 19.047229423845206 0.05
OBS: -4.32241485634968 g_PS1 3738.6437 172.1709 18.568214810245983 0.05
OBS: 0.0 g_PS1 3421.2979 157.5566 18.66452278316651 0.05
OBS: 4.32241485634968 g_PS1 3246.0036 149.484 18.721627506614627 0.05
OBS: 8.64482971269936 g_PS1 3102.4787 142.8744 18.770727962687168 0.05
OBS: 12.96724456904904 g_PS1 2219.6088 102.2168 19.134308886679136 0.05
OBS: 17.28965942539872 g_PS1 1446.7468 66.6252 19.599018710242937 0.05
OBS: 21.612074281748402 g_PS1 825.8739 38.0329 20.207715585892124 0.05
OBS: 25.93448913809808 g_PS1 604.1676 27.8229 20.547106424964632 0.05
OBS: 30.25690399444776 g_PS1 441.0595 20.3115 20.8887569590401 0.05
OBS: 34.57931885079744 g_PS1 396.819 18.2742 21.003518929466296 0.05
OBS: 38.90173370714712 g_PS1 334.9077 15.4231 21.18768702360582 0.05
OBS: -8.64482971269936 r_PS1 2359.8562 108.6754 19.067786156569344 0.05
OBS: -4.32241485634968 r_PS1 2946.9465 135.7119 18.826569355408843 0.05
OBS: 0.0 r_PS1 2991.326 137.7557 18.81034064184168 0.05
OBS: 4.32241485634968 r_PS1 3733.7694 171.9464 18.569631281892427 0.05
OBS: 8.64482971269936 r_PS1 3231.3202 148.8078 18.72655002196001 0.05
OBS: 12.96724456904904 r_PS1 2647.0633 121.9018 18.9430891871188 0.05
OBS: 17.28965942539872 r_PS1 1972.2701 90.8264 19.262584018043245 0.05
OBS: 21.612074281748402 r_PS1 1628.2407 74.9833 19.470703474788003 0.05
OBS: 25.93448913809808 r_PS1 1359.9134 62.6263 19.666221841070303 0.05
OBS: 30.25690399444776 r_PS1 1012.8873 46.6452 19.986097229280528 0.05
OBS: 34.57931885079744 r_PS1 810.5722 37.3282 20.22802070419705 0.05
OBS: 38.90173370714712 r_PS1 718.1634 33.0726 20.359441882458494 0.05
OBS: -8.64482971269936 i_PS1 1773.0715 81.653 19.37818440313785 0.05
OBS: -4.32241485634968 i_PS1 2310.6112 106.4076 19.090682829759558 0.05
OBS: 0.0 i_PS1 2393.3457 110.2176 19.052486435487133 0.05
OBS: 4.32241485634968 i_PS1 2397.7865 110.4221 19.05047373078595 0.05
OBS: 8.64482971269936 i_PS1 2002.261 92.2075 19.246198262842245 0.05
OBS: 12.96724456904904 i_PS1 1692.881 77.9601 19.428433897442787 0.05
OBS: 17.28965942539872 i_PS1 1487.8316 68.5172 19.568615539056232 0.05
OBS: 21.612074281748402 i_PS1 1502.489 69.1922 19.55797177703221 0.05
OBS: 25.93448913809808 i_PS1 1255.1358 57.8011 19.75327320725822 0.05
OBS: 30.25690399444776 i_PS1 1143.2247 52.6474 19.854671004872813 0.05
OBS: 34.57931885079744 i_PS1 957.5966 44.099 20.047043553837444 0.05
OBS: 38.90173370714712 i_PS1 710.644 32.7264 20.37086973047058 0.05
OBS: -8.64482971269936 z_PS1 1264.0589 58.2121 19.74558173776003 0.05
OBS: -4.32241485634968 z_PS1 1574.4871 72.5078 19.507152213917447 0.05
OBS: 0.0 z_PS1 1629.7811 75.0542 19.469676829264934 0.05
OBS: 4.32241485634968 z_PS1 1516.7355 69.8483 19.54772538132868 0.05
OBS: 8.64482971269936 z_PS1 1311.0268 60.375 19.705971112775703 0.05
OBS: 12.96724456904904 z_PS1 1019.4331 46.9466 19.979103123514147 0.05
OBS: 17.28965942539872 z_PS1 1001.237 46.1087 19.998657730285064 0.05
OBS: 21.612074281748402 z_PS1 992.4326 45.7032 20.00824747477812 0.05
OBS: 25.93448913809808 z_PS1 949.8246 43.741 20.055891481207365 0.05
OBS: 30.25690399444776 z_PS1 970.9573 44.7142 20.031999667446954 0.05
OBS: 34.57931885079744 z_PS1 863.6082 39.7706 20.159208069739705 0.05
OBS: 38.90173370714712 z_PS1 651.4719 30.0014 20.46526070287284 0.05
END: