# 6180 
# SNANA-like file generated from user-provided data
# Zeropoint of the converted SNANA file: 27.5 mag
# -----------------------------------------------------------
# Data table created by: anonymous
# On date: 2023.03.14 (yyyy.mm.dd); 23.58 hrs (GMT).
# Script used: BayeSNmodel.io.write_snana_lcfile.py
# -----------------------------------------------------------
SNID: 6180
MWEBV: 0
REDSHIFT_HELIO: 0.06681014208170151
REDSHIFT_CMB: 0.06681014208170151
REDSHIFT_CMB_ERR: 0.001
PEAKMJD: 0
FILTERS: g_PS1,i_PS1,r_PS1,z_PS1
# -----------------------------------------------------------
NOBS: 48
NVAR: 6
VARLIST: MJD FLT FLUXCAL FLUXCALERR MAG MAGERR
OBS: -8.534481136653612 g_PS1 947.8315 43.6493 20.05817218373023 0.05
OBS: -4.267240568326806 g_PS1 1674.206 77.1 19.44047774333816 0.05
OBS: 0.0 g_PS1 1846.0202 85.0124 19.334408895012256 0.05
OBS: 4.267240568326806 g_PS1 1756.3322 80.8821 19.388483339376254 0.05
OBS: 8.534481136653612 g_PS1 1486.1562 68.44 19.569838860894926 0.05
OBS: 12.80172170498042 g_PS1 994.6171 45.8038 20.00586021496799 0.05
OBS: 17.068962273307225 g_PS1 637.9859 29.3803 20.48797233270766 0.05
OBS: 21.33620284163403 g_PS1 379.3752 17.4709 21.052327610965346 0.05
OBS: 25.60344340996084 g_PS1 263.6843 12.1431 21.447289248671083 0.05
OBS: 29.870683978287644 g_PS1 221.9684 10.222 21.634272108888194 0.05
OBS: 34.13792454661445 g_PS1 176.4816 8.1273 21.883251486955338 0.05
OBS: 38.405165114941255 g_PS1 165.7608 7.6336 21.951295341147954 0.05
OBS: -8.534481136653612 r_PS1 1349.5333 62.1483 19.674541025644192 0.05
OBS: -4.267240568326806 r_PS1 1821.2953 83.8737 19.34904910828424 0.05
OBS: 0.0 r_PS1 2118.6858 97.5691 19.184833594299032 0.05
OBS: 4.267240568326806 r_PS1 2135.8929 98.3615 19.17605134120229 0.05
OBS: 8.534481136653612 r_PS1 1998.5827 92.0381 19.248194678267197 0.05
OBS: 12.80172170498042 r_PS1 1772.8219 81.6415 19.378337215048006 0.05
OBS: 17.068962273307225 r_PS1 1318.1224 60.7018 19.700110690087364 0.05
OBS: 21.33620284163403 r_PS1 1045.2743 48.1367 19.95192433805543 0.05
OBS: 25.60344340996084 r_PS1 828.3459 38.1467 20.20447073172902 0.05
OBS: 29.870683978287644 r_PS1 665.1757 30.6325 20.442659073382917 0.05
OBS: 34.13792454661445 r_PS1 506.2672 23.3145 20.739050549761696 0.05
OBS: 38.405165114941255 r_PS1 455.3647 20.9703 20.85410154554643 0.05
OBS: -8.534481136653612 i_PS1 1146.0022 52.7754 19.852036377367522 0.05
OBS: -4.267240568326806 i_PS1 1687.5073 77.7126 19.431885840078174 0.05
OBS: 0.0 i_PS1 1577.1239 72.6292 19.505335445501657 0.05
OBS: 4.267240568326806 i_PS1 1809.3132 83.322 19.356215612167016 0.05
OBS: 8.534481136653612 i_PS1 1498.8431 69.0243 19.56060955724118 0.05
OBS: 12.80172170498042 i_PS1 1255.8948 57.8361 19.75261684662938 0.05
OBS: 17.068962273307225 i_PS1 1116.9722 51.4385 19.87989409845051 0.05
OBS: 21.33620284163403 i_PS1 1112.6502 51.2394 19.884103345237886 0.05
OBS: 25.60344340996084 i_PS1 961.8962 44.297 20.042179532610113 0.05
OBS: 29.870683978287644 i_PS1 785.2792 36.1634 20.262439770691337 0.05
OBS: 34.13792454661445 i_PS1 645.5326 29.7279 20.475204497927336 0.05
OBS: 38.405165114941255 i_PS1 532.4195 24.5188 20.684365167998962 0.05
OBS: -8.534481136653612 z_PS1 952.766 43.8765 20.052534368585512 0.05
OBS: -4.267240568326806 z_PS1 1576.2928 72.591 19.505907762988993 0.05
OBS: 0.0 z_PS1 1768.1514 81.4264 19.381201402775332 0.05
OBS: 4.267240568326806 z_PS1 1605.4724 73.9347 19.485992900147735 0.05
OBS: 8.534481136653612 z_PS1 1365.5758 62.8871 19.661710478430376 0.05
OBS: 12.80172170498042 z_PS1 1047.0485 48.2184 19.950083010099554 0.05
OBS: 17.068962273307225 z_PS1 925.3079 42.612 20.084284267568385 0.05
OBS: 21.33620284163403 z_PS1 853.3064 39.2962 20.172237549083423 0.05
OBS: 25.60344340996084 z_PS1 870.6804 40.0963 20.15035311083204 0.05
OBS: 29.870683978287644 z_PS1 745.8621 34.3482 20.318353644073472 0.05
OBS: 34.13792454661445 z_PS1 702.3995 32.3467 20.383539443605383 0.05
OBS: 38.405165114941255 z_PS1 496.0992 22.8462 20.761078762686832 0.05
END: