# 6376 
# SNANA-like file generated from user-provided data
# Zeropoint of the converted SNANA file: 27.5 mag
# -----------------------------------------------------------
# Data table created by: anonymous
# On date: 2023.03.14 (yyyy.mm.dd); 23.58 hrs (GMT).
# Script used: BayeSNmodel.io.write_snana_lcfile.py
# -----------------------------------------------------------
SNID: 6376
MWEBV: 0
REDSHIFT_HELIO: 0.08491593827479242
REDSHIFT_CMB: 0.08491593827479242
REDSHIFT_CMB_ERR: 0.001
PEAKMJD: 0
FILTERS: g_PS1,i_PS1,r_PS1,z_PS1
# -----------------------------------------------------------
NOBS: 48
NVAR: 6
VARLIST: MJD FLT FLUXCAL FLUXCALERR MAG MAGERR
OBS: -8.679327506198339 g_PS1 1364.6626 62.845 19.66243677380986 0.05
OBS: -4.3396637530991695 g_PS1 2101.8929 96.7957 19.19347353106946 0.05
OBS: 0.0 g_PS1 2398.4039 110.4506 19.05019420652938 0.05
OBS: 4.3396637530991695 g_PS1 1971.4149 90.787 19.263054889099898 0.05
OBS: 8.679327506198339 g_PS1 1487.3851 68.4966 19.56894140734478 0.05
OBS: 13.018991259297508 g_PS1 985.6885 45.3926 20.015650744580064 0.05
OBS: 17.358655012396678 g_PS1 757.4492 34.8818 20.301616238231762 0.05
OBS: 21.69831876549585 g_PS1 454.0734 20.9109 20.85718487885144 0.05
OBS: 26.037982518595015 g_PS1 272.897 12.5674 21.41000311657769 0.05
OBS: 30.377646271694186 g_PS1 228.9881 10.5453 21.600467749030862 0.05
OBS: 34.717310024793356 g_PS1 181.0874 8.3394 21.85527952757246 0.05
OBS: 39.05697377789252 g_PS1 154.3481 7.108 22.028746711965596 0.05
OBS: -8.679327506198339 r_PS1 1101.8189 50.7406 19.894724472012296 0.05
OBS: -4.3396637530991695 r_PS1 1918.6292 88.3561 19.292522396546165 0.05
OBS: 0.0 r_PS1 2242.4431 103.2683 19.12319642325669 0.05
OBS: 4.3396637530991695 r_PS1 2394.0208 110.2487 19.052180221481876 0.05
OBS: 8.679327506198339 r_PS1 2136.7355 98.4003 19.17562306567678 0.05
OBS: 13.018991259297508 r_PS1 1633.1916 75.2113 19.467407160222205 0.05
OBS: 17.358655012396678 r_PS1 1151.6312 53.0346 19.84671640155431 0.05
OBS: 21.69831876549585 r_PS1 1034.6452 47.6472 19.96302134305515 0.05
OBS: 26.037982518595015 r_PS1 761.6696 35.0762 20.295583467601762 0.05
OBS: 30.377646271694186 r_PS1 501.0762 23.0754 20.750240535592532 0.05
OBS: 34.717310024793356 r_PS1 417.9726 19.2483 20.947130536403893 0.05
OBS: 39.05697377789252 r_PS1 360.7771 16.6144 21.10690263379282 0.05
OBS: -8.679327506198339 i_PS1 1054.8074 48.5757 19.942067129332735 0.05
OBS: -4.3396637530991695 i_PS1 1758.6354 80.9882 19.387060485480436 0.05
OBS: 0.0 i_PS1 2127.52 97.9759 19.180315857917602 0.05
OBS: 4.3396637530991695 i_PS1 1756.3894 80.8847 19.388448001186852 0.05
OBS: 8.679327506198339 i_PS1 1263.8628 58.203 19.74575015256732 0.05
OBS: 13.018991259297508 i_PS1 983.4841 45.2911 20.01808160034735 0.05
OBS: 17.358655012396678 i_PS1 1060.7596 48.8498 19.935957584627744 0.05
OBS: 21.69831876549585 i_PS1 1128.7621 51.9814 19.86849392739441 0.05
OBS: 26.037982518595015 i_PS1 932.2733 42.9328 20.076141920154356 0.05
OBS: 30.377646271694186 i_PS1 723.4469 33.316 20.351483294017314 0.05
OBS: 34.717310024793356 i_PS1 564.8877 26.014 20.620094698837168 0.05
OBS: 39.05697377789252 i_PS1 484.1994 22.2982 20.787439382759782 0.05
OBS: -8.679327506198339 z_PS1 1113.3066 51.2697 19.883463064669463 0.05
OBS: -4.3396637530991695 z_PS1 1333.6065 61.4148 19.68743073872513 0.05
OBS: 0.0 z_PS1 1269.2613 58.4516 19.741122383042043 0.05
OBS: 4.3396637530991695 z_PS1 1137.2694 52.3732 19.8603415979956 0.05
OBS: 8.679327506198339 z_PS1 754.3073 34.7371 20.306129244393567 0.05
OBS: 13.018991259297508 z_PS1 632.1878 29.1133 20.497884645283403 0.05
OBS: 17.358655012396678 z_PS1 660.6503 30.4241 20.450070842359555 0.05
OBS: 21.69831876549585 z_PS1 770.2376 35.4708 20.28343820995094 0.05
OBS: 26.037982518595015 z_PS1 768.9671 35.4122 20.285230551820778 0.05
OBS: 30.377646271694186 z_PS1 678.2926 31.2365 20.421457377526945 0.05
OBS: 34.717310024793356 z_PS1 587.2234 27.0426 20.57799166150696 0.05
OBS: 39.05697377789252 z_PS1 413.1644 19.0269 20.95969281975837 0.05
END: