# 6492 
# SNANA-like file generated from user-provided data
# Zeropoint of the converted SNANA file: 27.5 mag
# -----------------------------------------------------------
# Data table created by: anonymous
# On date: 2023.03.14 (yyyy.mm.dd); 23.58 hrs (GMT).
# Script used: BayeSNmodel.io.write_snana_lcfile.py
# -----------------------------------------------------------
SNID: 6492
MWEBV: 0
REDSHIFT_HELIO: 0.07802694816061498
REDSHIFT_CMB: 0.07802694816061498
REDSHIFT_CMB_ERR: 0.001
PEAKMJD: 0
FILTERS: g_PS1,i_PS1,r_PS1,z_PS1
# -----------------------------------------------------------
NOBS: 48
NVAR: 6
VARLIST: MJD FLT FLUXCAL FLUXCALERR MAG MAGERR
OBS: -8.62421558528492 g_PS1 1580.5122 72.7853 19.5030053753869 0.05
OBS: -4.31210779264246 g_PS1 2722.9035 125.3943 18.91241937071229 0.05
OBS: 0.0 g_PS1 3206.0656 147.6448 18.73506899058747 0.05
OBS: 4.31210779264246 g_PS1 2583.5257 118.9758 18.969468039324813 0.05
OBS: 8.62421558528492 g_PS1 1841.3315 84.7964 19.337170071145373 0.05
OBS: 12.93632337792738 g_PS1 1185.1875 54.5799 19.815532332176424 0.05
OBS: 17.24843117056984 g_PS1 776.0586 35.7388 20.275263699805837 0.05
OBS: 21.560538963212302 g_PS1 510.0846 23.4903 20.730894541480993 0.05
OBS: 25.87264675585476 g_PS1 328.0264 15.1062 21.21022814413801 0.05
OBS: 30.18475454849722 g_PS1 246.599 11.3563 21.520021913975224 0.05
OBS: 34.49686234113968 g_PS1 236.1943 10.8772 21.566826273326953 0.05
OBS: 38.80897013378214 g_PS1 212.0135 9.7636 21.68409111324453 0.05
OBS: -8.62421558528492 r_PS1 1479.3659 68.1273 19.574810960258986 0.05
OBS: -4.31210779264246 r_PS1 2407.233 110.8572 19.046204668121785 0.05
OBS: 0.0 r_PS1 2741.5203 126.2517 18.905021347021815 0.05
OBS: 4.31210779264246 r_PS1 3082.768 141.9667 18.777647883182027 0.05
OBS: 8.62421558528492 r_PS1 2704.3697 124.5408 18.91983485136048 0.05
OBS: 12.93632337792738 r_PS1 1874.9009 86.3424 19.31755422264205 0.05
OBS: 17.24843117056984 r_PS1 1356.4621 62.4674 19.668980804465185 0.05
OBS: 21.560538963212302 r_PS1 1057.6348 48.7059 19.939160701209737 0.05
OBS: 25.87264675585476 r_PS1 800.9524 36.8852 20.240983178315588 0.05
OBS: 30.18475454849722 r_PS1 603.0712 27.7725 20.549078444796187 0.05
OBS: 34.49686234113968 r_PS1 503.7703 23.1995 20.74441856688968 0.05
OBS: 38.80897013378214 r_PS1 443.5669 20.427 20.882602105130317 0.05
OBS: -8.62421558528492 i_PS1 1519.0211 69.9535 19.546090498223066 0.05
OBS: -4.31210779264246 i_PS1 2097.551 96.5958 19.19571868131582 0.05
OBS: 0.0 i_PS1 2063.0395 95.0065 19.213731156324965 0.05
OBS: 4.31210779264246 i_PS1 1802.9484 83.0288 19.360041755883376 0.05
OBS: 8.62421558528492 i_PS1 1632.3149 75.1709 19.46799016200823 0.05
OBS: 12.93632337792738 i_PS1 1262.7762 58.153 19.746684060640202 0.05
OBS: 17.24843117056984 i_PS1 1315.9635 60.6024 19.70189041738242 0.05
OBS: 21.560538963212302 i_PS1 1432.7872 65.9823 19.60954577103844 0.05
OBS: 25.87264675585476 i_PS1 1147.3081 52.8355 19.850799890539175 0.05
OBS: 30.18475454849722 i_PS1 798.5562 36.7749 20.24423629478427 0.05
OBS: 34.49686234113968 i_PS1 610.704 28.124 20.53542310317737 0.05
OBS: 38.80897013378214 i_PS1 429.895 19.7974 20.916594124609706 0.05
OBS: -8.62421558528492 z_PS1 1020.5233 46.9968 19.977942638965878 0.05
OBS: -4.31210779264246 z_PS1 1728.9711 79.6221 19.40553068335407 0.05
OBS: 0.0 z_PS1 1551.6474 71.456 19.523017406349638 0.05
OBS: 4.31210779264246 z_PS1 1194.4914 55.0084 19.807042401035023 0.05
OBS: 8.62421558528492 z_PS1 951.6328 43.8243 20.053826488873938 0.05
OBS: 12.93632337792738 z_PS1 842.9936 38.8213 20.18543926102552 0.05
OBS: 17.24843117056984 z_PS1 891.631 41.0611 20.124537065420867 0.05
OBS: 21.560538963212302 z_PS1 1044.0606 48.0808 19.953185761809205 0.05
OBS: 25.87264675585476 z_PS1 937.6916 43.1823 20.069849916464694 0.05
OBS: 30.18475454849722 z_PS1 700.1423 32.2427 20.387034186078946 0.05
OBS: 34.49686234113968 z_PS1 538.3388 24.7914 20.67236082612015 0.05
OBS: 38.80897013378214 z_PS1 380.7578 17.5345 21.04837792787747 0.05
END: