# 6498 
# SNANA-like file generated from user-provided data
# Zeropoint of the converted SNANA file: 27.5 mag
# -----------------------------------------------------------
# Data table created by: anonymous
# On date: 2023.03.14 (yyyy.mm.dd); 23.58 hrs (GMT).
# Script used: BayeSNmodel.io.write_snana_lcfile.py
# -----------------------------------------------------------
SNID: 6498
MWEBV: 0
REDSHIFT_HELIO: 0.07989403047974512
REDSHIFT_CMB: 0.07989403047974512
REDSHIFT_CMB_ERR: 0.001
PEAKMJD: 0
FILTERS: g_PS1,i_PS1,r_PS1,z_PS1
# -----------------------------------------------------------
NOBS: 48
NVAR: 6
VARLIST: MJD FLT FLUXCAL FLUXCALERR MAG MAGERR
OBS: -8.63915224383796 g_PS1 2962.8088 136.4424 18.820740931469423 0.05
OBS: -4.31957612191898 g_PS1 4091.4757 188.4194 18.470300068129994 0.05
OBS: 0.0 g_PS1 5277.5121 243.0384 18.193926912498185 0.05
OBS: 4.31957612191898 g_PS1 4349.2757 200.2915 18.403957654853084 0.05
OBS: 8.63915224383796 g_PS1 3238.7751 149.1511 18.724048017033066 0.05
OBS: 12.95872836575694 g_PS1 2216.642 102.0801 19.13576112340131 0.05
OBS: 17.27830448767592 g_PS1 1582.8701 72.8939 19.50138682761131 0.05
OBS: 21.597880609594903 g_PS1 1129.3257 52.0074 19.86795196507206 0.05
OBS: 25.91745673151388 g_PS1 877.0424 40.3893 20.142448480909188 0.05
OBS: 30.23703285343286 g_PS1 673.9345 31.0358 20.42845581125169 0.05
OBS: 34.55660897535184 g_PS1 580.0203 26.7109 20.59139193864165 0.05
OBS: 38.87618509727082 g_PS1 450.4557 20.7442 20.865869898091713 0.05
OBS: -8.63915224383796 r_PS1 2179.8417 100.3854 19.153937588310246 0.05
OBS: -4.31957612191898 r_PS1 3528.3545 162.4867 18.631069478654847 0.05
OBS: 0.0 r_PS1 4258.0868 196.0921 18.426963728547896 0.05
OBS: 4.31957612191898 r_PS1 4439.729 204.4571 18.38160884253988 0.05
OBS: 8.63915224383796 r_PS1 3726.2895 171.602 18.571808524914786 0.05
OBS: 12.95872836575694 r_PS1 2754.9542 126.8703 18.89971404525977 0.05
OBS: 17.27830448767592 r_PS1 2327.0395 107.1641 19.082990607417063 0.05
OBS: 21.597880609594903 r_PS1 1800.1061 82.8979 19.361754762798263 0.05
OBS: 25.91745673151388 r_PS1 1649.8968 75.9806 19.45635802103185 0.05
OBS: 30.23703285343286 r_PS1 1361.1569 62.6836 19.66522950126223 0.05
OBS: 34.55660897535184 r_PS1 1134.405 52.2413 19.86307967515178 0.05
OBS: 38.87618509727082 r_PS1 945.0336 43.5204 20.06138183749049 0.05
OBS: -8.63915224383796 i_PS1 1927.1256 88.7474 19.28772494131856 0.05
OBS: -4.31957612191898 i_PS1 2892.6851 133.2131 18.846747094072487 0.05
OBS: 0.0 i_PS1 2637.5203 121.4623 18.94701045310212 0.05
OBS: 4.31957612191898 i_PS1 2524.8357 116.273 18.994417207605302 0.05
OBS: 8.63915224383796 i_PS1 2217.8971 102.1379 19.13514653070827 0.05
OBS: 12.95872836575694 i_PS1 1606.0688 73.9622 19.48558960867115 0.05
OBS: 17.27830448767592 i_PS1 1473.4038 67.8528 19.57919555438765 0.05
OBS: 21.597880609594903 i_PS1 1508.9353 69.489 19.553323427551327 0.05
OBS: 25.91745673151388 i_PS1 1532.9091 70.5931 19.53620901081392 0.05
OBS: 30.23703285343286 i_PS1 1455.7903 67.0416 19.592252915492335 0.05
OBS: 34.55660897535184 i_PS1 1268.3351 58.409 19.74191498124638 0.05
OBS: 38.87618509727082 i_PS1 922.2943 42.4732 20.08782623482162 0.05
OBS: -8.63915224383796 z_PS1 1558.2518 71.7601 19.51840588491442 0.05
OBS: -4.31957612191898 z_PS1 2254.1043 103.8053 19.117564971551605 0.05
OBS: 0.0 z_PS1 2063.9835 95.05 19.213234463478678 0.05
OBS: 4.31957612191898 z_PS1 1735.1794 79.908 19.401639063218255 0.05
OBS: 8.63915224383796 z_PS1 1180.795 54.3776 19.81956375766373 0.05
OBS: 12.95872836575694 z_PS1 1123.0666 51.7191 19.873986252129665 0.05
OBS: 17.27830448767592 z_PS1 1072.3856 49.3852 19.924122564924772 0.05
OBS: 21.597880609594903 z_PS1 1086.2148 50.022 19.910210700736812 0.05
OBS: 25.91745673151388 z_PS1 1182.3826 54.4507 19.818104961468727 0.05
OBS: 30.23703285343286 z_PS1 1203.4762 55.4221 19.7989062019741 0.05
OBS: 34.55660897535184 z_PS1 1026.6234 47.2778 19.971472056974235 0.05
OBS: 38.87618509727082 z_PS1 832.596 38.3425 20.198914234582436 0.05
END: