# 6941 
# SNANA-like file generated from user-provided data
# Zeropoint of the converted SNANA file: 27.5 mag
# -----------------------------------------------------------
# Data table created by: anonymous
# On date: 2023.03.14 (yyyy.mm.dd); 23.58 hrs (GMT).
# Script used: BayeSNmodel.io.write_snana_lcfile.py
# -----------------------------------------------------------
SNID: 6941
MWEBV: 0
REDSHIFT_HELIO: 0.08684831839463095
REDSHIFT_CMB: 0.08684831839463095
REDSHIFT_CMB_ERR: 0.001
PEAKMJD: 0
FILTERS: g_PS1,i_PS1,r_PS1,z_PS1
# -----------------------------------------------------------
NOBS: 48
NVAR: 6
VARLIST: MJD FLT FLUXCAL FLUXCALERR MAG MAGERR
OBS: -8.694786547157047 g_PS1 1384.13 63.7415 19.647057803333343 0.05
OBS: -4.347393273578524 g_PS1 2518.2643 115.9704 18.99724674368954 0.05
OBS: 0.0 g_PS1 2964.6297 136.5262 18.82007387806002 0.05
OBS: 4.347393273578524 g_PS1 2428.2024 111.8229 19.036787779192093 0.05
OBS: 8.694786547157047 g_PS1 1800.0589 82.8958 19.361783236514643 0.05
OBS: 13.042179820735571 g_PS1 1125.5539 51.8337 19.871584231837137 0.05
OBS: 17.389573094314095 g_PS1 863.5271 39.7669 20.15931005746597 0.05
OBS: 21.73696636789262 g_PS1 592.9877 27.3081 20.56738585045572 0.05
OBS: 26.084359641471142 g_PS1 424.3392 19.5415 20.930717027686075 0.05
OBS: 30.431752915049664 g_PS1 347.0784 15.9835 21.14893111636277 0.05
OBS: 34.77914618862819 g_PS1 282.8777 13.027 21.371003034124527 0.05
OBS: 39.126539462206715 g_PS1 230.2779 10.6047 21.594369573262274 0.05
OBS: -8.694786547157047 r_PS1 1311.0311 60.3752 19.705967542888928 0.05
OBS: -4.347393273578524 r_PS1 2145.9688 98.8255 19.17094149371832 0.05
OBS: 0.0 r_PS1 2675.2113 123.198 18.931604774714188 0.05
OBS: 4.347393273578524 r_PS1 2646.0712 121.8561 18.94349620119744 0.05
OBS: 8.694786547157047 r_PS1 2134.389 98.2922 19.176816060131088 0.05
OBS: 13.042179820735571 r_PS1 1594.572 73.4328 19.493389665177965 0.05
OBS: 17.389573094314095 r_PS1 1323.0351 60.928 19.696071598764643 0.05
OBS: 21.73696636789262 r_PS1 1154.8567 53.1831 19.843679728365842 0.05
OBS: 26.084359641471142 r_PS1 974.9787 44.8994 20.027512182093783 0.05
OBS: 30.431752915049664 r_PS1 693.9718 31.9586 20.396645398913943 0.05
OBS: 34.77914618862819 r_PS1 575.3626 26.4964 20.600145981320143 0.05
OBS: 39.126539462206715 r_PS1 491.1187 22.6169 20.772033838561907 0.05
OBS: -8.694786547157047 i_PS1 1106.102 50.9379 19.89051208045334 0.05
OBS: -4.347393273578524 i_PS1 2080.8322 95.8259 19.204407344177937 0.05
OBS: 0.0 i_PS1 2028.0162 93.3936 19.232321451074416 0.05
OBS: 4.347393273578524 i_PS1 1739.1808 80.0922 19.39913814167162 0.05
OBS: 8.694786547157047 i_PS1 1429.0652 65.8109 19.612369920697212 0.05
OBS: 13.042179820735571 i_PS1 1174.889 54.1056 19.825007869415945 0.05
OBS: 17.389573094314095 i_PS1 1359.597 62.6118 19.666474542735024 0.05
OBS: 21.73696636789262 i_PS1 1271.0414 58.5336 19.739600798817918 0.05
OBS: 26.084359641471142 i_PS1 1127.929 51.9431 19.869295545382187 0.05
OBS: 30.431752915049664 i_PS1 887.7277 40.8814 20.129300605584053 0.05
OBS: 34.77914618862819 i_PS1 608.3175 28.0141 20.539674198191687 0.05
OBS: 39.126539462206715 i_PS1 510.879 23.5268 20.729204834397223 0.05
OBS: -8.694786547157047 z_PS1 861.1333 39.6567 20.1623240486729 0.05
OBS: -4.347393273578524 z_PS1 1314.6675 60.5427 19.70296015487672 0.05
OBS: 0.0 z_PS1 1442.7793 66.4424 19.60200021645654 0.05
OBS: 4.347393273578524 z_PS1 1210.4863 55.745 19.792600326304207 0.05
OBS: 8.694786547157047 z_PS1 861.8934 39.6917 20.161366146708744 0.05
OBS: 13.042179820735571 z_PS1 841.5333 38.754 20.18732173899219 0.05
OBS: 17.389573094314095 z_PS1 877.1597 40.3947 20.1423033121581 0.05
OBS: 21.73696636789262 z_PS1 978.0175 45.0394 20.02413338539115 0.05
OBS: 26.084359641471142 z_PS1 830.6081 38.2509 20.201509607483384 0.05
OBS: 30.431752915049664 z_PS1 709.3574 32.6671 20.37283726960441 0.05
OBS: 34.77914618862819 z_PS1 552.9273 25.4632 20.643329943402573 0.05
OBS: 39.126539462206715 z_PS1 474.7886 21.8648 20.80874928339551 0.05
END: