# 7138 
# SNANA-like file generated from user-provided data
# Zeropoint of the converted SNANA file: 27.5 mag
# -----------------------------------------------------------
# Data table created by: anonymous
# On date: 2023.03.14 (yyyy.mm.dd); 23.58 hrs (GMT).
# Script used: BayeSNmodel.io.write_snana_lcfile.py
# -----------------------------------------------------------
SNID: 7138
MWEBV: 0
REDSHIFT_HELIO: 0.08983047565594596
REDSHIFT_CMB: 0.08983047565594596
REDSHIFT_CMB_ERR: 0.001
PEAKMJD: 0
FILTERS: g_PS1,i_PS1,r_PS1,z_PS1
# -----------------------------------------------------------
NOBS: 48
NVAR: 6
VARLIST: MJD FLT FLUXCAL FLUXCALERR MAG MAGERR
OBS: -8.718643805247568 g_PS1 999.6191 46.0342 20.00041368692119 0.05
OBS: -4.359321902623784 g_PS1 1592.3646 73.3311 19.49489371667517 0.05
OBS: 0.0 g_PS1 1956.8015 90.114 19.2711330487161 0.05
OBS: 4.359321902623784 g_PS1 1718.1362 79.1231 19.41235601543459 0.05
OBS: 8.718643805247568 g_PS1 1300.2265 59.8776 19.71495244856468 0.05
OBS: 13.077965707871353 g_PS1 944.1187 43.4783 20.06243355253057 0.05
OBS: 17.437287610495137 g_PS1 702.227 32.3387 20.383806226062998 0.05
OBS: 21.79660951311892 g_PS1 453.2986 20.8752 20.85903896580307 0.05
OBS: 26.155931415742707 g_PS1 300.1326 13.8216 21.30671703906524 0.05
OBS: 30.51525331836649 g_PS1 216.9018 9.9887 21.659342133668385 0.05
OBS: 34.87457522099027 g_PS1 176.9927 8.1508 21.88011191367925 0.05
OBS: 39.23389712361406 g_PS1 151.9365 6.9969 22.045844992060054 0.05
OBS: -8.718643805247568 r_PS1 964.0089 44.3942 20.03979743818373 0.05
OBS: -4.359321902623784 r_PS1 1609.2257 74.1076 19.48345758557692 0.05
OBS: 0.0 r_PS1 1970.1902 90.7306 19.263729599394708 0.05
OBS: 4.359321902623784 r_PS1 1875.1542 86.354 19.317407559694853 0.05
OBS: 8.718643805247568 r_PS1 1722.1642 79.3086 19.409813613703715 0.05
OBS: 13.077965707871353 r_PS1 1345.7784 61.9754 19.677566150726808 0.05
OBS: 17.437287610495137 r_PS1 1080.5452 49.7609 19.91589262457779 0.05
OBS: 21.79660951311892 r_PS1 948.8784 43.6975 20.056973609115953 0.05
OBS: 26.155931415742707 r_PS1 751.9045 34.6265 20.30959330561532 0.05
OBS: 30.51525331836649 r_PS1 547.0378 25.192 20.654956642618455 0.05
OBS: 34.87457522099027 r_PS1 398.3757 18.3459 20.999267854924152 0.05
OBS: 39.23389712361406 r_PS1 350.6365 16.1474 21.137857339985068 0.05
OBS: -8.718643805247568 i_PS1 941.9573 43.3787 20.064921948350694 0.05
OBS: -4.359321902623784 i_PS1 1434.2509 66.0497 19.608437197092172 0.05
OBS: 0.0 i_PS1 1522.9478 70.1343 19.543287484292573 0.05
OBS: 4.359321902623784 i_PS1 1430.5601 65.8797 19.61123471757316 0.05
OBS: 8.718643805247568 i_PS1 1074.8935 49.5007 19.921586448648938 0.05
OBS: 13.077965707871353 i_PS1 921.2278 42.4241 20.08908246445701 0.05
OBS: 17.437287610495137 i_PS1 941.7573 43.3695 20.06515255714004 0.05
OBS: 21.79660951311892 i_PS1 991.3034 45.6512 20.00948353482486 0.05
OBS: 26.155931415742707 i_PS1 933.4467 42.9868 20.074776226206797 0.05
OBS: 30.51525331836649 i_PS1 752.2516 34.6425 20.309092270766676 0.05
OBS: 34.87457522099027 i_PS1 503.6678 23.1948 20.74463960511144 0.05
OBS: 39.23389712361406 i_PS1 446.2966 20.5527 20.875941085410446 0.05
OBS: -8.718643805247568 z_PS1 753.7421 34.7111 20.30694303734434 0.05
OBS: -4.359321902623784 z_PS1 1033.041 47.5733 19.964706059606954 0.05
OBS: 0.0 z_PS1 1121.8318 51.6623 19.875180636511402 0.05
OBS: 4.359321902623784 z_PS1 999.1978 46.0148 20.00087129289559 0.05
OBS: 8.718643805247568 z_PS1 756.2682 34.8274 20.303310342074262 0.05
OBS: 13.077965707871353 z_PS1 686.5072 31.6148 20.40838730963571 0.05
OBS: 17.437287610495137 z_PS1 585.4789 26.9623 20.581221918133195 0.05
OBS: 21.79660951311892 z_PS1 661.8987 30.4816 20.448021112685026 0.05
OBS: 26.155931415742707 z_PS1 663.8398 30.571 20.444841772549754 0.05
OBS: 30.51525331836649 z_PS1 587.5576 27.058 20.577373857168354 0.05
OBS: 34.87457522099027 z_PS1 463.8592 21.3615 20.83403446180219 0.05
OBS: 39.23389712361406 z_PS1 407.8949 18.7843 20.973629324192178 0.05
END: