# 7247 
# SNANA-like file generated from user-provided data
# Zeropoint of the converted SNANA file: 27.5 mag
# -----------------------------------------------------------
# Data table created by: anonymous
# On date: 2023.03.14 (yyyy.mm.dd); 23.58 hrs (GMT).
# Script used: BayeSNmodel.io.write_snana_lcfile.py
# -----------------------------------------------------------
SNID: 7247
MWEBV: 0
REDSHIFT_HELIO: 0.0841613686136524
REDSHIFT_CMB: 0.0841613686136524
REDSHIFT_CMB_ERR: 0.001
PEAKMJD: 0
FILTERS: g_PS1,i_PS1,r_PS1,z_PS1
# -----------------------------------------------------------
NOBS: 48
NVAR: 6
VARLIST: MJD FLT FLUXCAL FLUXCALERR MAG MAGERR
OBS: -8.67329094890922 g_PS1 2313.2021 106.5269 19.089466060329443 0.05
OBS: -4.33664547445461 g_PS1 3982.1579 183.3851 18.49970381950546 0.05
OBS: 0.0 g_PS1 4353.9303 200.5059 18.402796316428926 0.05
OBS: 4.33664547445461 g_PS1 3922.5407 180.6397 18.51608135422921 0.05
OBS: 8.67329094890922 g_PS1 3001.6219 138.2298 18.80661003115125 0.05
OBS: 13.009936423363829 g_PS1 2054.5444 94.6153 19.218211175422997 0.05
OBS: 17.34658189781844 g_PS1 1568.9663 72.2536 19.510965945228488 0.05
OBS: 21.68322737227305 g_PS1 1106.0219 50.9342 19.890590712197596 0.05
OBS: 26.019872846727658 g_PS1 650.159 29.9409 20.467450971288137 0.05
OBS: 30.356518321182268 g_PS1 508.7221 23.4275 20.733798536866356 0.05
OBS: 34.69316379563688 g_PS1 388.0348 17.8697 21.027823383210137 0.05
OBS: 39.02980927009149 g_PS1 312.171 14.376 21.264018554143593 0.05
OBS: -8.67329094890922 r_PS1 2361.1939 108.737 19.06717088490871 0.05
OBS: -4.33664547445461 r_PS1 3849.1912 177.2618 18.53657629672089 0.05
OBS: 0.0 r_PS1 4096.7999 188.6646 18.468888107931644 0.05
OBS: 4.33664547445461 r_PS1 3733.2661 171.9233 18.56977764181064 0.05
OBS: 8.67329094890922 r_PS1 2890.0536 133.0919 18.84773525142963 0.05
OBS: 13.009936423363829 r_PS1 2295.7195 105.7218 19.097702922323396 0.05
OBS: 17.34658189781844 r_PS1 2017.2195 92.8964 19.23811710909598 0.05
OBS: 21.68322737227305 r_PS1 1833.8311 84.451 19.34160166082141 0.05
OBS: 26.019872846727658 r_PS1 1399.1635 64.4339 19.635328862040524 0.05
OBS: 30.356518321182268 r_PS1 1095.8706 50.4667 19.9006018427401 0.05
OBS: 34.69316379563688 r_PS1 853.6612 39.3126 20.171786170558477 0.05
OBS: 39.02980927009149 r_PS1 741.1999 34.1335 20.325161616914027 0.05
OBS: -8.67329094890922 i_PS1 1858.9129 85.6061 19.326852413722754 0.05
OBS: -4.33664547445461 i_PS1 2767.7515 127.4597 18.894682255810462 0.05
OBS: 0.0 i_PS1 2469.551 113.727 19.01845499577396 0.05
OBS: 4.33664547445461 i_PS1 2303.8505 106.0962 19.093864250498168 0.05
OBS: 8.67329094890922 i_PS1 1631.2326 75.121 19.468710271721363 0.05
OBS: 13.009936423363829 i_PS1 1358.3919 62.5563 19.667437261836383 0.05
OBS: 17.34658189781844 i_PS1 1273.6571 58.6541 19.73736870579542 0.05
OBS: 21.68322737227305 i_PS1 1334.8211 61.4708 19.686442341291336 0.05
OBS: 26.019872846727658 i_PS1 1552.6327 71.5014 19.522328205922623 0.05
OBS: 30.356518321182268 i_PS1 1508.0016 69.446 19.55399550699866 0.05
OBS: 34.69316379563688 i_PS1 1331.1868 61.3034 19.689402463187047 0.05
OBS: 39.02980927009149 i_PS1 934.7628 43.0474 20.073246469094144 0.05
OBS: -8.67329094890922 z_PS1 1705.0538 78.5206 19.42065477329659 0.05
OBS: -4.33664547445461 z_PS1 2226.4951 102.5339 19.130945619670218 0.05
OBS: 0.0 z_PS1 1890.4547 87.0587 19.3085843120218 0.05
OBS: 4.33664547445461 z_PS1 1477.4425 68.0387 19.576223548308644 0.05
OBS: 8.67329094890922 z_PS1 1114.8703 51.3417 19.88193916035188 0.05
OBS: 13.009936423363829 z_PS1 826.6302 38.0677 20.206721794237726 0.05
OBS: 17.34658189781844 z_PS1 798.6147 36.7776 20.244156809146595 0.05
OBS: 21.68322737227305 z_PS1 907.779 41.8048 20.10504961858213 0.05
OBS: 26.019872846727658 z_PS1 986.9868 45.4524 20.014221626487437 0.05
OBS: 30.356518321182268 z_PS1 1272.2833 58.5908 19.738540441009484 0.05
OBS: 34.69316379563688 z_PS1 1049.6711 48.3391 19.94736691890134 0.05
OBS: 39.02980927009149 z_PS1 787.0073 36.243 20.260053146846033 0.05
END: