# 7303 
# SNANA-like file generated from user-provided data
# Zeropoint of the converted SNANA file: 27.5 mag
# -----------------------------------------------------------
# Data table created by: anonymous
# On date: 2023.03.14 (yyyy.mm.dd); 23.58 hrs (GMT).
# Script used: BayeSNmodel.io.write_snana_lcfile.py
# -----------------------------------------------------------
SNID: 7303
MWEBV: 0
REDSHIFT_HELIO: 0.06871996906948137
REDSHIFT_CMB: 0.06871996906948137
REDSHIFT_CMB_ERR: 0.001
PEAKMJD: 0
FILTERS: g_PS1,i_PS1,r_PS1,z_PS1
# -----------------------------------------------------------
NOBS: 48
NVAR: 6
VARLIST: MJD FLT FLUXCAL FLUXCALERR MAG MAGERR
OBS: -8.54975975255585 g_PS1 3621.8887 166.7941 18.602662251667173 0.05
OBS: -4.274879876277925 g_PS1 4001.0224 184.2539 18.494572548321447 0.05
OBS: 0.0 g_PS1 4020.1782 185.136 18.489386751055324 0.05
OBS: 4.274879876277925 g_PS1 3676.6603 169.3165 18.586366223748072 0.05
OBS: 8.54975975255585 g_PS1 3452.7789 159.0063 18.65457807478149 0.05
OBS: 12.824639628833776 g_PS1 2801.1021 128.9955 18.881677648155257 0.05
OBS: 17.0995195051117 g_PS1 1861.0892 85.7063 19.325582053097836 0.05
OBS: 21.374399381389626 g_PS1 1275.2968 58.7296 19.73597181239272 0.05
OBS: 25.64927925766755 g_PS1 963.2069 44.3573 20.04070100560535 0.05
OBS: 29.924159133945476 g_PS1 796.5474 36.6824 20.246970961995512 0.05
OBS: 34.1990390102234 g_PS1 618.2354 28.4708 20.52211525534756 0.05
OBS: 38.47391888650132 g_PS1 473.8722 21.8226 20.81084689704269 0.05
OBS: -8.54975975255585 r_PS1 3192.9213 147.0395 18.73952946154438 0.05
OBS: -4.274879876277925 r_PS1 4436.5173 204.3092 18.38239455824933 0.05
OBS: 0.0 r_PS1 4170.4231 192.0551 18.44954969379712 0.05
OBS: 4.274879876277925 r_PS1 3955.13 182.1405 18.50709810157065 0.05
OBS: 8.54975975255585 r_PS1 3737.0985 172.0997 18.568663625339738 0.05
OBS: 12.824639628833776 r_PS1 3059.3431 140.888 18.785929525836615 0.05
OBS: 17.0995195051117 r_PS1 2683.4934 123.5794 18.928248677449076 0.05
OBS: 21.374399381389626 r_PS1 2483.7842 114.3825 19.012215331232056 0.05
OBS: 25.64927925766755 r_PS1 2204.6279 101.5269 19.14166173075496 0.05
OBS: 29.924159133945476 r_PS1 1915.7725 88.2246 19.294140186468905 0.05
OBS: 34.1990390102234 r_PS1 1572.7163 72.4263 19.508374008026 0.05
OBS: 38.47391888650132 r_PS1 1149.2374 52.9243 19.84897560945154 0.05
OBS: -8.54975975255585 i_PS1 2801.5139 129.0145 18.88151806383707 0.05
OBS: -4.274879876277925 i_PS1 3077.4949 141.7239 18.77950663787959 0.05
OBS: 0.0 i_PS1 2534.8913 116.7361 18.99010163209694 0.05
OBS: 4.274879876277925 i_PS1 2488.6936 114.6086 19.010071433011596 0.05
OBS: 8.54975975255585 i_PS1 2385.4785 109.8553 19.05606124454667 0.05
OBS: 12.824639628833776 i_PS1 1691.6848 77.905 19.429201371007476 0.05
OBS: 17.0995195051117 i_PS1 1519.5721 69.9789 19.545696715028342 0.05
OBS: 21.374399381389626 i_PS1 1611.6587 74.2196 19.48181729960269 0.05
OBS: 25.64927925766755 i_PS1 1830.2001 84.2838 19.343753535512057 0.05
OBS: 29.924159133945476 i_PS1 1802.2266 82.9956 19.36047653687983 0.05
OBS: 34.1990390102234 i_PS1 1851.3943 85.2599 19.33125268965056 0.05
OBS: 38.47391888650132 i_PS1 1330.6369 61.2781 19.689851094597067 0.05
OBS: -8.54975975255585 z_PS1 2403.5274 110.6865 19.047877307870557 0.05
OBS: -4.274879876277925 z_PS1 2212.6405 101.8959 19.1377228426513 0.05
OBS: 0.0 z_PS1 2150.7325 99.0449 19.168534023259184 0.05
OBS: 4.274879876277925 z_PS1 1841.1617 84.7886 19.33727017939874 0.05
OBS: 8.54975975255585 z_PS1 1643.196 75.672 19.460776560784094 0.05
OBS: 12.824639628833776 z_PS1 1478.0361 68.0661 19.57578741594943 0.05
OBS: 17.0995195051117 z_PS1 1166.2826 53.7093 19.83299047619013 0.05
OBS: 21.374399381389626 z_PS1 1093.1141 50.3398 19.9033363056718 0.05
OBS: 25.64927925766755 z_PS1 1340.3311 61.7245 19.68196974004286 0.05
OBS: 29.924159133945476 z_PS1 1447.8189 66.6745 19.598214376376024 0.05
OBS: 34.1990390102234 z_PS1 1438.7609 66.2574 19.60502840796624 0.05
OBS: 38.47391888650132 z_PS1 1211.2714 55.7811 19.791896309525857 0.05
END: