# 7313 
# SNANA-like file generated from user-provided data
# Zeropoint of the converted SNANA file: 27.5 mag
# -----------------------------------------------------------
# Data table created by: anonymous
# On date: 2023.03.14 (yyyy.mm.dd); 23.58 hrs (GMT).
# Script used: BayeSNmodel.io.write_snana_lcfile.py
# -----------------------------------------------------------
SNID: 7313
MWEBV: 0
REDSHIFT_HELIO: 0.09034120854032042
REDSHIFT_CMB: 0.09034120854032042
REDSHIFT_CMB_ERR: 0.001
PEAKMJD: 0
FILTERS: g_PS1,i_PS1,r_PS1,z_PS1
# -----------------------------------------------------------
NOBS: 48
NVAR: 6
VARLIST: MJD FLT FLUXCAL FLUXCALERR MAG MAGERR
OBS: -8.722729668322563 g_PS1 2043.2596 94.0956 19.224191104213144 0.05
OBS: -4.361364834161281 g_PS1 2523.1845 116.1969 18.99512748277277 0.05
OBS: 0.0 g_PS1 2452.8981 112.9601 19.025801250089554 0.05
OBS: 4.361364834161281 g_PS1 2069.2217 95.2912 19.21048243273424 0.05
OBS: 8.722729668322563 g_PS1 1901.2076 87.5538 19.302426153054288 0.05
OBS: 13.084094502483843 g_PS1 1470.9967 67.7419 19.58097071973826 0.05
OBS: 17.445459336645126 g_PS1 1063.848 48.992 19.932801051889975 0.05
OBS: 21.806824170806408 g_PS1 731.3423 33.6796 20.339698223864048 0.05
OBS: 26.168189004967687 g_PS1 514.5128 23.6942 20.7215095649456 0.05
OBS: 30.52955383912897 g_PS1 402.5974 18.5403 20.98782245852704 0.05
OBS: 34.89091867329025 g_PS1 313.1758 14.4223 21.26052947900468 0.05
OBS: 39.25228350745153 g_PS1 245.3353 11.2981 21.52559995578722 0.05
OBS: -8.722729668322563 r_PS1 1593.2303 73.371 19.494303599510882 0.05
OBS: -4.361364834161281 r_PS1 2329.1834 107.2629 19.081990763924153 0.05
OBS: 0.0 r_PS1 2670.1566 122.9653 18.93365818373896 0.05
OBS: 4.361364834161281 r_PS1 2218.2763 102.1554 19.13496089183193 0.05
OBS: 8.722729668322563 r_PS1 1945.7879 89.6068 19.27726125944833 0.05
OBS: 13.084094502483843 r_PS1 1645.3922 75.7731 19.459326386632743 0.05
OBS: 17.445459336645126 r_PS1 1592.0053 73.3146 19.495138714130555 0.05
OBS: 21.806824170806408 r_PS1 1343.0092 61.8479 19.679802532261803 0.05
OBS: 26.168189004967687 r_PS1 1282.7314 59.072 19.72966066959178 0.05
OBS: 30.52955383912897 r_PS1 915.4133 42.1563 20.095956975082313 0.05
OBS: 34.89091867329025 r_PS1 776.4149 35.7552 20.27476535705982 0.05
OBS: 39.25228350745153 r_PS1 597.0383 27.4946 20.559994578551958 0.05
OBS: -8.722729668322563 i_PS1 1508.3378 69.4615 19.553753482856298 0.05
OBS: -4.361364834161281 i_PS1 1986.8843 91.4994 19.254568534971668 0.05
OBS: 0.0 i_PS1 1910.1931 87.9676 19.297306839704813 0.05
OBS: 4.361364834161281 i_PS1 1973.1697 90.8678 19.26208889090829 0.05
OBS: 8.722729668322563 i_PS1 1559.7536 71.8293 19.51736003539871 0.05
OBS: 13.084094502483843 i_PS1 1361.9909 62.722 19.664564476659162 0.05
OBS: 17.445459336645126 i_PS1 1254.9313 57.7917 19.75345008604821 0.05
OBS: 21.806824170806408 i_PS1 1229.7732 56.6331 19.775437442066167 0.05
OBS: 26.168189004967687 i_PS1 1307.799 60.2264 19.708647481133056 0.05
OBS: 30.52955383912897 i_PS1 1130.393 52.0565 19.866926329600147 0.05
OBS: 34.89091867329025 i_PS1 958.0926 44.1218 20.046481310408343 0.05
OBS: 39.25228350745153 i_PS1 740.5556 34.1038 20.326105891565973 0.05
OBS: -8.722729668322563 z_PS1 1410.6988 64.9651 19.626414286897468 0.05
OBS: -4.361364834161281 z_PS1 1537.4705 70.8031 19.532982987492773 0.05
OBS: 0.0 z_PS1 1443.1197 66.4581 19.601744147483693 0.05
OBS: 4.361364834161281 z_PS1 1312.0445 60.4219 19.70512860212214 0.05
OBS: 8.722729668322563 z_PS1 1106.0025 50.9333 19.890609690484133 0.05
OBS: 13.084094502483843 z_PS1 875.2061 40.3047 20.144724119633235 0.05
OBS: 17.445459336645126 z_PS1 843.915 38.8637 20.18425326772047 0.05
OBS: 21.806824170806408 z_PS1 800.5426 36.8664 20.24153883011829 0.05
OBS: 26.168189004967687 z_PS1 870.8773 40.1054 20.150107513087526 0.05
OBS: 30.52955383912897 z_PS1 908.7979 41.8517 20.103831667806393 0.05
OBS: 34.89091867329025 z_PS1 845.5261 38.9379 20.182182429582028 0.05
OBS: 39.25228350745153 z_PS1 619.7144 28.5389 20.519520950069715 0.05
END: