# 7337 
# SNANA-like file generated from user-provided data
# Zeropoint of the converted SNANA file: 27.5 mag
# -----------------------------------------------------------
# Data table created by: anonymous
# On date: 2023.03.14 (yyyy.mm.dd); 23.58 hrs (GMT).
# Script used: BayeSNmodel.io.write_snana_lcfile.py
# -----------------------------------------------------------
SNID: 7337
MWEBV: 0
REDSHIFT_HELIO: 0.08902634992177019
REDSHIFT_CMB: 0.08902634992177019
REDSHIFT_CMB_ERR: 0.001
PEAKMJD: 0
FILTERS: g_PS1,i_PS1,r_PS1,z_PS1
# -----------------------------------------------------------
NOBS: 48
NVAR: 6
VARLIST: MJD FLT FLUXCAL FLUXCALERR MAG MAGERR
OBS: -8.712210799374162 g_PS1 704.1916 32.4292 20.38077296393607 0.05
OBS: -4.356105399687081 g_PS1 946.4179 43.5842 20.05979262408875 0.05
OBS: 0.0 g_PS1 949.8568 43.7425 20.05585466046765 0.05
OBS: 4.356105399687081 g_PS1 967.4225 44.5515 20.035959484966526 0.05
OBS: 8.712210799374162 g_PS1 890.9683 41.0306 20.125344394375947 0.05
OBS: 13.068316199061243 g_PS1 597.9599 27.5371 20.558319867187862 0.05
OBS: 17.424421598748324 g_PS1 369.3667 17.01 21.081355617740066 0.05
OBS: 21.780526998435406 g_PS1 206.9163 9.5288 21.7105133802912 0.05
OBS: 26.136632398122487 g_PS1 169.8862 7.8236 21.924604478158727 0.05
OBS: 30.492737797809568 g_PS1 133.0049 6.1251 22.190331125994256 0.05
OBS: 34.84884319749665 g_PS1 123.2734 5.6769 22.272826687086244 0.05
OBS: 39.20494859718373 g_PS1 93.0899 4.2869 22.57774344424027 0.05
OBS: -8.712210799374162 r_PS1 893.9624 41.1685 20.12170181644147 0.05
OBS: -4.356105399687081 r_PS1 1321.709 60.867 19.697160342446708 0.05
OBS: 0.0 r_PS1 1397.0888 64.3383 19.636940001341905 0.05
OBS: 4.356105399687081 r_PS1 1474.4874 67.9027 19.578397369142614 0.05
OBS: 8.712210799374162 r_PS1 1307.4837 60.2118 19.708909314538715 0.05
OBS: 13.068316199061243 r_PS1 1073.5863 49.4405 19.92290760297213 0.05
OBS: 17.424421598748324 r_PS1 704.3664 32.4373 20.380503448120024 0.05
OBS: 21.780526998435406 r_PS1 603.5456 27.7943 20.548224843264325 0.05
OBS: 26.136632398122487 r_PS1 474.6503 21.8585 20.809065640634536 0.05
OBS: 30.492737797809568 r_PS1 458.3897 21.1096 20.846912813197587 0.05
OBS: 34.84884319749665 r_PS1 376.004 17.3156 21.062018706582712 0.05
OBS: 39.20494859718373 r_PS1 291.1034 13.4058 21.339881950550065 0.05
OBS: -8.712210799374162 i_PS1 925.6601 42.6282 20.083871180508325 0.05
OBS: -4.356105399687081 i_PS1 1180.6271 54.3699 19.819718166202215 0.05
OBS: 0.0 i_PS1 1281.538 59.017 19.730671318318848 0.05
OBS: 4.356105399687081 i_PS1 1177.3472 54.2188 19.822738645739474 0.05
OBS: 8.712210799374162 i_PS1 1052.2918 48.4598 19.944659524929534 0.05
OBS: 13.068316199061243 i_PS1 798.3747 36.7665 20.24448305448319 0.05
OBS: 17.424421598748324 i_PS1 615.2686 28.3342 20.527338056415008 0.05
OBS: 21.780526998435406 i_PS1 674.5864 31.0658 20.427406118360786 0.05
OBS: 26.136632398122487 i_PS1 703.8912 32.4154 20.381236142824974 0.05
OBS: 30.492737797809568 i_PS1 695.4222 32.0254 20.394378683716972 0.05
OBS: 34.84884319749665 i_PS1 601.1327 27.6832 20.552574204942776 0.05
OBS: 39.20494859718373 i_PS1 409.4006 18.8536 20.969628856644093 0.05
OBS: -8.712210799374162 z_PS1 806.7011 37.15 20.233218378725432 0.05
OBS: -4.356105399687081 z_PS1 1095.8311 50.4649 19.90064098608431 0.05
OBS: 0.0 z_PS1 880.7549 40.5603 20.137862285617487 0.05
OBS: 4.356105399687081 z_PS1 734.8456 33.8409 20.334509810384723 0.05
OBS: 8.712210799374162 z_PS1 562.0691 25.8842 20.625525803713458 0.05
OBS: 13.068316199061243 z_PS1 461.8272 21.2679 20.83880118613678 0.05
OBS: 17.424421598748324 z_PS1 416.2509 19.1691 20.951611943066883 0.05
OBS: 21.780526998435406 z_PS1 481.0808 22.1546 20.79445495081796 0.05
OBS: 26.136632398122487 z_PS1 558.721 25.7301 20.63201242138902 0.05
OBS: 30.492737797809568 z_PS1 587.7642 27.0675 20.576992089003117 0.05
OBS: 34.84884319749665 z_PS1 569.1721 26.2113 20.61189103325829 0.05
OBS: 39.20494859718373 z_PS1 424.6315 19.555 20.929969389268738 0.05
END: