# 7472 
# SNANA-like file generated from user-provided data
# Zeropoint of the converted SNANA file: 27.5 mag
# -----------------------------------------------------------
# Data table created by: anonymous
# On date: 2023.03.14 (yyyy.mm.dd); 23.58 hrs (GMT).
# Script used: BayeSNmodel.io.write_snana_lcfile.py
# -----------------------------------------------------------
SNID: 7472
MWEBV: 0
REDSHIFT_HELIO: 0.07265226933564987
REDSHIFT_CMB: 0.07265226933564987
REDSHIFT_CMB_ERR: 0.001
PEAKMJD: 0
FILTERS: g_PS1,i_PS1,r_PS1,z_PS1
# -----------------------------------------------------------
NOBS: 48
NVAR: 6
VARLIST: MJD FLT FLUXCAL FLUXCALERR MAG MAGERR
OBS: -8.5812181546852 g_PS1 2208.3996 101.7006 19.13980583487509 0.05
OBS: -4.2906090773426 g_PS1 3765.223 173.3949 18.560523246261535 0.05
OBS: 0.0 g_PS1 4098.5412 188.7448 18.468426732011842 0.05
OBS: 4.2906090773426 g_PS1 3624.9095 166.9333 18.601757068539438 0.05
OBS: 8.5812181546852 g_PS1 2909.1027 133.9691 18.840602370001346 0.05
OBS: 12.8718272320278 g_PS1 1928.4301 88.8075 19.28699021822025 0.05
OBS: 17.1624363093704 g_PS1 1300.9306 59.9101 19.714364696750167 0.05
OBS: 21.453045386713 g_PS1 960.6676 44.2404 20.04356714703704 0.05
OBS: 25.7436544640556 g_PS1 638.8054 29.4181 20.486578634626653 0.05
OBS: 30.034263541398197 g_PS1 463.9471 21.3656 20.833828805718287 0.05
OBS: 34.3248726187408 g_PS1 419.8089 19.3329 20.942370873740323 0.05
OBS: 38.6154816960834 g_PS1 357.5733 16.4669 21.116587252750875 0.05
OBS: -8.5812181546852 r_PS1 2493.768 114.8423 19.00785987259423 0.05
OBS: -4.2906090773426 r_PS1 3629.7741 167.1573 18.600301008543106 0.05
OBS: 0.0 r_PS1 4059.7623 186.959 18.478748478557947 0.05
OBS: 4.2906090773426 r_PS1 3804.6151 175.209 18.549223180265173 0.05
OBS: 8.5812181546852 r_PS1 2969.3826 136.7451 18.818334615226263 0.05
OBS: 12.8718272320278 r_PS1 2701.1183 124.3911 18.921141005896796 0.05
OBS: 17.1624363093704 r_PS1 1775.8968 81.7831 19.376455712202173 0.05
OBS: 21.453045386713 r_PS1 1766.798 81.3641 19.382032771835757 0.05
OBS: 25.7436544640556 r_PS1 1504.8825 69.3024 19.556243537158544 0.05
OBS: 30.034263541398197 r_PS1 1244.6866 57.3199 19.76234994526113 0.05
OBS: 34.3248726187408 r_PS1 926.5646 42.6699 20.0828107494074 0.05
OBS: 38.6154816960834 r_PS1 888.5266 40.9182 20.128323886386163 0.05
OBS: -8.5812181546852 i_PS1 1849.6771 85.1808 19.33226021098677 0.05
OBS: -4.2906090773426 i_PS1 2468.9911 113.7012 19.018701196955224 0.05
OBS: 0.0 i_PS1 2494.7537 114.8877 19.007430817338662 0.05
OBS: 4.2906090773426 i_PS1 2106.2239 96.9952 19.191238633929455 0.05
OBS: 8.5812181546852 i_PS1 1631.2937 75.1239 19.468669580113097 0.05
OBS: 12.8718272320278 i_PS1 1214.4926 55.9295 19.789012807306353 0.05
OBS: 17.1624363093704 i_PS1 1226.3279 56.4745 19.778483467254578 0.05
OBS: 21.453045386713 i_PS1 1283.1992 59.0935 19.72926476857087 0.05
OBS: 25.7436544640556 i_PS1 1422.9642 65.5299 19.617015042772117 0.05
OBS: 30.034263541398197 i_PS1 1359.197 62.5933 19.66679399189428 0.05
OBS: 34.3248726187408 i_PS1 1183.3818 54.4967 19.817187745762364 0.05
OBS: 38.6154816960834 i_PS1 836.7106 38.5319 20.193561827995634 0.05
OBS: -8.5812181546852 z_PS1 1591.3314 73.2835 19.495598408093183 0.05
OBS: -4.2906090773426 z_PS1 2036.3345 93.7767 19.2278771933634 0.05
OBS: 0.0 z_PS1 2062.6494 94.9885 19.213936447044897 0.05
OBS: 4.2906090773426 z_PS1 1629.5117 75.0418 19.469856312783342 0.05
OBS: 8.5812181546852 z_PS1 1296.0661 59.6861 19.718432100905954 0.05
OBS: 12.8718272320278 z_PS1 1033.5384 47.5962 19.964183425854113 0.05
OBS: 17.1624363093704 z_PS1 898.5087 41.3779 20.116194343521997 0.05
OBS: 21.453045386713 z_PS1 960.6665 44.2403 20.04356840637783 0.05
OBS: 25.7436544640556 z_PS1 1001.5711 46.1241 19.998295518896114 0.05
OBS: 30.034263541398197 z_PS1 1067.341 49.1529 19.9292419945717 0.05
OBS: 34.3248726187408 z_PS1 989.1182 45.5506 20.011879482924964 0.05
OBS: 38.6154816960834 z_PS1 775.6578 35.7204 20.27582452222908 0.05
END: