# 751 
# SNANA-like file generated from user-provided data
# Zeropoint of the converted SNANA file: 27.5 mag
# -----------------------------------------------------------
# Data table created by: anonymous
# On date: 2023.03.14 (yyyy.mm.dd); 23.58 hrs (GMT).
# Script used: BayeSNmodel.io.write_snana_lcfile.py
# -----------------------------------------------------------
SNID: 751
MWEBV: 0
REDSHIFT_HELIO: 0.09399189621448215
REDSHIFT_CMB: 0.09399189621448215
REDSHIFT_CMB_ERR: 0.001
PEAKMJD: 0
FILTERS: g_PS1,i_PS1,r_PS1,z_PS1
# -----------------------------------------------------------
NOBS: 48
NVAR: 6
VARLIST: MJD FLT FLUXCAL FLUXCALERR MAG MAGERR
OBS: -8.751935169715857 g_PS1 1747.649 80.4822 19.393864471132023 0.05
OBS: -4.3759675848579285 g_PS1 1987.0243 91.5058 19.25449206926708 0.05
OBS: 0.0 g_PS1 2068.4771 95.2569 19.210873198519767 0.05
OBS: 4.3759675848579285 g_PS1 1859.5957 85.6375 19.326453668653997 0.05
OBS: 8.751935169715857 g_PS1 1572.4181 72.4125 19.508579943312633 0.05
OBS: 13.127902754573785 g_PS1 1150.1893 52.9682 19.848076706532336 0.05
OBS: 17.503870339431714 g_PS1 809.5687 37.282 20.229365749892665 0.05
OBS: 21.879837924289642 g_PS1 677.2723 31.1895 20.423091731330548 0.05
OBS: 26.25580550914757 g_PS1 435.5106 20.056 20.902503137748475 0.05
OBS: 30.6317730940055 g_PS1 329.4958 15.1738 21.205375404591628 0.05
OBS: 35.00774067886343 g_PS1 282.476 13.0085 21.372546047487347 0.05
OBS: 39.38370826372136 g_PS1 224.2912 10.329 21.62296957226397 0.05
OBS: -8.751935169715857 r_PS1 1872.3571 86.2252 19.319028294744516 0.05
OBS: -4.3759675848579285 r_PS1 2148.377 98.9364 19.169723748286398 0.05
OBS: 0.0 r_PS1 2252.3001 103.7223 19.118434374362568 0.05
OBS: 4.3759675848579285 r_PS1 2235.8388 102.9642 19.126398766447696 0.05
OBS: 8.751935169715857 r_PS1 2206.3471 101.606 19.14081538556953 0.05
OBS: 13.127902754573785 r_PS1 1722.3766 79.3184 19.409679704207534 0.05
OBS: 17.503870339431714 r_PS1 1261.8906 58.1122 19.7474457384067 0.05
OBS: 21.879837924289642 r_PS1 1144.1003 52.6878 19.853839729144067 0.05
OBS: 26.25580550914757 r_PS1 950.9105 43.791 20.054650872434113 0.05
OBS: 30.6317730940055 r_PS1 789.3504 36.3509 20.2568253510622 0.05
OBS: 35.00774067886343 r_PS1 633.4693 29.1723 20.495686049391196 0.05
OBS: 39.38370826372136 r_PS1 502.9916 23.1636 20.746098135003813 0.05
OBS: -8.751935169715857 i_PS1 1623.3992 74.7603 19.47393668919119 0.05
OBS: -4.3759675848579285 i_PS1 1996.3242 91.9341 19.249422333285867 0.05
OBS: 0.0 i_PS1 1863.9109 85.8363 19.32393714936762 0.05
OBS: 4.3759675848579285 i_PS1 1834.6168 84.4872 19.34113655688606 0.05
OBS: 8.751935169715857 i_PS1 1671.7968 76.9891 19.442041250052977 0.05
OBS: 13.127902754573785 i_PS1 1178.8053 54.286 19.821394756500037 0.05
OBS: 17.503870339431714 i_PS1 951.7377 43.8291 20.05370687473348 0.05
OBS: 21.879837924289642 i_PS1 877.9803 40.4325 20.14128807347285 0.05
OBS: 26.25580550914757 i_PS1 883.5867 40.6907 20.134377088600115 0.05
OBS: 30.6317730940055 i_PS1 921.2749 42.4263 20.089026956015417 0.05
OBS: 35.00774067886343 i_PS1 839.2975 38.6511 20.19021015410375 0.05
OBS: 39.38370826372136 i_PS1 626.5419 28.8533 20.50762474107465 0.05
OBS: -8.751935169715857 z_PS1 1272.2696 58.5902 19.73855209163183 0.05
OBS: -4.3759675848579285 z_PS1 1503.2098 69.2254 19.557451035169773 0.05
OBS: 0.0 z_PS1 1251.1644 57.6183 19.75671402594578 0.05
OBS: 4.3759675848579285 z_PS1 1064.2818 49.012 19.932358387960136 0.05
OBS: 8.751935169715857 z_PS1 928.7802 42.7719 20.080217579357424 0.05
OBS: 13.127902754573785 z_PS1 719.1179 33.1166 20.357999803732547 0.05
OBS: 17.503870339431714 z_PS1 617.7815 28.4499 20.52291274962218 0.05
OBS: 21.879837924289642 z_PS1 639.3473 29.443 20.485657926386406 0.05
OBS: 26.25580550914757 z_PS1 737.4841 33.9624 20.330618397618576 0.05
OBS: 30.6317730940055 z_PS1 737.5785 33.9667 20.33047940866916 0.05
OBS: 35.00774067886343 z_PS1 699.8846 32.2309 20.38743391708564 0.05
OBS: 39.38370826372136 z_PS1 594.7746 27.3904 20.564118971347483 0.05
END: