# 7914 
# SNANA-like file generated from user-provided data
# Zeropoint of the converted SNANA file: 27.5 mag
# -----------------------------------------------------------
# Data table created by: anonymous
# On date: 2023.03.14 (yyyy.mm.dd); 23.58 hrs (GMT).
# Script used: BayeSNmodel.io.write_snana_lcfile.py
# -----------------------------------------------------------
SNID: 7914
MWEBV: 0
REDSHIFT_HELIO: 0.06279181253738
REDSHIFT_CMB: 0.06279181253738
REDSHIFT_CMB_ERR: 0.001
PEAKMJD: 0
FILTERS: g_PS1,i_PS1,r_PS1,z_PS1
# -----------------------------------------------------------
NOBS: 48
NVAR: 6
VARLIST: MJD FLT FLUXCAL FLUXCALERR MAG MAGERR
OBS: -8.50233450029904 g_PS1 2149.3896 98.983 19.169212164033663 0.05
OBS: -4.25116725014952 g_PS1 3953.6119 182.0706 18.50751492158756 0.05
OBS: 0.0 g_PS1 4047.6341 186.4004 18.481996888161227 0.05
OBS: 4.25116725014952 g_PS1 3985.4235 183.5355 18.498813796614968 0.05
OBS: 8.50233450029904 g_PS1 2580.4796 118.8355 18.970748935707697 0.05
OBS: 12.75350175044856 g_PS1 1775.7446 81.7761 19.376548743314395 0.05
OBS: 17.00466900059808 g_PS1 1008.0356 46.4218 19.99131029375536 0.05
OBS: 21.255836250747603 g_PS1 572.1452 26.3483 20.606234320068786 0.05
OBS: 25.50700350089712 g_PS1 339.7332 15.6453 21.172155104346178 0.05
OBS: 29.75817075104664 g_PS1 257.6018 11.863 21.472627592521683 0.05
OBS: 34.00933800119616 g_PS1 223.3187 10.2842 21.627687122391723 0.05
OBS: 38.260505251345684 g_PS1 224.3003 10.3294 21.62292514549061 0.05
OBS: -8.50233450029904 r_PS1 1941.9418 89.4297 19.279409455420677 0.05
OBS: -4.25116725014952 r_PS1 3432.6852 158.081 18.660915049684338 0.05
OBS: 0.0 r_PS1 4521.7932 208.2363 18.361723254064447 0.05
OBS: 4.25116725014952 r_PS1 4070.1605 187.4378 18.47597115640415 0.05
OBS: 8.50233450029904 r_PS1 3447.3299 158.7554 18.656292893523997 0.05
OBS: 12.75350175044856 r_PS1 2397.6194 110.4145 19.05054937191034 0.05
OBS: 17.00466900059808 r_PS1 2114.3578 97.3698 19.187053776079395 0.05
OBS: 21.255836250747603 r_PS1 1860.1804 85.6645 19.326112355359353 0.05
OBS: 25.50700350089712 r_PS1 1370.9478 63.1345 19.657447687071496 0.05
OBS: 29.75817075104664 r_PS1 768.4258 35.3873 20.28599520734266 0.05
OBS: 34.00933800119616 r_PS1 567.3393 26.1269 20.61539286825863 0.05
OBS: 38.260505251345684 r_PS1 541.7109 24.9467 20.665581069592456 0.05
OBS: -8.50233450029904 i_PS1 1918.9433 88.3706 19.292344646892744 0.05
OBS: -4.25116725014952 i_PS1 3398.2633 156.4958 18.671857446561788 0.05
OBS: 0.0 i_PS1 3069.9736 141.3775 18.782163406030932 0.05
OBS: 4.25116725014952 i_PS1 2528.4682 116.4403 18.992856243486354 0.05
OBS: 8.50233450029904 i_PS1 1742.3512 80.2382 19.3971607413167 0.05
OBS: 12.75350175044856 i_PS1 1416.1106 65.2143 19.622257081624742 0.05
OBS: 17.00466900059808 i_PS1 1663.0178 76.5848 19.447757766800823 0.05
OBS: 21.255836250747603 i_PS1 1979.709 91.169 19.258496590428564 0.05
OBS: 25.50700350089712 i_PS1 1683.1232 77.5107 19.43471025338072 0.05
OBS: 29.75817075104664 i_PS1 1172.4339 53.9926 19.827279098773502 0.05
OBS: 34.00933800119616 i_PS1 809.8095 37.2931 20.229042804461297 0.05
OBS: 38.260505251345684 i_PS1 629.3861 28.9843 20.50270719727095 0.05
OBS: -8.50233450029904 z_PS1 1539.4187 70.8929 19.531608107671516 0.05
OBS: -4.25116725014952 z_PS1 2743.9177 126.3621 18.90407230455561 0.05
OBS: 0.0 z_PS1 3056.0391 140.7358 18.787102720936602 0.05
OBS: 4.25116725014952 z_PS1 2027.2361 93.3577 19.232739163387617 0.05
OBS: 8.50233450029904 z_PS1 1393.4012 64.1685 19.639809579624735 0.05
OBS: 12.75350175044856 z_PS1 1329.8 61.2396 19.690534179581203 0.05
OBS: 17.00466900059808 z_PS1 1441.5715 66.3868 19.602909547853084 0.05
OBS: 21.255836250747603 z_PS1 1726.2395 79.4963 19.407247379277674 0.05
OBS: 25.50700350089712 z_PS1 1436.5452 66.1554 19.606701771962655 0.05
OBS: 29.75817075104664 z_PS1 1042.479 48.0079 19.95483174261843 0.05
OBS: 34.00933800119616 z_PS1 783.9847 36.1038 20.26423105623732 0.05
OBS: 38.260505251345684 z_PS1 569.8312 26.2417 20.610634507693607 0.05
END: