# 8029 
# SNANA-like file generated from user-provided data
# Zeropoint of the converted SNANA file: 27.5 mag
# -----------------------------------------------------------
# Data table created by: anonymous
# On date: 2023.03.14 (yyyy.mm.dd); 23.58 hrs (GMT).
# Script used: BayeSNmodel.io.write_snana_lcfile.py
# -----------------------------------------------------------
SNID: 8029
MWEBV: 0
REDSHIFT_HELIO: 0.07827536612249048
REDSHIFT_CMB: 0.07827536612249048
REDSHIFT_CMB_ERR: 0.001
PEAKMJD: 0
FILTERS: g_PS1,i_PS1,r_PS1,z_PS1
# -----------------------------------------------------------
NOBS: 48
NVAR: 6
VARLIST: MJD FLT FLUXCAL FLUXCALERR MAG MAGERR
OBS: -8.626202928979923 g_PS1 1463.4539 67.3945 19.586552415129514 0.05
OBS: -4.313101464489962 g_PS1 2132.8222 98.2201 19.17761336279062 0.05
OBS: 0.0 g_PS1 2377.6036 109.4927 19.05965138758403 0.05
OBS: 4.313101464489962 g_PS1 2245.9963 103.432 19.121477413439585 0.05
OBS: 8.626202928979923 g_PS1 1783.1902 82.1189 19.372005828671067 0.05
OBS: 12.939304393469886 g_PS1 1188.3673 54.7263 19.812623302817023 0.05
OBS: 17.252405857959847 g_PS1 738.1013 33.9908 20.32971004905876 0.05
OBS: 21.565507322449808 g_PS1 445.4915 20.5156 20.877901520033554 0.05
OBS: 25.878608786939772 g_PS1 326.504 15.0361 21.215278783395455 0.05
OBS: 30.191710251429733 g_PS1 266.5009 12.2728 21.43575319826238 0.05
OBS: 34.50481171591969 g_PS1 211.7103 9.7496 21.685645027283943 0.05
OBS: 38.817913180409654 g_PS1 208.0567 9.5814 21.704545718889005 0.05
OBS: -8.626202928979923 r_PS1 1489.6213 68.5996 19.567310303502776 0.05
OBS: -4.313101464489962 r_PS1 2406.862 110.8401 19.046372032458176 0.05
OBS: 0.0 r_PS1 2537.2239 116.8435 18.98910301713541 0.05
OBS: 4.313101464489962 r_PS1 2600.2393 119.7454 18.962466717838865 0.05
OBS: 8.626202928979923 r_PS1 2351.0242 108.2687 19.071857235705558 0.05
OBS: 12.939304393469886 r_PS1 1742.3653 80.2389 19.39715198334959 0.05
OBS: 17.252405857959847 r_PS1 1427.5471 65.741 19.61352388182334 0.05
OBS: 21.565507322449808 r_PS1 1041.2389 47.9508 19.956124035640734 0.05
OBS: 25.878608786939772 r_PS1 890.0438 40.988 20.126471560565705 0.05
OBS: 30.191710251429733 r_PS1 728.4338 33.5456 20.34402484546743 0.05
OBS: 34.50481171591969 r_PS1 538.8708 24.8159 20.67128844116249 0.05
OBS: 38.817913180409654 r_PS1 457.9824 21.0909 20.847878146255532 0.05
OBS: -8.626202928979923 i_PS1 1372.3502 63.1991 19.656337602980493 0.05
OBS: -4.313101464489962 i_PS1 1888.4864 86.968 19.30971534707909 0.05
OBS: 0.0 i_PS1 1932.7744 89.0076 19.284547079077235 0.05
OBS: 4.313101464489962 i_PS1 1751.454 80.6574 19.39150314059572 0.05
OBS: 8.626202928979923 i_PS1 1516.3563 69.8308 19.54799686148482 0.05
OBS: 12.939304393469886 i_PS1 1109.7955 51.108 19.886892580939932 0.05
OBS: 17.252405857959847 i_PS1 1040.0503 47.8961 19.957364128679153 0.05
OBS: 21.565507322449808 i_PS1 1168.2076 53.7979 19.83119994028255 0.05
OBS: 25.878608786939772 i_PS1 1096.6847 50.5042 19.899795572025496 0.05
OBS: 30.191710251429733 i_PS1 870.1084 40.07 20.151066567613327 0.05
OBS: 34.50481171591969 i_PS1 717.641 33.0486 20.360231851216653 0.05
OBS: 38.817913180409654 i_PS1 577.0312 26.5733 20.59700172459152 0.05
OBS: -8.626202928979923 z_PS1 1155.6227 53.2184 19.842959836270825 0.05
OBS: -4.313101464489962 z_PS1 1427.7351 65.7496 19.613380939575915 0.05
OBS: 0.0 z_PS1 1437.9395 66.2196 19.605648492725813 0.05
OBS: 4.313101464489962 z_PS1 1150.6892 52.9912 19.84760490055559 0.05
OBS: 8.626202928979923 z_PS1 966.8649 44.5258 20.036585527972214 0.05
OBS: 12.939304393469886 z_PS1 740.915 34.1204 20.325579078916974 0.05
OBS: 17.252405857959847 z_PS1 744.306 34.2766 20.3206212452804 0.05
OBS: 21.565507322449808 z_PS1 789.6784 36.366 20.256374376347782 0.05
OBS: 25.878608786939772 z_PS1 813.6748 37.4711 20.223872790005544 0.05
OBS: 30.191710251429733 z_PS1 786.5943 36.224 20.260622989467524 0.05
OBS: 34.50481171591969 z_PS1 676.1786 31.1392 20.424846519724035 0.05
OBS: 38.817913180409654 z_PS1 516.9639 23.8071 20.716349375423032 0.05
END: