# 8062 
# SNANA-like file generated from user-provided data
# Zeropoint of the converted SNANA file: 27.5 mag
# -----------------------------------------------------------
# Data table created by: anonymous
# On date: 2023.03.14 (yyyy.mm.dd); 23.58 hrs (GMT).
# Script used: BayeSNmodel.io.write_snana_lcfile.py
# -----------------------------------------------------------
SNID: 8062
MWEBV: 0
REDSHIFT_HELIO: 0.09284407261262485
REDSHIFT_CMB: 0.09284407261262485
REDSHIFT_CMB_ERR: 0.001
PEAKMJD: 0
FILTERS: g_PS1,i_PS1,r_PS1,z_PS1
# -----------------------------------------------------------
NOBS: 48
NVAR: 6
VARLIST: MJD FLT FLUXCAL FLUXCALERR MAG MAGERR
OBS: -8.742752580901 g_PS1 1882.1702 86.6771 19.31335275960074 0.05
OBS: -4.3713762904505 g_PS1 3198.8163 147.3109 18.73752675684368 0.05
OBS: 0.0 g_PS1 3230.2567 148.7588 18.726907394735825 0.05
OBS: 4.3713762904505 g_PS1 2808.0623 129.316 18.878983166405664 0.05
OBS: 8.742752580901 g_PS1 2014.3721 92.7653 19.239650759512145 0.05
OBS: 13.1141288713515 g_PS1 1584.459 72.967 19.50029750605666 0.05
OBS: 17.485505161802 g_PS1 1094.9457 50.4241 19.901518587634364 0.05
OBS: 21.856881452252498 g_PS1 757.2373 34.8721 20.30192001680351 0.05
OBS: 26.228257742703 g_PS1 565.5892 26.0463 20.618747225953918 0.05
OBS: 30.5996340331535 g_PS1 447.656 20.6153 20.872638913893027 0.05
OBS: 34.971010323604 g_PS1 382.2066 17.6013 21.04425456738976 0.05
OBS: 39.3423866140545 g_PS1 286.8833 13.2115 21.355736662962634 0.05
OBS: -8.742752580901 r_PS1 1347.3927 62.0497 19.67626450811839 0.05
OBS: -4.3713762904505 r_PS1 2223.1387 102.3793 19.13258361305695 0.05
OBS: 0.0 r_PS1 2667.8949 122.8611 18.93457819629903 0.05
OBS: 4.3713762904505 r_PS1 2655.1893 122.276 18.93976128511054 0.05
OBS: 8.742752580901 r_PS1 2563.0817 118.0343 18.978093881220143 0.05
OBS: 13.1141288713515 r_PS1 2142.9959 98.6886 19.172446646387353 0.05
OBS: 17.485505161802 r_PS1 1459.093 67.1937 19.58979257096449 0.05
OBS: 21.856881452252498 r_PS1 1179.8099 54.3323 19.820469946896647 0.05
OBS: 26.228257742703 r_PS1 1010.4205 46.5316 19.988744628752354 0.05
OBS: 30.5996340331535 r_PS1 834.3867 38.4249 20.196581508637546 0.05
OBS: 34.971010323604 r_PS1 666.838 30.709 20.43994913469314 0.05
OBS: 39.3423866140545 r_PS1 561.668 25.8658 20.626300778725472 0.05
OBS: -8.742752580901 i_PS1 1195.3661 55.0486 19.80624768337739 0.05
OBS: -4.3713762904505 i_PS1 2005.3234 92.3486 19.244538961575774 0.05
OBS: 0.0 i_PS1 1970.5347 90.7465 19.263539763594682 0.05
OBS: 4.3713762904505 i_PS1 2280.4667 105.0194 19.104940685702893 0.05
OBS: 8.742752580901 i_PS1 1829.2059 84.238 19.34434353622597 0.05
OBS: 13.1141288713515 i_PS1 1275.6811 58.7473 19.735644660928262 0.05
OBS: 17.485505161802 i_PS1 1018.4286 46.9004 19.98017356710842 0.05
OBS: 21.856881452252498 i_PS1 960.43 44.2294 20.04383567095697 0.05
OBS: 26.228257742703 i_PS1 951.0542 43.7977 20.054486858946852 0.05
OBS: 30.5996340331535 i_PS1 799.7346 36.8291 20.242635266652076 0.05
OBS: 34.971010323604 i_PS1 774.8758 35.6844 20.27691970403927 0.05
OBS: 39.3423866140545 i_PS1 672.2016 30.956 20.431251225648882 0.05
OBS: -8.742752580901 z_PS1 1014.477 46.7184 19.98439452985653 0.05
OBS: -4.3713762904505 z_PS1 1472.8884 67.829 19.579575391195252 0.05
OBS: 0.0 z_PS1 1547.5138 71.2656 19.525913641613815 0.05
OBS: 4.3713762904505 z_PS1 1451.7239 66.8544 19.595289950779772 0.05
OBS: 8.742752580901 z_PS1 1012.9169 46.6465 19.986065486903563 0.05
OBS: 13.1141288713515 z_PS1 893.5186 41.1481 20.122240990444613 0.05
OBS: 17.485505161802 z_PS1 723.6984 33.3275 20.351106011438603 0.05
OBS: 21.856881452252498 z_PS1 754.5265 34.7472 20.305813827368812 0.05
OBS: 26.228257742703 z_PS1 721.8304 33.2415 20.353912069940492 0.05
OBS: 30.5996340331535 z_PS1 707.1253 32.5643 20.37625912146519 0.05
OBS: 34.971010323604 z_PS1 635.3083 29.257 20.492538754886947 0.05
OBS: 39.3423866140545 z_PS1 493.116 22.7088 20.767627333739696 0.05
END: