# 8271 
# SNANA-like file generated from user-provided data
# Zeropoint of the converted SNANA file: 27.5 mag
# -----------------------------------------------------------
# Data table created by: anonymous
# On date: 2023.03.14 (yyyy.mm.dd); 23.58 hrs (GMT).
# Script used: BayeSNmodel.io.write_snana_lcfile.py
# -----------------------------------------------------------
SNID: 8271
MWEBV: 0
REDSHIFT_HELIO: 0.09118277987363303
REDSHIFT_CMB: 0.09118277987363303
REDSHIFT_CMB_ERR: 0.001
PEAKMJD: 0
FILTERS: g_PS1,i_PS1,r_PS1,z_PS1
# -----------------------------------------------------------
NOBS: 48
NVAR: 6
VARLIST: MJD FLT FLUXCAL FLUXCALERR MAG MAGERR
OBS: -8.729462238989065 g_PS1 2037.9951 93.8531 19.226992185565674 0.05
OBS: -4.364731119494532 g_PS1 3203.4451 147.5241 18.73595678001075 0.05
OBS: 0.0 g_PS1 3478.8813 160.2084 18.64640097043546 0.05
OBS: 4.364731119494532 g_PS1 2857.0056 131.57 18.860222281124447 0.05
OBS: 8.729462238989065 g_PS1 2358.3122 108.6043 19.06849673323856 0.05
OBS: 13.094193358483597 g_PS1 1557.836 71.741 19.518695633144922 0.05
OBS: 17.45892447797813 g_PS1 1185.6747 54.6023 19.815086138115305 0.05
OBS: 21.823655597472662 g_PS1 772.6325 35.581 20.280067538466504 0.05
OBS: 26.188386716967194 g_PS1 540.5893 24.8951 20.667831452965455 0.05
OBS: 30.553117836461727 g_PS1 443.5193 20.4248 20.882718634842792 0.05
OBS: 34.91784895595626 g_PS1 377.0541 17.364 21.058990903889566 0.05
OBS: 39.282580075450795 g_PS1 304.0523 14.0021 21.29262926498672 0.05
OBS: -8.729462238989065 r_PS1 1386.2987 63.8414 19.645357993100248 0.05
OBS: -4.364731119494532 r_PS1 2450.791 112.8631 19.026734288823928 0.05
OBS: 0.0 r_PS1 3113.5277 143.3832 18.76686816569817 0.05
OBS: 4.364731119494532 r_PS1 3171.1987 146.0391 18.746941366807427 0.05
OBS: 8.729462238989065 r_PS1 2405.3449 110.7702 19.047056624346077 0.05
OBS: 13.094193358483597 r_PS1 2133.4824 98.2505 19.17727735597879 0.05
OBS: 17.45892447797813 r_PS1 1683.9856 77.5504 19.434154073799142 0.05
OBS: 21.823655597472662 r_PS1 1362.7383 62.7564 19.66396881487895 0.05
OBS: 26.188386716967194 r_PS1 1055.1835 48.593 19.94168006186003 0.05
OBS: 30.553117836461727 r_PS1 851.3036 39.204 20.174788832013032 0.05
OBS: 34.91784895595626 r_PS1 706.1368 32.5188 20.37777788408175 0.05
OBS: 39.282580075450795 r_PS1 589.9903 27.1701 20.57288777319424 0.05
OBS: -8.729462238989065 i_PS1 1347.8466 62.0706 19.675898793662057 0.05
OBS: -4.364731119494532 i_PS1 1838.1977 84.6521 19.339019467091077 0.05
OBS: 0.0 i_PS1 1914.0426 88.1449 19.29512102262388 0.05
OBS: 4.364731119494532 i_PS1 2424.0167 111.6301 19.03866099412828 0.05
OBS: 8.729462238989065 i_PS1 1727.2593 79.5432 19.406606123828812 0.05
OBS: 13.094193358483597 i_PS1 1434.912 66.0801 19.607936796488985 0.05
OBS: 17.45892447797813 i_PS1 1159.847 53.4129 19.8389982128216 0.05
OBS: 21.823655597472662 i_PS1 1147.3823 52.8389 19.85072966116192 0.05
OBS: 26.188386716967194 i_PS1 1097.9536 50.5626 19.89854001633349 0.05
OBS: 30.553117836461727 i_PS1 996.8589 45.907 20.003415809256 0.05
OBS: 34.91784895595626 i_PS1 846.0909 38.9639 20.18145743058964 0.05
OBS: 39.282580075450795 i_PS1 726.1532 33.4406 20.347429333008872 0.05
OBS: -8.729462238989065 z_PS1 1264.0319 58.2108 19.7456049517475 0.05
OBS: -4.364731119494532 z_PS1 1578.6597 72.7 19.504278660035336 0.05
OBS: 0.0 z_PS1 1708.2098 78.666 19.418646991465618 0.05
OBS: 4.364731119494532 z_PS1 1157.2057 53.2913 19.841473619636343 0.05
OBS: 8.729462238989065 z_PS1 929.3274 42.7971 20.079578099261642 0.05
OBS: 13.094193358483597 z_PS1 687.3956 31.6557 20.406983181326154 0.05
OBS: 17.45892447797813 z_PS1 647.229 29.806 20.4723550634206 0.05
OBS: 21.823655597472662 z_PS1 744.7197 34.2956 20.320017897629064 0.05
OBS: 26.188386716967194 z_PS1 784.4157 36.1237 20.263634283147432 0.05
OBS: 30.553117836461727 z_PS1 794.3191 36.5797 20.250012461480885 0.05
OBS: 34.91784895595626 z_PS1 723.7137 33.3282 20.35108294276979 0.05
OBS: 39.282580075450795 z_PS1 588.4316 27.0983 20.575760104392177 0.05
END: