# 8481 
# SNANA-like file generated from user-provided data
# Zeropoint of the converted SNANA file: 27.5 mag
# -----------------------------------------------------------
# Data table created by: anonymous
# On date: 2023.03.14 (yyyy.mm.dd); 23.58 hrs (GMT).
# Script used: BayeSNmodel.io.write_snana_lcfile.py
# -----------------------------------------------------------
SNID: 8481
MWEBV: 0
REDSHIFT_HELIO: 0.09950248719117198
REDSHIFT_CMB: 0.09950248719117198
REDSHIFT_CMB_ERR: 0.001
PEAKMJD: 0
FILTERS: g_PS1,i_PS1,r_PS1,z_PS1
# -----------------------------------------------------------
NOBS: 48
NVAR: 6
VARLIST: MJD FLT FLUXCAL FLUXCALERR MAG MAGERR
OBS: -8.796019897529376 g_PS1 1522.2823 70.1037 19.54376199796797 0.05
OBS: -4.398009948764688 g_PS1 2253.6057 103.7824 19.11780515591292 0.05
OBS: 0.0 g_PS1 2386.6586 109.9097 19.055524255296895 0.05
OBS: 4.398009948764688 g_PS1 2189.3546 100.8235 19.149209746015806 0.05
OBS: 8.796019897529376 g_PS1 1882.3022 86.6832 19.313276623618282 0.05
OBS: 13.194029846294065 g_PS1 1386.8229 63.8656 19.644947480357253 0.05
OBS: 17.592039795058753 g_PS1 846.8745 39.0 20.18045230225118 0.05
OBS: 21.99004974382344 g_PS1 557.8026 25.6878 20.633798639796154 0.05
OBS: 26.38805969258813 g_PS1 369.0128 16.9937 21.082396522954625 0.05
OBS: 30.786069641352817 g_PS1 298.9391 13.7667 21.31104323632788 0.05
OBS: 35.184079590117506 g_PS1 242.9723 11.1893 21.53610821836735 0.05
OBS: 39.582089538882194 g_PS1 209.4754 9.6467 21.69716768369657 0.05
OBS: -8.796019897529376 r_PS1 1273.3859 58.6416 19.737599881880993 0.05
OBS: -4.398009948764688 r_PS1 1811.2188 83.4097 19.355072725464325 0.05
OBS: 0.0 r_PS1 2212.6922 101.8982 19.1376974782369 0.05
OBS: 4.398009948764688 r_PS1 2202.1598 101.4132 19.142877935835397 0.05
OBS: 8.796019897529376 r_PS1 1936.9295 89.1989 19.282215482697893 0.05
OBS: 13.194029846294065 r_PS1 1570.6791 72.3324 19.509781359624498 0.05
OBS: 17.592039795058753 r_PS1 1071.8265 49.3594 19.924688757792925 0.05
OBS: 21.99004974382344 r_PS1 938.53 43.2209 20.06887963918262 0.05
OBS: 26.38805969258813 r_PS1 740.0472 34.0804 20.32685146421663 0.05
OBS: 30.786069641352817 r_PS1 588.8701 27.1185 20.574951289671617 0.05
OBS: 35.184079590117506 r_PS1 479.8455 22.0977 20.797246368827974 0.05
OBS: 39.582089538882194 r_PS1 424.7621 19.561 20.929635642719703 0.05
OBS: -8.796019897529376 i_PS1 1056.0113 48.6311 19.940828570390426 0.05
OBS: -4.398009948764688 i_PS1 1460.7744 67.2711 19.588542113642124 0.05
OBS: 0.0 i_PS1 1632.8028 75.1933 19.467665665710236 0.05
OBS: 4.398009948764688 i_PS1 1571.4966 72.3701 19.50921639057054 0.05
OBS: 8.796019897529376 i_PS1 1374.5764 63.3016 19.654577796257502 0.05
OBS: 13.194029846294065 i_PS1 948.364 43.6738 20.057562322974473 0.05
OBS: 17.592039795058753 i_PS1 761.535 35.07 20.2957752602894 0.05
OBS: 21.99004974382344 i_PS1 741.3988 34.1427 20.324870273051058 0.05
OBS: 26.38805969258813 i_PS1 749.8851 34.5335 20.312513176165954 0.05
OBS: 30.786069641352817 i_PS1 737.4878 33.9626 20.330612930694038 0.05
OBS: 35.184079590117506 i_PS1 643.5999 29.6389 20.478460014828162 0.05
OBS: 39.582089538882194 i_PS1 480.3232 22.1197 20.796166165771886 0.05
OBS: -8.796019897529376 z_PS1 923.0549 42.5082 20.08693122592547 0.05
OBS: -4.398009948764688 z_PS1 962.5266 44.326 20.041468193891973 0.05
OBS: 0.0 z_PS1 946.6205 43.5935 20.059560278167734 0.05
OBS: 4.398009948764688 z_PS1 826.9004 38.0802 20.2063670367048 0.05
OBS: 8.796019897529376 z_PS1 539.3327 24.8372 20.67035820757433 0.05
OBS: 13.194029846294065 z_PS1 482.1364 22.2032 20.792075226012123 0.05
OBS: 17.592039795058753 z_PS1 456.2004 21.0088 20.852110760475817 0.05
OBS: 21.99004974382344 z_PS1 495.1359 22.8019 20.763188961588423 0.05
OBS: 26.38805969258813 z_PS1 518.9164 23.897 20.71225659918644 0.05
OBS: 30.786069641352817 z_PS1 645.5164 29.7271 20.475231803401936 0.05
OBS: 35.184079590117506 z_PS1 493.5445 22.7286 20.76668430890756 0.05
OBS: 39.582089538882194 z_PS1 406.3879 18.7149 20.977648090003644 0.05
END: