# 8595 
# SNANA-like file generated from user-provided data
# Zeropoint of the converted SNANA file: 27.5 mag
# -----------------------------------------------------------
# Data table created by: anonymous
# On date: 2023.03.14 (yyyy.mm.dd); 23.58 hrs (GMT).
# Script used: BayeSNmodel.io.write_snana_lcfile.py
# -----------------------------------------------------------
SNID: 8595
MWEBV: 0
REDSHIFT_HELIO: 0.0967409868633245
REDSHIFT_CMB: 0.0967409868633245
REDSHIFT_CMB_ERR: 0.001
PEAKMJD: 0
FILTERS: g_PS1,i_PS1,r_PS1,z_PS1
# -----------------------------------------------------------
NOBS: 48
NVAR: 6
VARLIST: MJD FLT FLUXCAL FLUXCALERR MAG MAGERR
OBS: -8.773927894906596 g_PS1 812.0601 37.3967 20.22602961958555 0.05
OBS: -4.386963947453298 g_PS1 1599.3797 73.6542 19.490121044085114 0.05
OBS: 0.0 g_PS1 1590.2725 73.2348 19.496321149337746 0.05
OBS: 4.386963947453298 g_PS1 1164.5947 53.6316 19.83456300794802 0.05
OBS: 8.773927894906596 g_PS1 774.6661 35.6747 20.277213606759496 0.05
OBS: 13.160891842359893 g_PS1 499.2971 22.9935 20.754102485181967 0.05
OBS: 17.54785578981319 g_PS1 354.2019 16.3116 21.1268728445628 0.05
OBS: 21.934819737266487 g_PS1 264.0892 12.1618 21.445623337179676 0.05
OBS: 26.321783684719787 g_PS1 183.6708 8.4584 21.839899812573027 0.05
OBS: 30.708747632173086 g_PS1 122.1771 5.6265 22.282525377346605 0.05
OBS: 35.09571157962638 g_PS1 106.6188 4.91 22.43041561243033 0.05
OBS: 39.48267552707968 g_PS1 96.6332 4.4501 22.537183691607492 0.05
OBS: -8.773927894906596 r_PS1 813.1958 37.449 20.224512238023163 0.05
OBS: -4.386963947453298 r_PS1 1270.9149 58.5278 19.73970880185955 0.05
OBS: 0.0 r_PS1 1481.0008 68.2026 19.57361175035516 0.05
OBS: 4.386963947453298 r_PS1 1485.717 68.4198 19.570159800818736 0.05
OBS: 8.773927894906596 r_PS1 1174.5643 54.0907 19.825307976259662 0.05
OBS: 13.160891842359893 r_PS1 949.471 43.7248 20.056295761297772 0.05
OBS: 17.54785578981319 r_PS1 795.6946 36.6431 20.24813390702603 0.05
OBS: 21.934819737266487 r_PS1 610.8005 28.1284 20.535251614187082 0.05
OBS: 26.321783684719787 r_PS1 409.4973 18.858 20.969372405300383 0.05
OBS: 30.708747632173086 r_PS1 302.1472 13.9144 21.29945373241846 0.05
OBS: 35.09571157962638 r_PS1 242.503 11.1677 21.538207400195347 0.05
OBS: 39.48267552707968 r_PS1 230.7122 10.6247 21.592323717374548 0.05
OBS: -8.773927894906596 i_PS1 816.2495 37.5897 20.220442614253063 0.05
OBS: -4.386963947453298 i_PS1 1335.1496 61.4859 19.686175184608587 0.05
OBS: 0.0 i_PS1 1351.1823 62.2242 19.673215154407252 0.05
OBS: 4.386963947453298 i_PS1 1165.4341 53.6702 19.83378065934756 0.05
OBS: 8.773927894906596 i_PS1 1056.8753 48.6709 19.939940671808543 0.05
OBS: 13.160891842359893 i_PS1 877.0849 40.3913 20.142395896331486 0.05
OBS: 17.54785578981319 i_PS1 961.7572 44.2906 20.042336377801806 0.05
OBS: 21.934819737266487 i_PS1 874.1313 40.2552 20.146058337447204 0.05
OBS: 26.321783684719787 i_PS1 613.7051 28.2622 20.53010074439753 0.05
OBS: 30.708747632173086 i_PS1 381.4537 17.5666 21.0463953644258 0.05
OBS: 35.09571157962638 i_PS1 286.229 13.1813 21.35821576008169 0.05
OBS: 39.48267552707968 i_PS1 245.8463 11.3216 21.523340928289365 0.05
OBS: -8.773927894906596 z_PS1 649.717 29.9206 20.468189443461338 0.05
OBS: -4.386963947453298 z_PS1 1066.3808 49.1086 19.93021925396157 0.05
OBS: 0.0 z_PS1 962.0879 44.3058 20.041963068897083 0.05
OBS: 4.386963947453298 z_PS1 830.2928 38.2364 20.201921761406123 0.05
OBS: 8.773927894906596 z_PS1 620.1343 28.5582 20.518785556227936 0.05
OBS: 13.160891842359893 z_PS1 562.0062 25.8813 20.625647243242838 0.05
OBS: 17.54785578981319 z_PS1 623.9141 28.7323 20.512188036376994 0.05
OBS: 21.934819737266487 z_PS1 698.4271 32.1638 20.389697359883787 0.05
OBS: 26.321783684719787 z_PS1 534.0978 24.5961 20.68094796377576 0.05
OBS: 30.708747632173086 z_PS1 413.982 19.0646 20.957546404967516 0.05
OBS: 35.09571157962638 z_PS1 289.7739 13.3446 21.34485185112353 0.05
OBS: 39.48267552707968 z_PS1 239.612 11.0345 21.551228526455166 0.05
END: