# 8788 
# SNANA-like file generated from user-provided data
# Zeropoint of the converted SNANA file: 27.5 mag
# -----------------------------------------------------------
# Data table created by: anonymous
# On date: 2023.03.14 (yyyy.mm.dd); 23.58 hrs (GMT).
# Script used: BayeSNmodel.io.write_snana_lcfile.py
# -----------------------------------------------------------
SNID: 8788
MWEBV: 0
REDSHIFT_HELIO: 0.09468976085868776
REDSHIFT_CMB: 0.09468976085868776
REDSHIFT_CMB_ERR: 0.001
PEAKMJD: 0
FILTERS: g_PS1,i_PS1,r_PS1,z_PS1
# -----------------------------------------------------------
NOBS: 48
NVAR: 6
VARLIST: MJD FLT FLUXCAL FLUXCALERR MAG MAGERR
OBS: -8.757518086869503 g_PS1 1052.5375 48.4711 19.944406005537775 0.05
OBS: -4.378759043434751 g_PS1 1818.9881 83.7675 19.35042536499412 0.05
OBS: 0.0 g_PS1 1991.7854 91.7251 19.251893659871296 0.05
OBS: 4.378759043434751 g_PS1 1698.6605 78.2262 19.42473353441449 0.05
OBS: 8.757518086869503 g_PS1 1452.7576 66.902 19.5945170762729 0.05
OBS: 13.136277130304254 g_PS1 894.137 41.1765 20.121489798671323 0.05
OBS: 17.515036173739006 g_PS1 665.4124 30.6434 20.442272728191046 0.05
OBS: 21.893795217173757 g_PS1 413.5965 19.0468 20.958557770931417 0.05
OBS: 26.27255426060851 g_PS1 299.9305 13.8123 21.307448296192092 0.05
OBS: 30.65131330404326 g_PS1 251.8424 11.5978 21.49717780170593 0.05
OBS: 35.03007234747801 g_PS1 195.2655 8.9923 21.773436004073123 0.05
OBS: 39.408831390912766 g_PS1 165.6997 7.6308 21.951695445880752 0.05
OBS: -8.757518086869503 r_PS1 975.6961 44.9325 20.026713535795782 0.05
OBS: -4.378759043434751 r_PS1 1270.5219 58.5097 19.740044642809032 0.05
OBS: 0.0 r_PS1 1809.6023 83.3353 19.356042180781028 0.05
OBS: 4.378759043434751 r_PS1 1898.9636 87.4505 19.30370838873649 0.05
OBS: 8.757518086869503 r_PS1 1745.3359 80.3757 19.3953024762616 0.05
OBS: 13.136277130304254 r_PS1 1461.9995 67.3276 19.587631921524828 0.05
OBS: 17.515036173739006 r_PS1 1040.5808 47.9205 19.95681053054907 0.05
OBS: 21.893795217173757 r_PS1 790.7418 36.415 20.254913267728323 0.05
OBS: 26.27255426060851 r_PS1 661.4636 30.4615 20.448735125214927 0.05
OBS: 30.65131330404326 r_PS1 549.6806 25.3137 20.64972397501317 0.05
OBS: 35.03007234747801 r_PS1 398.1024 18.3333 21.000013002877914 0.05
OBS: 39.408831390912766 r_PS1 382.2222 17.602 21.04421029359498 0.05
OBS: -8.757518086869503 i_PS1 836.2546 38.5109 20.194153728945828 0.05
OBS: -4.378759043434751 i_PS1 1270.4071 58.5044 19.74014274565787 0.05
OBS: 0.0 i_PS1 1503.6386 69.2451 19.557141315774867 0.05
OBS: 4.378759043434751 i_PS1 1469.5673 67.6761 19.58202630437774 0.05
OBS: 8.757518086869503 i_PS1 1248.8481 57.5116 19.7587259529483 0.05
OBS: 13.136277130304254 i_PS1 1051.6797 48.4316 19.94529126791555 0.05
OBS: 17.515036173739006 i_PS1 1027.5655 47.3211 19.970476228437246 0.05
OBS: 21.893795217173757 i_PS1 913.0523 42.0476 20.09876080874546 0.05
OBS: 26.27255426060851 i_PS1 797.8878 36.7441 20.24514547952272 0.05
OBS: 30.65131330404326 i_PS1 628.573 28.9469 20.50411071323656 0.05
OBS: 35.03007234747801 i_PS1 474.0283 21.8298 20.810489329071114 0.05
OBS: 39.408831390912766 i_PS1 423.5052 19.5031 20.932853252335157 0.05
OBS: -8.757518086869503 z_PS1 621.3427 28.6139 20.516672071816682 0.05
OBS: -4.378759043434751 z_PS1 898.2938 41.368 20.116454016553703 0.05
OBS: 0.0 z_PS1 895.3442 41.2321 20.120024964450664 0.05
OBS: 4.378759043434751 z_PS1 816.3798 37.5957 20.220269318035058 0.05
OBS: 8.757518086869503 z_PS1 679.0559 31.2717 20.42023620678906 0.05
OBS: 13.136277130304254 z_PS1 623.4003 28.7086 20.51308239778062 0.05
OBS: 17.515036173739006 z_PS1 614.1745 28.2838 20.52927049866573 0.05
OBS: 21.893795217173757 z_PS1 631.3831 29.0763 20.499267561129614 0.05
OBS: 26.27255426060851 z_PS1 629.3554 28.9829 20.502760122073372 0.05
OBS: 30.65131330404326 z_PS1 495.3127 22.81 20.762801391829445 0.05
OBS: 35.03007234747801 z_PS1 389.6109 17.9422 21.023422242596872 0.05
OBS: 39.408831390912766 z_PS1 302.9699 13.9523 21.29650145583948 0.05
END: