# 881 
# SNANA-like file generated from user-provided data
# Zeropoint of the converted SNANA file: 27.5 mag
# -----------------------------------------------------------
# Data table created by: anonymous
# On date: 2023.03.14 (yyyy.mm.dd); 23.58 hrs (GMT).
# Script used: BayeSNmodel.io.write_snana_lcfile.py
# -----------------------------------------------------------
SNID: 881
MWEBV: 0
REDSHIFT_HELIO: 0.08280336742854502
REDSHIFT_CMB: 0.08280336742854502
REDSHIFT_CMB_ERR: 0.001
PEAKMJD: 0
FILTERS: g_PS1,i_PS1,r_PS1,z_PS1
# -----------------------------------------------------------
NOBS: 48
NVAR: 6
VARLIST: MJD FLT FLUXCAL FLUXCALERR MAG MAGERR
OBS: -8.66242693942836 g_PS1 1581.626 72.8366 19.502240516984045 0.05
OBS: -4.33121346971418 g_PS1 2943.2986 135.5439 18.82791419227141 0.05
OBS: 0.0 g_PS1 3058.7939 140.8627 18.786124463273477 0.05
OBS: 4.33121346971418 g_PS1 2576.0557 118.6318 18.97261186616049 0.05
OBS: 8.66242693942836 g_PS1 1710.2302 78.759 19.417363593821108 0.05
OBS: 12.993640409142541 g_PS1 1060.912 48.8568 19.935801602742767 0.05
OBS: 17.32485387885672 g_PS1 806.7196 37.1508 20.23319348525544 0.05
OBS: 21.6560673485709 g_PS1 557.6443 25.6805 20.634106888719504 0.05
OBS: 25.987280818285083 g_PS1 327.7605 15.0939 21.211108563759364 0.05
OBS: 30.318494287999265 g_PS1 264.0889 12.1617 21.445624533613213 0.05
OBS: 34.64970775771344 g_PS1 230.4588 10.613 21.593516994594214 0.05
OBS: 38.98092122742762 g_PS1 213.4554 9.83 21.676732368473743 0.05
OBS: -8.66242693942836 r_PS1 1428.3147 65.7763 19.61294021348959 0.05
OBS: -4.33121346971418 r_PS1 2149.2717 98.9776 19.1692717220502 0.05
OBS: 0.0 r_PS1 2716.1525 125.0834 18.915114642503788 0.05
OBS: 4.33121346971418 r_PS1 2454.7535 113.0456 19.024980268468603 0.05
OBS: 8.66242693942836 r_PS1 2270.1381 104.5437 19.109869327855183 0.05
OBS: 12.993640409142541 r_PS1 1937.5988 89.2297 19.28184035398724 0.05
OBS: 17.32485387885672 r_PS1 1309.3371 60.2972 19.707371339337296 0.05
OBS: 21.6560673485709 r_PS1 1108.6533 51.0554 19.88801057485438 0.05
OBS: 25.987280818285083 r_PS1 794.9783 36.6101 20.249111765222978 0.05
OBS: 30.318494287999265 r_PS1 551.2523 25.3861 20.646624001565872 0.05
OBS: 34.64970775771344 r_PS1 441.4694 20.3304 20.887748489984652 0.05
OBS: 38.98092122742762 r_PS1 446.2236 20.5494 20.876118616772484 0.05
OBS: -8.66242693942836 i_PS1 1092.5825 50.3153 19.90386441942444 0.05
OBS: -4.33121346971418 i_PS1 2142.2713 98.6552 19.172813831460644 0.05
OBS: 0.0 i_PS1 2158.7793 99.4155 19.164479380860307 0.05
OBS: 4.33121346971418 i_PS1 2031.8054 93.5681 19.230294747425862 0.05
OBS: 8.66242693942836 i_PS1 1518.8997 69.9479 19.54617724111852 0.05
OBS: 12.993640409142541 i_PS1 1277.3602 58.8246 19.73421659026176 0.05
OBS: 17.32485387885672 i_PS1 1252.8025 57.6937 19.75529351405698 0.05
OBS: 21.6560673485709 i_PS1 1473.688 67.8658 19.57898615207916 0.05
OBS: 25.987280818285083 i_PS1 1101.8193 50.7407 19.89472410673687 0.05
OBS: 30.318494287999265 i_PS1 691.5312 31.8462 20.400470505682225 0.05
OBS: 34.64970775771344 i_PS1 479.2412 22.0699 20.79861460571262 0.05
OBS: 38.98092122742762 i_PS1 414.4659 19.0869 20.956278020322586 0.05
OBS: -8.66242693942836 z_PS1 844.4487 38.8883 20.18356684585812 0.05
OBS: -4.33121346971418 z_PS1 1345.0081 61.9399 19.67818771486064 0.05
OBS: 0.0 z_PS1 1705.8002 78.555 19.42017960514117 0.05
OBS: 4.33121346971418 z_PS1 1340.568 61.7354 19.681777873164847 0.05
OBS: 8.66242693942836 z_PS1 940.3813 43.3062 20.066740068350033 0.05
OBS: 12.993640409142541 z_PS1 898.557 41.3801 20.11613595404451 0.05
OBS: 17.32485387885672 z_PS1 1015.3884 46.7604 19.983419462587964 0.05
OBS: 21.6560673485709 z_PS1 1029.7425 47.4214 19.96817839930137 0.05
OBS: 25.987280818285083 z_PS1 882.2183 40.6277 20.136059900682962 0.05
OBS: 30.318494287999265 z_PS1 595.7336 27.4345 20.562369756845712 0.05
OBS: 34.64970775771344 z_PS1 433.3135 19.9548 20.907994405726587 0.05
OBS: 38.98092122742762 z_PS1 334.8161 15.4189 21.18798420773669 0.05
END: