# 8959 
# SNANA-like file generated from user-provided data
# Zeropoint of the converted SNANA file: 27.5 mag
# -----------------------------------------------------------
# Data table created by: anonymous
# On date: 2023.03.14 (yyyy.mm.dd); 23.58 hrs (GMT).
# Script used: BayeSNmodel.io.write_snana_lcfile.py
# -----------------------------------------------------------
SNID: 8959
MWEBV: 0
REDSHIFT_HELIO: 0.0978965213919467
REDSHIFT_CMB: 0.0978965213919467
REDSHIFT_CMB_ERR: 0.001
PEAKMJD: 0
FILTERS: g_PS1,i_PS1,r_PS1,z_PS1
# -----------------------------------------------------------
NOBS: 48
NVAR: 6
VARLIST: MJD FLT FLUXCAL FLUXCALERR MAG MAGERR
OBS: -8.783172171135574 g_PS1 470.2731 21.6569 20.819124549475205 0.05
OBS: -4.391586085567787 g_PS1 934.745 43.0466 20.073267148849695 0.05
OBS: 0.0 g_PS1 1143.3468 52.6531 19.854555069727585 0.05
OBS: 4.391586085567787 g_PS1 965.8359 44.4784 20.03774167000078 0.05
OBS: 8.783172171135574 g_PS1 591.1837 27.225 20.570693950477256 0.05
OBS: 13.17475825670336 g_PS1 416.1775 19.1657 20.951803538556437 0.05
OBS: 17.566344342271147 g_PS1 270.8557 12.4734 21.418154932537625 0.05
OBS: 21.957930427838935 g_PS1 179.8699 8.2833 21.8626036394588 0.05
OBS: 26.34951651340672 g_PS1 147.8259 6.8076 22.07562343179082 0.05
OBS: 30.741102598974507 g_PS1 122.9382 5.6615 22.27578292602444 0.05
OBS: 35.132688684542295 g_PS1 107.6127 4.9557 22.420340989410583 0.05
OBS: 39.52427477011008 g_PS1 86.6443 3.9901 22.65564959245045 0.05
OBS: -8.783172171135574 r_PS1 587.4822 27.0546 20.577513136189932 0.05
OBS: -4.391586085567787 r_PS1 1046.5436 48.1951 19.9506067032414 0.05
OBS: 0.0 r_PS1 1387.5742 63.9002 19.644359436121228 0.05
OBS: 4.391586085567787 r_PS1 1272.8577 58.6173 19.738050328213074 0.05
OBS: 8.783172171135574 r_PS1 951.0085 43.7956 20.05453894864643 0.05
OBS: 13.17475825670336 r_PS1 741.6999 34.1565 20.324429498713577 0.05
OBS: 17.566344342271147 r_PS1 550.7525 25.3631 20.6476089020358 0.05
OBS: 21.957930427838935 r_PS1 453.6786 20.8927 20.858129155016293 0.05
OBS: 26.34951651340672 r_PS1 397.5827 18.3094 21.001431402947592 0.05
OBS: 30.741102598974507 r_PS1 311.8623 14.3618 21.265092908876582 0.05
OBS: 35.132688684542295 r_PS1 270.3392 12.4496 21.420227637683812 0.05
OBS: 39.52427477011008 r_PS1 215.45 9.9218 21.66663365872331 0.05
OBS: -8.783172171135574 i_PS1 660.5568 30.4198 20.45022460719861 0.05
OBS: -4.391586085567787 i_PS1 1044.9144 48.1201 19.952298183554266 0.05
OBS: 0.0 i_PS1 1085.1378 49.9724 19.911287794071253 0.05
OBS: 4.391586085567787 i_PS1 1013.4296 46.6702 19.98551600644262 0.05
OBS: 8.783172171135574 i_PS1 744.7237 34.2958 20.320012041492816 0.05
OBS: 13.17475825670336 i_PS1 648.5082 29.8649 20.470211309876728 0.05
OBS: 17.566344342271147 i_PS1 615.5796 28.3485 20.52678938967999 0.05
OBS: 21.957930427838935 i_PS1 604.203 27.8246 20.54704286891634 0.05
OBS: 26.34951651340672 i_PS1 516.4923 23.7853 20.71734035442413 0.05
OBS: 30.741102598974507 i_PS1 375.0381 17.2711 21.064811555143017 0.05
OBS: 35.132688684542295 i_PS1 325.4326 14.9867 21.218847296356703 0.05
OBS: 39.52427477011008 i_PS1 247.0818 11.3785 21.517897993258735 0.05
OBS: -8.783172171135574 z_PS1 525.5604 24.203 20.698443331484082 0.05
OBS: -4.391586085567787 z_PS1 753.8247 34.7149 20.306824033317085 0.05
OBS: 0.0 z_PS1 772.5713 35.5782 20.280153561215656 0.05
OBS: 4.391586085567787 z_PS1 599.1798 27.5933 20.556107039560377 0.05
OBS: 8.783172171135574 z_PS1 431.6489 19.8782 20.91217346727108 0.05
OBS: 13.17475825670336 z_PS1 371.1072 17.0901 21.076251595894252 0.05
OBS: 17.566344342271147 z_PS1 400.4866 18.4431 20.993530089725216 0.05
OBS: 21.957930427838935 z_PS1 441.1281 20.3147 20.888588178577752 0.05
OBS: 26.34951651340672 z_PS1 477.9272 22.0094 20.801595742584254 0.05
OBS: 30.741102598974507 z_PS1 375.0145 17.2701 21.064879769954416 0.05
OBS: 35.132688684542295 z_PS1 280.4599 12.9157 21.380323105874016 0.05
OBS: 39.52427477011008 z_PS1 283.5027 13.0558 21.368606948307693 0.05
END: