# 9028 
# SNANA-like file generated from user-provided data
# Zeropoint of the converted SNANA file: 27.5 mag
# -----------------------------------------------------------
# Data table created by: anonymous
# On date: 2023.03.14 (yyyy.mm.dd); 23.58 hrs (GMT).
# Script used: BayeSNmodel.io.write_snana_lcfile.py
# -----------------------------------------------------------
SNID: 9028
MWEBV: 0
REDSHIFT_HELIO: 0.09262792095758102
REDSHIFT_CMB: 0.09262792095758102
REDSHIFT_CMB_ERR: 0.001
PEAKMJD: 0
FILTERS: g_PS1,i_PS1,r_PS1,z_PS1
# -----------------------------------------------------------
NOBS: 48
NVAR: 6
VARLIST: MJD FLT FLUXCAL FLUXCALERR MAG MAGERR
OBS: -8.741023367660649 g_PS1 1494.266 68.8135 19.563930211810323 0.05
OBS: -4.370511683830324 g_PS1 1871.9092 86.2046 19.319288042296538 0.05
OBS: 0.0 g_PS1 1912.5323 88.0754 19.29597803359908 0.05
OBS: 4.370511683830324 g_PS1 1808.6749 83.2926 19.35659871198684 0.05
OBS: 8.741023367660649 g_PS1 1403.9826 64.6558 19.631595649117756 0.05
OBS: 13.111535051490973 g_PS1 960.9269 44.2523 20.043274167792287 0.05
OBS: 17.482046735321298 g_PS1 694.8678 31.9998 20.39524451264392 0.05
OBS: 21.85255841915162 g_PS1 464.976 21.4129 20.831423603447035 0.05
OBS: 26.223070102981946 g_PS1 317.6825 14.6298 21.245016836507627 0.05
OBS: 30.593581786812273 g_PS1 278.2288 12.8129 21.388994651110995 0.05
OBS: 34.964093470642595 g_PS1 203.9111 9.3905 21.72639774069407 0.05
OBS: 39.33460515447292 g_PS1 156.1815 7.1924 22.015926238649687 0.05
OBS: -8.741023367660649 r_PS1 1495.3262 68.8623 19.56316010784524 0.05
OBS: -4.370511683830324 r_PS1 1867.6037 86.0063 19.321788161690876 0.05
OBS: 0.0 r_PS1 2166.0792 99.7516 19.1608141925347 0.05
OBS: 4.370511683830324 r_PS1 2126.8518 97.9451 19.18065692094111 0.05
OBS: 8.741023367660649 r_PS1 1737.3196 80.0065 19.400300677889778 0.05
OBS: 13.111535051490973 r_PS1 1359.4134 62.6033 19.66662115637811 0.05
OBS: 17.482046735321298 r_PS1 1096.4055 50.4913 19.90007194518728 0.05
OBS: 21.85255841915162 r_PS1 883.3664 40.6805 20.134647757098634 0.05
OBS: 26.223070102981946 r_PS1 780.3323 35.9356 20.26930101373842 0.05
OBS: 30.593581786812273 r_PS1 701.6278 32.3112 20.384733076844935 0.05
OBS: 34.964093470642595 r_PS1 601.0722 27.6804 20.552683428911553 0.05
OBS: 39.33460515447292 r_PS1 447.5631 20.611 20.872864431789832 0.05
OBS: -8.741023367660649 i_PS1 1241.1491 57.157 19.76544009603287 0.05
OBS: -4.370511683830324 i_PS1 1382.6724 63.6744 19.648201744205757 0.05
OBS: 0.0 i_PS1 1553.6164 71.5467 19.521640521951927 0.05
OBS: 4.370511683830324 i_PS1 1319.6682 60.773 19.698838082463492 0.05
OBS: 8.741023367660649 i_PS1 1296.3344 59.6984 19.718207348919627 0.05
OBS: 13.111535051490973 i_PS1 898.7553 41.3892 20.11589629706008 0.05
OBS: 17.482046735321298 i_PS1 768.6033 35.3955 20.285744336345648 0.05
OBS: 21.85255841915162 i_PS1 734.0004 33.802 20.335759214402586 0.05
OBS: 26.223070102981946 i_PS1 864.5843 39.8156 20.157981674794584 0.05
OBS: 30.593581786812273 i_PS1 1032.9812 47.5705 19.964768946511718 0.05
OBS: 34.964093470642595 i_PS1 895.1311 41.2223 20.120283422374595 0.05
OBS: 39.33460515447292 i_PS1 593.9027 27.3502 20.565711690884008 0.05
OBS: -8.741023367660649 z_PS1 1253.2538 57.7145 19.754902462543082 0.05
OBS: -4.370511683830324 z_PS1 1433.4877 66.0145 19.609015105916516 0.05
OBS: 0.0 z_PS1 1111.1358 51.1697 19.88558211840423 0.05
OBS: 4.370511683830324 z_PS1 864.7298 39.8223 20.157798926023414 0.05
OBS: 8.741023367660649 z_PS1 740.184 34.0867 20.326650809830504 0.05
OBS: 13.111535051490973 z_PS1 501.2852 23.085 20.749787888976 0.05
OBS: 17.482046735321298 z_PS1 466.0227 21.4611 20.828982272521817 0.05
OBS: 21.85255841915162 z_PS1 526.1989 24.2324 20.69712512476637 0.05
OBS: 26.223070102981946 z_PS1 635.7276 29.2763 20.491822302254473 0.05
OBS: 30.593581786812273 z_PS1 720.0344 33.1588 20.356616943894174 0.05
OBS: 34.964093470642595 z_PS1 699.5677 32.2163 20.38792557148095 0.05
OBS: 39.33460515447292 z_PS1 556.9333 25.6477 20.63549205317098 0.05
END: