# 9043 
# SNANA-like file generated from user-provided data
# Zeropoint of the converted SNANA file: 27.5 mag
# -----------------------------------------------------------
# Data table created by: anonymous
# On date: 2023.03.14 (yyyy.mm.dd); 23.58 hrs (GMT).
# Script used: BayeSNmodel.io.write_snana_lcfile.py
# -----------------------------------------------------------
SNID: 9043
MWEBV: 0
REDSHIFT_HELIO: 0.06520084221791765
REDSHIFT_CMB: 0.06520084221791765
REDSHIFT_CMB_ERR: 0.001
PEAKMJD: 0
FILTERS: g_PS1,i_PS1,r_PS1,z_PS1
# -----------------------------------------------------------
NOBS: 48
NVAR: 6
VARLIST: MJD FLT FLUXCAL FLUXCALERR MAG MAGERR
OBS: -8.52160673774334 g_PS1 2487.8217 114.5684 19.01045188742155 0.05
OBS: -4.26080336887167 g_PS1 4544.7283 209.2925 18.35623017932719 0.05
OBS: 0.0 g_PS1 5053.4299 232.719 18.241034393357246 0.05
OBS: 4.26080336887167 g_PS1 3916.1538 180.3455 18.517850637440425 0.05
OBS: 8.52160673774334 g_PS1 2756.6176 126.9469 18.89905867297902 0.05
OBS: 12.78241010661501 g_PS1 1792.0754 82.5281 19.366609290729553 0.05
OBS: 17.04321347548668 g_PS1 1308.6132 60.2639 19.707971763576868 0.05
OBS: 21.30401684435835 g_PS1 869.077 40.0225 20.152354353470987 0.05
OBS: 25.56482021323002 g_PS1 624.3464 28.7522 20.511435938390576 0.05
OBS: 29.82562358210169 g_PS1 501.3596 23.0885 20.74962656234662 0.05
OBS: 34.08642695097336 g_PS1 381.4676 17.5672 21.046355830214956 0.05
OBS: 38.34723031984503 g_PS1 327.3402 15.0746 21.212501691967603 0.05
OBS: -8.52160673774334 r_PS1 2407.6982 110.8786 19.045994895992003 0.05
OBS: -4.26080336887167 r_PS1 3882.502 178.7958 18.527220791154786 0.05
OBS: 0.0 r_PS1 5166.7027 237.9355 18.21696631033411 0.05
OBS: 4.26080336887167 r_PS1 4321.0162 198.9901 18.41103526629509 0.05
OBS: 8.52160673774334 r_PS1 3853.7701 177.4727 18.535285498942358 0.05
OBS: 12.78241010661501 r_PS1 2842.502 130.9021 18.865748060613335 0.05
OBS: 17.04321347548668 r_PS1 2033.4388 93.6433 19.229422259202043 0.05
OBS: 21.30401684435835 r_PS1 2206.3561 101.6065 19.14081099250915 0.05
OBS: 25.56482021323002 r_PS1 1740.1249 80.1357 19.398548920891812 0.05
OBS: 29.82562358210169 r_PS1 1305.6104 60.1256 19.710466025891023 0.05
OBS: 34.08642695097336 r_PS1 1090.9883 50.2419 19.905449771980592 0.05
OBS: 38.34723031984503 r_PS1 905.7996 41.7136 20.10741973766101 0.05
OBS: -8.52160673774334 i_PS1 2068.5156 95.2587 19.210852986745145 0.05
OBS: -4.26080336887167 i_PS1 3449.5775 158.8589 18.65558523289313 0.05
OBS: 0.0 i_PS1 3463.4786 159.4991 18.651218738875656 0.05
OBS: 4.26080336887167 i_PS1 2954.928 136.0795 18.8236327584974 0.05
OBS: 8.52160673774334 i_PS1 2329.9745 107.2993 19.081622086906393 0.05
OBS: 12.78241010661501 i_PS1 1778.226 81.8903 19.375032632819178 0.05
OBS: 17.04321347548668 i_PS1 1609.0629 74.1001 19.48356745464784 0.05
OBS: 21.30401684435835 i_PS1 2120.4682 97.6512 19.183920597441496 0.05
OBS: 25.56482021323002 i_PS1 2206.9773 101.6351 19.140505328680746 0.05
OBS: 29.82562358210169 i_PS1 1871.9959 86.2086 19.319237763673836 0.05
OBS: 34.08642695097336 i_PS1 1453.3926 66.9312 19.594042644857936 0.05
OBS: 38.34723031984503 i_PS1 1074.0283 49.4608 19.922460725817118 0.05
OBS: -8.52160673774334 z_PS1 2225.2432 102.4762 19.13155630418282 0.05
OBS: -4.26080336887167 z_PS1 3227.2308 148.6195 18.727924941936404 0.05
OBS: 0.0 z_PS1 3328.8936 153.3012 18.694250218980006 0.05
OBS: 4.26080336887167 z_PS1 2276.809 104.8509 19.106683495311515 0.05
OBS: 8.52160673774334 z_PS1 1610.5422 74.1682 19.482569723332645 0.05
OBS: 12.78241010661501 z_PS1 1492.0281 68.7104 19.565557514965853 0.05
OBS: 17.04321347548668 z_PS1 1445.0121 66.5453 19.600321314165257 0.05
OBS: 21.30401684435835 z_PS1 1628.3222 74.987 19.470649163766744 0.05
OBS: 25.56482021323002 z_PS1 1737.5243 80.016 19.400172782230207 0.05
OBS: 29.82562358210169 z_PS1 1523.9599 70.1809 19.542566119549885 0.05
OBS: 34.08642695097336 z_PS1 1324.9439 61.0159 19.694506289972004 0.05
OBS: 38.34723031984503 z_PS1 890.3511 41.0022 20.126096769433055 0.05
END: