# 9148 
# SNANA-like file generated from user-provided data
# Zeropoint of the converted SNANA file: 27.5 mag
# -----------------------------------------------------------
# Data table created by: anonymous
# On date: 2023.03.14 (yyyy.mm.dd); 23.58 hrs (GMT).
# Script used: BayeSNmodel.io.write_snana_lcfile.py
# -----------------------------------------------------------
SNID: 9148
MWEBV: 0
REDSHIFT_HELIO: 0.09678830374183661
REDSHIFT_CMB: 0.09678830374183661
REDSHIFT_CMB_ERR: 0.001
PEAKMJD: 0
FILTERS: g_PS1,i_PS1,r_PS1,z_PS1
# -----------------------------------------------------------
NOBS: 48
NVAR: 6
VARLIST: MJD FLT FLUXCAL FLUXCALERR MAG MAGERR
OBS: -8.774306429934693 g_PS1 1812.5434 83.4707 19.35427895938172 0.05
OBS: -4.387153214967347 g_PS1 2946.1531 135.6754 18.826861718469207 0.05
OBS: 0.0 g_PS1 3129.5677 144.1219 18.76128913209424 0.05
OBS: 4.387153214967347 g_PS1 2760.8927 127.1438 18.897376170992704 0.05
OBS: 8.774306429934693 g_PS1 2147.5887 98.9001 19.170122217065124 0.05
OBS: 13.16145964490204 g_PS1 1486.1393 68.4392 19.569851173768587 0.05
OBS: 17.548612859869387 g_PS1 1084.6505 49.95 19.91177540981989 0.05
OBS: 21.935766074836735 g_PS1 875.1232 40.3009 20.14482702671833 0.05
OBS: 26.32291928980408 g_PS1 588.9526 27.1223 20.574799076797753 0.05
OBS: 30.710072504771425 g_PS1 462.0451 21.278 20.838289146527618 0.05
OBS: 35.09722571973877 g_PS1 348.8303 16.0642 21.143464567087698 0.05
OBS: 39.48437893470612 g_PS1 270.1924 12.4428 21.42081705217423 0.05
OBS: -8.774306429934693 r_PS1 1835.4511 84.5256 19.340642935043835 0.05
OBS: -4.387153214967347 r_PS1 2552.7989 117.5607 18.98245849476699 0.05
OBS: 0.0 r_PS1 2738.835 126.128 18.906085345357067 0.05
OBS: 4.387153214967347 r_PS1 2652.4349 122.1491 18.940888154949686 0.05
OBS: 8.774306429934693 r_PS1 2248.3337 103.5396 19.12034807613774 0.05
OBS: 13.16145964490204 r_PS1 1776.0618 81.7907 19.3763547913817 0.05
OBS: 17.548612859869387 r_PS1 1581.9267 72.8504 19.502034105766345 0.05
OBS: 21.935766074836735 r_PS1 1321.1292 60.8402 19.697636802812415 0.05
OBS: 26.32291928980408 r_PS1 1227.5129 56.5291 19.77743485236152 0.05
OBS: 30.710072504771425 r_PS1 1075.2649 49.5178 19.921211367275227 0.05
OBS: 35.09722571973877 r_PS1 832.1923 38.3239 20.199440751862966 0.05
OBS: 39.48437893470612 r_PS1 641.1518 29.5261 20.482597783677942 0.05
OBS: -8.774306429934693 i_PS1 1620.4594 74.6249 19.47590463771268 0.05
OBS: -4.387153214967347 i_PS1 2292.1897 105.5592 19.099373598988986 0.05
OBS: 0.0 i_PS1 2073.1458 95.4719 19.208425373370215 0.05
OBS: 4.387153214967347 i_PS1 1743.342 80.2839 19.396543505094915 0.05
OBS: 8.774306429934693 i_PS1 1318.3937 60.7143 19.699887212014406 0.05
OBS: 13.16145964490204 i_PS1 1151.5926 53.0328 19.846752849374617 0.05
OBS: 17.548612859869387 i_PS1 1206.5583 55.5641 19.796129207041275 0.05
OBS: 21.935766074836735 i_PS1 1342.1988 61.8105 19.680457850801798 0.05
OBS: 26.32291928980408 i_PS1 1357.1 62.4968 19.668470398966072 0.05
OBS: 30.710072504771425 i_PS1 1158.9062 53.3696 19.839879252792958 0.05
OBS: 35.09722571973877 i_PS1 985.1121 45.3661 20.01628584774513 0.05
OBS: 39.48437893470612 i_PS1 728.1051 33.5305 20.344514814067484 0.05
OBS: -8.774306429934693 z_PS1 1390.6754 64.043 19.64193553562819 0.05
OBS: -4.387153214967347 z_PS1 1627.5383 74.9509 19.471171939542177 0.05
OBS: 0.0 z_PS1 1519.6651 69.9832 19.54563028002427 0.05
OBS: 4.387153214967347 z_PS1 1204.104 55.451 19.79834003536434 0.05
OBS: 8.774306429934693 z_PS1 943.7601 43.4618 20.062845969044314 0.05
OBS: 13.16145964490204 z_PS1 741.7218 34.1576 20.324397328570278 0.05
OBS: 17.548612859869387 z_PS1 738.048 33.9884 20.329788430788504 0.05
OBS: 21.935766074836735 z_PS1 812.4805 37.4161 20.225467597843668 0.05
OBS: 26.32291928980408 z_PS1 872.2406 40.1682 20.148409251914156 0.05
OBS: 30.710072504771425 z_PS1 867.9239 39.9694 20.1537958947275 0.05
OBS: 35.09722571973877 z_PS1 775.7859 35.7263 20.275645236639242 0.05
OBS: 39.48437893470612 z_PS1 555.3666 25.5756 20.638550575058765 0.05
END: