# 9459 
# SNANA-like file generated from user-provided data
# Zeropoint of the converted SNANA file: 27.5 mag
# -----------------------------------------------------------
# Data table created by: anonymous
# On date: 2023.03.14 (yyyy.mm.dd); 23.58 hrs (GMT).
# Script used: BayeSNmodel.io.write_snana_lcfile.py
# -----------------------------------------------------------
SNID: 9459
MWEBV: 0
REDSHIFT_HELIO: 0.09482783989335858
REDSHIFT_CMB: 0.09482783989335858
REDSHIFT_CMB_ERR: 0.001
PEAKMJD: 0
FILTERS: g_PS1,i_PS1,r_PS1,z_PS1
# -----------------------------------------------------------
NOBS: 48
NVAR: 6
VARLIST: MJD FLT FLUXCAL FLUXCALERR MAG MAGERR
OBS: -8.758622719146869 g_PS1 1876.8916 86.4341 19.31640204112248 0.05
OBS: -4.3793113595734345 g_PS1 2433.6648 112.0744 19.0343481181372 0.05
OBS: 0.0 g_PS1 2326.1223 107.1219 19.08341862656558 0.05
OBS: 4.3793113595734345 g_PS1 2125.7788 97.8957 19.181204800269736 0.05
OBS: 8.758622719146869 g_PS1 1966.6943 90.5696 19.265657876865944 0.05
OBS: 13.137934078720303 g_PS1 1422.408 65.5043 19.617439530803747 0.05
OBS: 17.517245438293738 g_PS1 1008.4256 46.4397 19.990890303886502 0.05
OBS: 21.896556797867174 g_PS1 638.7866 29.4172 20.486610531419124 0.05
OBS: 26.275868157440605 g_PS1 484.629 22.318 20.786476588570146 0.05
OBS: 30.65517951701404 g_PS1 364.6639 16.7934 21.095268151002248 0.05
OBS: 35.034490876587476 g_PS1 275.1233 12.6699 21.40118164077952 0.05
OBS: 39.41380223616091 g_PS1 233.8025 10.767 21.577877184157256 0.05
OBS: -8.758622719146869 r_PS1 1384.8288 63.7737 19.646509752109267 0.05
OBS: -4.3793113595734345 r_PS1 2015.6152 92.8225 19.23898091239323 0.05
OBS: 0.0 r_PS1 2470.4318 113.7676 19.01806784157277 0.05
OBS: 4.3793113595734345 r_PS1 2427.8407 111.8062 19.0369495243139 0.05
OBS: 8.758622719146869 r_PS1 1805.0809 83.127 19.358758313595878 0.05
OBS: 13.137934078720303 r_PS1 1692.8139 77.957 19.42847697626726 0.05
OBS: 17.517245438293738 r_PS1 1194.3431 55.0015 19.80717724923293 0.05
OBS: 21.896556797867174 r_PS1 949.3863 43.7209 20.056392610957793 0.05
OBS: 26.275868157440605 r_PS1 860.6742 39.6355 20.162903017654592 0.05
OBS: 30.65517951701404 r_PS1 784.2181 36.1146 20.26390789539549 0.05
OBS: 35.034490876587476 r_PS1 594.6789 27.386 20.564293729880365 0.05
OBS: 39.41380223616091 r_PS1 472.2191 21.7465 20.814641168998076 0.05
OBS: -8.758622719146869 i_PS1 1141.6075 52.573 19.856207957807623 0.05
OBS: -4.3793113595734345 i_PS1 1513.2062 69.6857 19.550254725275668 0.05
OBS: 0.0 i_PS1 1682.5313 77.4834 19.435092143355785 0.05
OBS: 4.3793113595734345 i_PS1 1609.3983 74.1155 19.48334117144338 0.05
OBS: 8.758622719146869 i_PS1 1320.9893 60.8338 19.697751756237874 0.05
OBS: 13.137934078720303 i_PS1 1025.3677 47.2199 19.97280088504221 0.05
OBS: 17.517245438293738 i_PS1 769.9329 35.4567 20.28386777399368 0.05
OBS: 21.896556797867174 i_PS1 831.8565 38.3084 20.19987892549424 0.05
OBS: 26.275868157440605 i_PS1 815.731 37.5658 20.221132609727814 0.05
OBS: 30.65517951701404 i_PS1 841.6652 38.7601 20.187151542658604 0.05
OBS: 35.034490876587476 i_PS1 768.3573 35.3842 20.28609191088181 0.05
OBS: 39.41380223616091 i_PS1 570.7928 26.286 20.608803810442815 0.05
OBS: -8.758622719146869 z_PS1 1020.3817 46.9903 19.978093357456878 0.05
OBS: -4.3793113595734345 z_PS1 1264.9579 58.2535 19.744809859350795 0.05
OBS: 0.0 z_PS1 1166.9922 53.742 19.832330127983738 0.05
OBS: 4.3793113595734345 z_PS1 877.5595 40.4131 20.141808553180127 0.05
OBS: 8.758622719146869 z_PS1 656.6249 30.2387 20.45670666891494 0.05
OBS: 13.137934078720303 z_PS1 567.4432 26.1317 20.615193980639525 0.05
OBS: 17.517245438293738 z_PS1 496.2051 22.8511 20.760847015383142 0.05
OBS: 21.896556797867174 z_PS1 514.8466 23.7096 20.720805342534916 0.05
OBS: 26.275868157440605 z_PS1 602.5107 27.7466 20.550088163845757 0.05
OBS: 30.65517951701404 z_PS1 639.8643 29.4668 20.48478022037518 0.05
OBS: 35.034490876587476 z_PS1 614.6361 28.305 20.528454833103744 0.05
OBS: 39.41380223616091 z_PS1 515.8609 23.7563 20.718668376427328 0.05
END: