# 9501 
# SNANA-like file generated from user-provided data
# Zeropoint of the converted SNANA file: 27.5 mag
# -----------------------------------------------------------
# Data table created by: anonymous
# On date: 2023.03.14 (yyyy.mm.dd); 23.58 hrs (GMT).
# Script used: BayeSNmodel.io.write_snana_lcfile.py
# -----------------------------------------------------------
SNID: 9501
MWEBV: 0
REDSHIFT_HELIO: 0.09440636042635721
REDSHIFT_CMB: 0.09440636042635721
REDSHIFT_CMB_ERR: 0.001
PEAKMJD: 0
FILTERS: g_PS1,i_PS1,r_PS1,z_PS1
# -----------------------------------------------------------
NOBS: 48
NVAR: 6
VARLIST: MJD FLT FLUXCAL FLUXCALERR MAG MAGERR
OBS: -8.755250883410858 g_PS1 1631.3595 75.1269 19.468625832317965 0.05
OBS: -4.377625441705429 g_PS1 2537.3437 116.849 18.989051751757028 0.05
OBS: 0.0 g_PS1 3098.3835 142.6858 18.77216206407262 0.05
OBS: 4.377625441705429 g_PS1 2733.777 125.8951 18.90809228731775 0.05
OBS: 8.755250883410858 g_PS1 1796.7845 82.745 19.36376003962855 0.05
OBS: 13.132876325116285 g_PS1 1341.1821 61.7637 19.68128066835449 0.05
OBS: 17.510501766821715 g_PS1 997.1608 45.921 20.003086962708046 0.05
OBS: 21.888127208527145 g_PS1 720.5544 33.1828 20.35583308749178 0.05
OBS: 26.26575265023257 g_PS1 484.9575 22.3331 20.785740823378053 0.05
OBS: 30.643378091938 g_PS1 352.4292 16.23 21.132320244024136 0.05
OBS: 35.02100353364343 g_PS1 303.7256 13.9871 21.29379667996668 0.05
OBS: 39.398628975348856 g_PS1 222.5706 10.2498 21.631330543451412 0.05
OBS: -8.755250883410858 r_PS1 1139.8306 52.4911 19.85789926635982 0.05
OBS: -4.377625441705429 r_PS1 2115.5563 97.425 19.18643852835526 0.05
OBS: 0.0 r_PS1 2407.3936 110.8646 19.04613224512217 0.05
OBS: 4.377625441705429 r_PS1 2418.5509 111.3784 19.041111927713093 0.05
OBS: 8.755250883410858 r_PS1 2233.3999 102.8519 19.12758374701034 0.05
OBS: 13.132876325116285 r_PS1 1718.4822 79.139 19.412137409510645 0.05
OBS: 17.510501766821715 r_PS1 1312.6725 60.4508 19.70460905658737 0.05
OBS: 21.888127208527145 r_PS1 1106.2287 50.9437 19.890387728291852 0.05
OBS: 26.26575265023257 r_PS1 892.9058 41.1198 20.122985869819896 0.05
OBS: 30.643378091938 r_PS1 684.5926 31.5267 20.41141952345802 0.05
OBS: 35.02100353364343 r_PS1 515.9126 23.7587 20.718559565156497 0.05
OBS: 39.398628975348856 r_PS1 541.4674 24.9355 20.666069168695 0.05
OBS: -8.755250883410858 i_PS1 858.1508 39.5193 20.16609103400351 0.05
OBS: -4.377625441705429 i_PS1 1604.9325 73.9099 19.486358065114217 0.05
OBS: 0.0 i_PS1 1999.4075 92.0761 19.247746723490486 0.05
OBS: 4.377625441705429 i_PS1 1867.862 86.0182 19.321638060077962 0.05
OBS: 8.755250883410858 i_PS1 1460.1252 67.2413 19.589024761831805 0.05
OBS: 13.132876325116285 i_PS1 1065.7832 49.0811 19.930827855876387 0.05
OBS: 17.510501766821715 i_PS1 1050.7554 48.3891 19.946245942272963 0.05
OBS: 21.888127208527145 i_PS1 964.9219 44.4363 20.038769612628524 0.05
OBS: 26.26575265023257 i_PS1 926.4396 42.6641 20.082957248412367 0.05
OBS: 30.643378091938 i_PS1 796.1419 36.6637 20.24752380108125 0.05
OBS: 35.02100353364343 i_PS1 638.432 29.4009 20.487213432582887 0.05
OBS: 39.398628975348856 i_PS1 528.8812 24.3559 20.691604685112356 0.05
OBS: -8.755250883410858 z_PS1 799.3655 36.8121 20.243136468894864 0.05
OBS: -4.377625441705429 z_PS1 1355.8747 62.4403 19.669451142400668 0.05
OBS: 0.0 z_PS1 1248.367 57.4894 19.759144329472193 0.05
OBS: 4.377625441705429 z_PS1 1130.7042 52.0709 19.866627529798837 0.05
OBS: 8.755250883410858 z_PS1 798.2391 36.7603 20.24466754049336 0.05
OBS: 13.132876325116285 z_PS1 647.4632 29.8168 20.471962251100425 0.05
OBS: 17.510501766821715 z_PS1 590.0135 27.1711 20.57284521831076 0.05
OBS: 21.888127208527145 z_PS1 648.4301 29.8613 20.470342164709976 0.05
OBS: 26.26575265023257 z_PS1 681.5422 31.3862 20.416268193386117 0.05
OBS: 30.643378091938 z_PS1 670.5624 30.8805 20.433902067966727 0.05
OBS: 35.02100353364343 z_PS1 551.7559 25.4093 20.645632562351942 0.05
OBS: 39.398628975348856 z_PS1 495.2201 22.8057 20.763004399747327 0.05
END: