# 9570 
# SNANA-like file generated from user-provided data
# Zeropoint of the converted SNANA file: 27.5 mag
# -----------------------------------------------------------
# Data table created by: anonymous
# On date: 2023.03.14 (yyyy.mm.dd); 23.58 hrs (GMT).
# Script used: BayeSNmodel.io.write_snana_lcfile.py
# -----------------------------------------------------------
SNID: 9570
MWEBV: 0
REDSHIFT_HELIO: 0.08259347254915761
REDSHIFT_CMB: 0.08259347254915761
REDSHIFT_CMB_ERR: 0.001
PEAKMJD: 0
FILTERS: g_PS1,i_PS1,r_PS1,z_PS1
# -----------------------------------------------------------
NOBS: 48
NVAR: 6
VARLIST: MJD FLT FLUXCAL FLUXCALERR MAG MAGERR
OBS: -8.660747780393262 g_PS1 1837.9751 84.6419 19.33915096931673 0.05
OBS: -4.330373890196631 g_PS1 3215.0294 148.0576 18.73203762308684 0.05
OBS: 0.0 g_PS1 3777.3307 173.9525 18.557037482608724 0.05
OBS: 4.330373890196631 g_PS1 2968.0736 136.6848 18.81881334722624 0.05
OBS: 8.660747780393262 g_PS1 2185.7376 100.6569 19.151004924226093 0.05
OBS: 12.991121670589893 g_PS1 1413.8707 65.1112 19.623975787998198 0.05
OBS: 17.321495560786524 g_PS1 992.4067 45.702 20.00827573060191 0.05
OBS: 21.651869450983156 g_PS1 658.8933 30.3432 20.452962277050073 0.05
OBS: 25.982243341179785 g_PS1 523.4628 24.1064 20.702785510175527 0.05
OBS: 30.312617231376414 g_PS1 338.2039 15.5749 21.177053607972788 0.05
OBS: 34.64299112157305 g_PS1 298.844 13.7623 21.31138869599368 0.05
OBS: 38.97336501176968 g_PS1 259.5641 11.9534 21.464388631332376 0.05
OBS: -8.660747780393262 r_PS1 1348.0593 62.0804 19.67572750891302 0.05
OBS: -4.330373890196631 r_PS1 2331.1038 107.3513 19.08109596622335 0.05
OBS: 0.0 r_PS1 2898.0679 133.461 18.844728591801985 0.05
OBS: 4.330373890196631 r_PS1 2590.7053 119.3064 18.966454956505448 0.05
OBS: 8.660747780393262 r_PS1 2031.343 93.5468 19.2305418523656 0.05
OBS: 12.991121670589893 r_PS1 1855.7929 85.4624 19.32867621719888 0.05
OBS: 17.321495560786524 r_PS1 1462.2725 67.3401 19.58742921537856 0.05
OBS: 21.651869450983156 r_PS1 1379.0364 63.507 19.65106067812761 0.05
OBS: 25.982243341179785 r_PS1 1120.9716 51.6227 19.87601343046716 0.05
OBS: 30.312617231376414 r_PS1 802.2554 36.9452 20.239218353724823 0.05
OBS: 34.64299112157305 r_PS1 594.283 27.3677 20.565016718968202 0.05
OBS: 38.97336501176968 r_PS1 518.39 23.8727 20.71335850612047 0.05
OBS: -8.660747780393262 i_PS1 1259.8882 58.02 19.749169993004205 0.05
OBS: -4.330373890196631 i_PS1 1897.2622 87.3722 19.30468164310297 0.05
OBS: 0.0 i_PS1 2196.346 101.1455 19.14574811400698 0.05
OBS: 4.330373890196631 i_PS1 1750.4748 80.6123 19.392110347945195 0.05
OBS: 8.660747780393262 i_PS1 1302.4308 59.9792 19.713113374339507 0.05
OBS: 12.991121670589893 i_PS1 986.661 45.4374 20.01458008733799 0.05
OBS: 17.321495560786524 i_PS1 1126.4484 51.8749 19.870721760364425 0.05
OBS: 21.651869450983156 i_PS1 1213.6484 55.8906 19.789767773103154 0.05
OBS: 25.982243341179785 i_PS1 1160.291 53.4334 19.83858271424514 0.05
OBS: 30.312617231376414 i_PS1 844.418 38.8869 20.183606274030193 0.05
OBS: 34.64299112157305 i_PS1 774.0029 35.6441 20.27814355786364 0.05
OBS: 38.97336501176968 i_PS1 540.6061 24.8958 20.667797697260717 0.05
OBS: -8.660747780393262 z_PS1 1106.7771 50.969 19.88984960738362 0.05
OBS: -4.330373890196631 z_PS1 1543.2641 71.0699 19.52889935903112 0.05
OBS: 0.0 z_PS1 1759.9865 81.0504 19.386226647903495 0.05
OBS: 4.330373890196631 z_PS1 1509.9192 69.5343 19.552615714619844 0.05
OBS: 8.660747780393262 z_PS1 991.0111 45.6377 20.009803662369794 0.05
OBS: 12.991121670589893 z_PS1 773.9712 35.6427 20.27818800823985 0.05
OBS: 17.321495560786524 z_PS1 804.8451 37.0645 20.23571927003514 0.05
OBS: 21.651869450983156 z_PS1 755.2618 34.7811 20.304756215553112 0.05
OBS: 25.982243341179785 z_PS1 864.0503 39.791 20.15865243953122 0.05
OBS: 30.312617231376414 z_PS1 747.2989 34.4144 20.31626411086601 0.05
OBS: 34.64299112157305 z_PS1 636.4674 29.3104 20.49055961758275 0.05
OBS: 38.97336501176968 z_PS1 498.1047 22.9386 20.756698428163773 0.05
END: