# 9579 
# SNANA-like file generated from user-provided data
# Zeropoint of the converted SNANA file: 27.5 mag
# -----------------------------------------------------------
# Data table created by: anonymous
# On date: 2023.03.14 (yyyy.mm.dd); 23.58 hrs (GMT).
# Script used: BayeSNmodel.io.write_snana_lcfile.py
# -----------------------------------------------------------
SNID: 9579
MWEBV: 0
REDSHIFT_HELIO: 0.08397504125098475
REDSHIFT_CMB: 0.08397504125098475
REDSHIFT_CMB_ERR: 0.001
PEAKMJD: 0
FILTERS: g_PS1,i_PS1,r_PS1,z_PS1
# -----------------------------------------------------------
NOBS: 48
NVAR: 6
VARLIST: MJD FLT FLUXCAL FLUXCALERR MAG MAGERR
OBS: -8.671800330007878 g_PS1 1397.8286 64.3724 19.63636521538195 0.05
OBS: -4.335900165003939 g_PS1 1950.8617 89.8405 19.274433800558004 0.05
OBS: 0.0 g_PS1 2116.6935 97.4773 19.185855066618767 0.05
OBS: 4.335900165003939 g_PS1 1909.0282 87.914 19.297969134738956 0.05
OBS: 8.671800330007878 g_PS1 1413.0636 65.074 19.62459569743499 0.05
OBS: 13.007700495011818 g_PS1 952.3323 43.8565 20.053028747153572 0.05
OBS: 17.343600660015756 g_PS1 519.5869 23.9279 20.71085460536818 0.05
OBS: 21.679500825019694 g_PS1 332.8453 15.3281 21.194393793620108 0.05
OBS: 26.015400990023636 g_PS1 222.4475 10.2441 21.63193134098919 0.05
OBS: 30.351301155027574 g_PS1 179.7462 8.2776 21.86335044649926 0.05
OBS: 34.68720132003151 g_PS1 163.6103 7.5345 21.96547343314585 0.05
OBS: 39.023101485035454 g_PS1 140.4378 6.4674 22.131289899878794 0.05
OBS: -8.671800330007878 r_PS1 1165.7043 53.6827 19.833528968699056 0.05
OBS: -4.335900165003939 r_PS1 1721.1552 79.2621 19.410449938525957 0.05
OBS: 0.0 r_PS1 2073.2007 95.4744 19.208396609177928 0.05
OBS: 4.335900165003939 r_PS1 2292.2629 105.5626 19.09933895469317 0.05
OBS: 8.671800330007878 r_PS1 1946.3292 89.6318 19.276959231927485 0.05
OBS: 13.007700495011818 r_PS1 1500.7372 69.1115 19.559238407931527 0.05
OBS: 17.343600660015756 r_PS1 1001.0864 46.1017 19.998821065468135 0.05
OBS: 21.679500825019694 r_PS1 775.8378 35.7287 20.275572660190797 0.05
OBS: 26.015400990023636 r_PS1 598.7499 27.5735 20.556886351529375 0.05
OBS: 30.351301155027574 r_PS1 456.2586 21.0115 20.851972359831933 0.05
OBS: 34.68720132003151 r_PS1 419.4656 19.3171 20.943259188238894 0.05
OBS: 39.023101485035454 r_PS1 328.9137 15.147 21.2072949781638 0.05
OBS: -8.671800330007878 i_PS1 1096.7502 50.5072 19.899730692979194 0.05
OBS: -4.335900165003939 i_PS1 1607.272 74.0176 19.48477654808952 0.05
OBS: 0.0 i_PS1 1814.0552 83.5403 19.35337376239273 0.05
OBS: 4.335900165003939 i_PS1 1852.5443 85.3128 19.33057848047161 0.05
OBS: 8.671800330007878 i_PS1 1379.5692 63.5315 19.65064123749803 0.05
OBS: 13.007700495011818 i_PS1 1211.471 55.7903 19.79171743768416 0.05
OBS: 17.343600660015756 i_PS1 1097.49 50.5413 19.898998554528976 0.05
OBS: 21.679500825019694 i_PS1 1042.5256 48.0101 19.9547831905605 0.05
OBS: 26.015400990023636 i_PS1 856.8674 39.4602 20.16771598704856 0.05
OBS: 30.351301155027574 i_PS1 709.8774 32.6911 20.372041563903363 0.05
OBS: 34.68720132003151 i_PS1 510.9169 23.5286 20.729124411594892 0.05
OBS: 39.023101485035454 i_PS1 404.9884 18.6504 20.981393576472907 0.05
OBS: -8.671800330007878 z_PS1 889.2954 40.9536 20.12738486327047 0.05
OBS: -4.335900165003939 z_PS1 1397.6366 64.3635 19.63651435703045 0.05
OBS: 0.0 z_PS1 1371.4258 63.1565 19.6570691727543 0.05
OBS: 4.335900165003939 z_PS1 1125.2488 51.8196 19.87187864761411 0.05
OBS: 8.671800330007878 z_PS1 884.8919 40.7508 20.132774490535535 0.05
OBS: 13.007700495011818 z_PS1 710.84 32.7354 20.370570292554497 0.05
OBS: 17.343600660015756 z_PS1 727.6371 33.5089 20.34521296059595 0.05
OBS: 21.679500825019694 z_PS1 775.251 35.7016 20.27639415926102 0.05
OBS: 26.015400990023636 z_PS1 807.3284 37.1788 20.232374431395275 0.05
OBS: 30.351301155027574 z_PS1 647.997 29.8414 20.47106751548205 0.05
OBS: 34.68720132003151 z_PS1 491.8539 22.6507 20.770409673984837 0.05
OBS: 39.023101485035454 z_PS1 356.228 16.4049 21.12067981769782 0.05
END: