# 9663 
# SNANA-like file generated from user-provided data
# Zeropoint of the converted SNANA file: 27.5 mag
# -----------------------------------------------------------
# Data table created by: anonymous
# On date: 2023.03.14 (yyyy.mm.dd); 23.58 hrs (GMT).
# Script used: BayeSNmodel.io.write_snana_lcfile.py
# -----------------------------------------------------------
SNID: 9663
MWEBV: 0
REDSHIFT_HELIO: 0.07054430944937005
REDSHIFT_CMB: 0.07054430944937005
REDSHIFT_CMB_ERR: 0.001
PEAKMJD: 0
FILTERS: g_PS1,i_PS1,r_PS1,z_PS1
# -----------------------------------------------------------
NOBS: 48
NVAR: 6
VARLIST: MJD FLT FLUXCAL FLUXCALERR MAG MAGERR
OBS: -8.56435447559496 g_PS1 2894.6963 133.3057 18.845992492121646 0.05
OBS: -4.28217723779748 g_PS1 4643.3487 213.8341 18.332921754809394 0.05
OBS: 0.0 g_PS1 5089.2812 234.3701 18.2333588905469 0.05
OBS: 4.28217723779748 g_PS1 4156.2452 191.4022 18.4532470927982 0.05
OBS: 8.56435447559496 g_PS1 3366.3905 155.028 18.682088767782602 0.05
OBS: 12.84653171339244 g_PS1 2490.1756 114.6768 19.009425064110594 0.05
OBS: 17.12870895118992 g_PS1 1639.1836 75.4872 19.46343099547421 0.05
OBS: 21.4108861889874 g_PS1 1184.7777 54.561 19.81590782416579 0.05
OBS: 25.69306342678488 g_PS1 934.6239 43.041 20.07340781413492 0.05
OBS: 29.975240664582362 g_PS1 735.6477 33.8778 20.3333252591471 0.05
OBS: 34.25741790237984 g_PS1 586.5161 27.0101 20.5793000648255 0.05
OBS: 38.539595140177326 g_PS1 471.4479 21.711 20.816415791312192 0.05
OBS: -8.56435447559496 r_PS1 2866.1635 131.9917 18.856747578822457 0.05
OBS: -4.28217723779748 r_PS1 3833.1307 176.5222 18.54111592769799 0.05
OBS: 0.0 r_PS1 4222.0707 194.4335 18.4361862372359 0.05
OBS: 4.28217723779748 r_PS1 4399.7984 202.6182 18.39141805342013 0.05
OBS: 8.56435447559496 r_PS1 3509.6513 161.6254 18.636840066948707 0.05
OBS: 12.84653171339244 r_PS1 3011.4735 138.6835 18.80305238440006 0.05
OBS: 17.12870895118992 r_PS1 2467.8808 113.6501 19.01918956471906 0.05
OBS: 21.4108861889874 r_PS1 2073.3932 95.4833 19.208295825716505 0.05
OBS: 25.69306342678488 r_PS1 1911.6077 88.0328 19.296503078157354 0.05
OBS: 29.975240664582362 r_PS1 1489.4783 68.593 19.56741458282418 0.05
OBS: 34.25741790237984 r_PS1 1215.0 55.9528 19.78855934376529 0.05
OBS: 38.539595140177326 r_PS1 907.2802 41.7818 20.10564647204082 0.05
OBS: -8.56435447559496 i_PS1 2509.2179 115.5538 19.00115407088198 0.05
OBS: -4.28217723779748 i_PS1 3115.4168 143.4702 18.766209601784084 0.05
OBS: 0.0 i_PS1 2851.4296 131.3132 18.862343382821408 0.05
OBS: 4.28217723779748 i_PS1 2709.8183 124.7917 18.917649552055877 0.05
OBS: 8.56435447559496 i_PS1 2014.1821 92.7565 19.239753169788045 0.05
OBS: 12.84653171339244 i_PS1 1541.7766 71.0014 19.529946343109877 0.05
OBS: 17.12870895118992 i_PS1 1530.2516 70.4707 19.538092871064954 0.05
OBS: 21.4108861889874 i_PS1 1572.9287 72.436 19.50822740198171 0.05
OBS: 25.69306342678488 i_PS1 1678.8175 77.3124 19.43749125923275 0.05
OBS: 29.975240664582362 i_PS1 1537.456 70.8025 19.532993266047182 0.05
OBS: 34.25741790237984 i_PS1 1262.511 58.1408 19.74691203496908 0.05
OBS: 38.539595140177326 i_PS1 1036.5914 47.7368 19.96098103437624 0.05
OBS: -8.56435447559496 z_PS1 2041.3748 94.0088 19.225193140687363 0.05
OBS: -4.28217723779748 z_PS1 2244.7575 103.3749 19.122076411612085 0.05
OBS: 0.0 z_PS1 2206.9249 101.6326 19.140531089477555 0.05
OBS: 4.28217723779748 z_PS1 2026.197 93.3098 19.233295804579736 0.05
OBS: 8.56435447559496 z_PS1 1448.6548 66.713 19.597587758255045 0.05
OBS: 12.84653171339244 z_PS1 1242.1288 57.2021 19.764583406410676 0.05
OBS: 17.12870895118992 z_PS1 1184.5169 54.549 19.816146847430193 0.05
OBS: 21.4108861889874 z_PS1 1191.4368 54.8677 19.80982248385445 0.05
OBS: 25.69306342678488 z_PS1 1225.6646 56.4439 19.77907087607701 0.05
OBS: 29.975240664582362 z_PS1 1210.8928 55.7637 19.792235728077266 0.05
OBS: 34.25741790237984 z_PS1 962.1778 44.3099 20.04186170420665 0.05
OBS: 38.539595140177326 z_PS1 915.781 42.1733 20.095520905708373 0.05
END: