# 9845 
# SNANA-like file generated from user-provided data
# Zeropoint of the converted SNANA file: 27.5 mag
# -----------------------------------------------------------
# Data table created by: anonymous
# On date: 2023.03.14 (yyyy.mm.dd); 23.58 hrs (GMT).
# Script used: BayeSNmodel.io.write_snana_lcfile.py
# -----------------------------------------------------------
SNID: 9845
MWEBV: 0
REDSHIFT_HELIO: 0.0892670450864074
REDSHIFT_CMB: 0.0892670450864074
REDSHIFT_CMB_ERR: 0.001
PEAKMJD: 0
FILTERS: g_PS1,i_PS1,r_PS1,z_PS1
# -----------------------------------------------------------
NOBS: 48
NVAR: 6
VARLIST: MJD FLT FLUXCAL FLUXCALERR MAG MAGERR
OBS: -8.71413636069126 g_PS1 1914.3733 88.1601 19.294933439441724 0.05
OBS: -4.35706818034563 g_PS1 3046.5567 140.2991 18.790476851486236 0.05
OBS: 0.0 g_PS1 3198.2336 147.2841 18.73772455039097 0.05
OBS: 4.35706818034563 g_PS1 3036.4993 139.836 18.794067022703814 0.05
OBS: 8.71413636069126 g_PS1 2314.2342 106.5744 19.0889817546468 0.05
OBS: 13.07120454103689 g_PS1 1741.9671 80.2205 19.397400127076317 0.05
OBS: 17.42827272138252 g_PS1 1278.2554 58.8658 19.733455878610695 0.05
OBS: 21.785340901728148 g_PS1 832.8654 38.3549 20.19856297368357 0.05
OBS: 26.14240908207378 g_PS1 538.6578 24.8061 20.671717542511168 0.05
OBS: 30.49947726241941 g_PS1 367.9982 16.9469 21.085385816488785 0.05
OBS: 34.85654544276504 g_PS1 311.2199 14.3322 21.26733161826083 0.05
OBS: 39.21361362311067 g_PS1 272.2899 12.5394 21.412420988332023 0.05
OBS: -8.71413636069126 r_PS1 1861.7301 85.7358 19.325208205739163 0.05
OBS: -4.35706818034563 r_PS1 2911.5829 134.0833 18.839677082584323 0.05
OBS: 0.0 r_PS1 3227.8338 148.6472 18.72772207309961 0.05
OBS: 4.35706818034563 r_PS1 2930.7165 134.9645 18.83256547074978 0.05
OBS: 8.71413636069126 r_PS1 2476.3636 114.0408 19.015463977190752 0.05
OBS: 13.07120454103689 r_PS1 1857.8804 85.5586 19.32745559109297 0.05
OBS: 17.42827272138252 r_PS1 1659.6541 76.4299 19.449956052126083 0.05
OBS: 21.785340901728148 r_PS1 1426.2625 65.6818 19.614501368176054 0.05
OBS: 26.14240908207378 r_PS1 1237.367 56.9829 19.76875369422625 0.05
OBS: 30.49947726241941 r_PS1 894.7461 41.2046 20.120750498734967 0.05
OBS: 34.85654544276504 r_PS1 776.7383 35.7701 20.274313202956456 0.05
OBS: 39.21361362311067 r_PS1 613.7611 28.2647 20.530001576281915 0.05
OBS: -8.71413636069126 i_PS1 1471.4635 67.7634 19.580626285562776 0.05
OBS: -4.35706818034563 i_PS1 2212.5621 101.8923 19.137761306196253 0.05
OBS: 0.0 i_PS1 2200.1328 101.3199 19.143877782622415 0.05
OBS: 4.35706818034563 i_PS1 1898.1629 87.4136 19.304166308715605 0.05
OBS: 8.71413636069126 i_PS1 1375.839 63.3597 19.653580939453033 0.05
OBS: 13.07120454103689 i_PS1 1192.3919 54.9117 19.80895247892662 0.05
OBS: 17.42827272138252 i_PS1 1081.5781 49.8085 19.91485526313235 0.05
OBS: 21.785340901728148 i_PS1 1051.9087 48.4422 19.945054878093647 0.05
OBS: 26.14240908207378 i_PS1 1335.6156 61.5074 19.68579630495344 0.05
OBS: 30.49947726241941 i_PS1 1281.703 59.0246 19.730531476338378 0.05
OBS: 34.85654544276504 i_PS1 1043.9993 48.0779 19.953249532165845 0.05
OBS: 39.21361362311067 i_PS1 774.8921 35.6851 20.276896910975488 0.05
OBS: -8.71413636069126 z_PS1 1340.2508 61.7208 19.6820348308751 0.05
OBS: -4.35706818034563 z_PS1 1773.9122 81.6917 19.37766968742745 0.05
OBS: 0.0 z_PS1 1559.9211 71.837 19.517243409127804 0.05
OBS: 4.35706818034563 z_PS1 1216.999 56.0449 19.786774429998275 0.05
OBS: 8.71413636069126 z_PS1 861.1031 39.6553 20.162362079421793 0.05
OBS: 13.07120454103689 z_PS1 650.2361 29.9445 20.467322378394257 0.05
OBS: 17.42827272138252 z_PS1 636.4158 29.308 20.490647649716408 0.05
OBS: 21.785340901728148 z_PS1 737.4583 33.9612 20.330656299839053 0.05
OBS: 26.14240908207378 z_PS1 854.3891 39.3461 20.170860721438686 0.05
OBS: 30.49947726241941 z_PS1 849.3 39.1117 20.177347206261583 0.05
OBS: 34.85654544276504 z_PS1 822.609 37.8825 20.212016401478532 0.05
OBS: 39.21361362311067 z_PS1 649.8206 29.9253 20.468016316822222 0.05
END: